U1/V	IA/nA
0,02	0,48
0,04	0,47
0,07	0,45
0,09	0,48
0,12	0,45
0,14	0,47
0,17	0,45
0,19	0,45
0,21	0,43
0,24	0,45
0,26	0,40
0,29	0,43
0,31	0,40
0,34	0,41
0,36	0,43
0,39	0,44
0,41	0,44
0,43	0,47
0,46	0,44
0,48	0,47
0,51	0,47
0,53	0,47
0,56	0,46
0,58	0,45
0,61	0,42
0,63	0,43
0,65	0,41
0,68	0,41
0,70	0,41
0,73	0,40
0,75	0,42
0,78	0,43
0,80	0,43
0,83	0,47
0,85	0,47
0,87	0,46
0,90	0,47
0,92	0,43
0,95	0,44
0,97	0,44
1,00	0,42
1,02	0,42
1,05	0,42
1,07	0,41
1,09	0,45
1,12	0,44
1,14	0,46
1,17	0,44
1,19	0,46
1,22	0,45
1,24	0,48
1,26	0,45
1,29	0,46
1,31	0,44
1,34	0,46
1,36	0,45
1,39	0,45
1,41	0,43
1,44	0,45
1,46	0,43
1,48	0,45
1,51	0,44
1,53	0,44
1,56	0,47
1,58	0,48
1,61	0,46
1,63	0,49
1,66	0,45
1,68	0,46
1,70	0,44
1,73	0,43
1,75	0,43
1,78	0,43
1,80	0,40
1,83	0,44
1,85	0,43
1,88	0,44
1,90	0,44
1,92	0,45
1,95	0,46
1,97	0,47
2,00	0,44
2,02	0,46
2,05	0,45
2,07	0,46
2,10	0,45
2,12	0,41
2,14	0,40
2,17	0,42
2,19	0,40
2,22	0,42
2,24	0,42
2,27	0,41
2,29	0,46
2,31	0,46
2,34	0,46
2,36	0,47
2,39	0,44
2,41	0,43
2,44	0,44
2,46	0,41
2,49	0,43
2,51	0,42
2,53	0,43
2,56	0,44
2,58	0,44
2,61	0,42
2,63	0,44
2,66	0,43
2,68	0,45
2,71	0,43
2,73	0,42
2,75	0,42
2,78	0,44
2,80	0,42
2,83	0,45
2,85	0,40
2,88	0,42
2,90	0,41
2,93	0,43
2,95	0,41
2,97	0,43
3,00	0,39
3,02	0,46
3,05	0,44
3,07	0,46
3,10	0,44
3,12	0,44
3,15	0,42
3,17	0,45
3,19	0,40
3,22	0,43
3,24	0,39
3,27	0,41
3,29	0,41
3,32	0,44
3,34	0,42
3,36	0,45
3,39	0,43
3,41	0,47
3,44	0,46
3,46	0,47
3,49	0,45
3,51	0,46
3,54	0,43
3,56	0,46
3,58	0,42
3,61	0,43
3,63	0,43
3,66	0,43
3,68	0,43
3,71	0,45
3,73	0,43
3,76	0,49
3,78	0,47
3,80	0,47
3,83	0,46
3,85	0,46
3,88	0,47
3,90	0,47
3,93	0,44
3,95	0,44
3,98	0,43
4,00	0,43
4,02	0,44
4,05	0,43
4,07	0,43
4,10	0,43
4,12	0,43
4,15	0,44
4,17	0,44
4,20	0,42
4,22	0,43
4,24	0,42
4,27	0,42
4,29	0,43
4,32	0,43
4,34	0,43
4,37	0,45
4,39	0,43
4,42	0,44
4,44	0,43
4,46	0,44
4,49	0,45
4,51	0,46
4,54	0,43
4,56	0,45
4,59	0,44
4,61	0,46
4,63	0,44
4,66	0,46
4,68	0,44
4,71	0,44
4,73	0,43
4,76	0,46
4,78	0,43
4,81	0,44
4,83	0,42
4,85	0,44
4,88	0,44
4,90	0,46
4,93	0,43
4,95	0,46
4,98	0,44
5,00	0,45
5,03	0,44
5,05	0,44
5,07	0,43
5,10	0,45
5,12	0,43
5,15	0,45
5,17	0,44
5,20	0,45
5,22	0,45
5,25	0,46
5,27	0,45
5,29	0,46
5,32	0,45
5,34	0,46
5,37	0,44
5,39	0,44
5,42	0,43
5,44	0,43
5,47	0,42
5,49	0,43
5,51	0,42
5,54	0,43
5,56	0,43
5,59	0,44
5,61	0,45
5,64	0,45
5,66	0,44
5,68	0,43
5,71	0,43
5,73	0,43
5,76	0,45
5,78	0,42
5,81	0,42
5,83	0,43
5,86	0,45
5,88	0,45
5,90	0,46
5,93	0,43
5,95	0,46
5,98	0,43
6,00	0,45
6,03	0,44
6,05	0,45
6,08	0,42
6,10	0,44
6,12	0,43
6,15	0,47
6,17	0,43
6,20	0,44
6,22	0,42
6,25	0,44
6,27	0,41
6,30	0,44
6,32	0,41
6,34	0,45
6,37	0,43
6,39	0,45
6,42	0,44
6,44	0,47
6,47	0,44
6,49	0,47
6,52	0,46
6,54	0,49
6,56	0,48
6,59	0,47
6,61	0,47
6,64	0,49
6,66	0,46
6,69	0,48
6,71	0,45
6,73	0,46
6,76	0,45
6,78	0,46
6,81	0,45
6,83	0,46
6,86	0,44
6,88	0,46
6,91	0,43
6,93	0,45
6,95	0,44
6,98	0,46
7,00	0,44
7,03	0,45
7,05	0,44
7,08	0,46
7,10	0,46
7,13	0,45
7,15	0,45
7,17	0,45
7,20	0,44
7,22	0,46
7,25	0,47
7,27	0,47
7,30	0,48
7,32	0,47
7,35	0,48
7,37	0,48
7,39	0,48
7,42	0,47
7,44	0,46
7,47	0,44
7,49	0,45
7,52	0,43
7,54	0,44
7,57	0,42
7,59	0,44
7,61	0,43
7,64	0,42
7,66	0,41
7,69	0,44
7,71	0,43
7,74	0,45
7,76	0,43
7,78	0,44
7,81	0,44
7,83	0,47
7,86	0,45
7,88	0,47
7,91	0,44
7,93	0,46
7,96	0,46
7,98	0,48
8,00	0,46
8,03	0,47
8,05	0,44
8,08	0,47
8,10	0,46
8,13	0,46
8,15	0,44
8,18	0,45
8,20	0,42
8,22	0,45
8,25	0,43
8,27	0,44
8,30	0,42
8,32	0,44
8,35	0,43
8,37	0,44
8,40	0,42
8,42	0,45
8,44	0,42
8,47	0,45
8,49	0,44
8,52	0,45
8,54	0,46
8,57	0,48
8,59	0,44
8,62	0,46
8,64	0,44
8,66	0,45
8,69	0,49
8,71	0,49
8,74	0,48
8,76	0,49
8,79	0,48
8,81	0,52
8,84	0,51
8,86	0,46
8,88	0,46
8,91	0,45
8,93	0,45
8,96	0,46
8,98	0,44
9,01	0,44
9,03	0,44
9,05	0,44
9,08	0,46
9,10	0,47
9,13	0,47
9,15	0,48
9,18	0,49
9,20	0,48
9,23	0,49
9,25	0,48
9,27	0,49
9,30	0,48
9,32	0,47
9,35	0,47
9,37	0,49
9,40	0,47
9,42	0,51
9,45	0,49
9,47	0,50
9,49	0,49
9,52	0,51
9,54	0,50
9,57	0,53
9,59	0,48
9,62	0,51
9,64	0,48
9,67	0,51
9,69	0,48
9,71	0,48
9,74	0,47
9,76	0,48
9,79	0,45
9,81	0,49
9,84	0,45
9,86	0,47
9,89	0,47
9,91	0,48
9,93	0,47
9,96	0,50
9,98	0,47
10,01	0,50
10,03	0,50
10,06	0,50
10,08	0,49
10,10	0,50
10,13	0,49
10,15	0,54
10,18	0,53
10,20	0,55
10,23	0,54
10,25	0,55
10,28	0,56
10,30	0,56
10,32	0,52
10,35	0,54
10,37	0,51
10,40	0,51
10,42	0,50
10,45	0,48
10,47	0,48
10,50	0,49
10,52	0,49
10,54	0,50
10,57	0,48
10,59	0,49
10,62	0,52
10,64	0,52
10,67	0,52
10,69	0,51
10,72	0,51
10,74	0,52
10,76	0,53
10,79	0,50
10,81	0,51
10,84	0,48
10,86	0,49
10,89	0,51
10,91	0,52
10,94	0,52
10,96	0,54
10,98	0,52
11,01	0,56
11,03	0,55
11,06	0,56
11,08	0,54
11,11	0,54
11,13	0,52
11,15	0,54
11,18	0,50
11,20	0,52
11,23	0,49
11,25	0,50
11,28	0,49
11,30	0,52
11,33	0,51
11,35	0,56
11,37	0,53
11,40	0,56
11,42	0,54
11,45	0,58
11,47	0,56
11,50	0,58
11,52	0,53
11,55	0,56
11,57	0,53
11,59	0,55
11,62	0,54
11,64	0,56
11,67	0,53
11,69	0,56
11,72	0,53
11,74	0,58
11,77	0,57
11,79	0,57
11,81	0,55
11,84	0,54
11,86	0,53
11,89	0,55
11,91	0,52
11,94	0,52
11,96	0,50
11,99	0,51
12,01	0,53
12,03	0,54
12,06	0,54
12,08	0,56
12,11	0,55
12,13	0,56
12,16	0,56
12,18	0,57
12,21	0,56
12,23	0,56
12,25	0,54
12,28	0,54
12,30	0,55
12,33	0,56
12,35	0,57
12,38	0,56
12,40	0,57
12,42	0,57
12,45	0,58
12,47	0,60
12,50	0,59
12,52	0,58
12,55	0,59
12,57	0,57
12,60	0,57
12,62	0,57
12,64	0,57
12,67	0,56
12,69	0,56
12,72	0,55
12,74	0,60
12,77	0,59
12,79	0,60
12,82	0,60
12,84	0,62
12,86	0,60
12,89	0,63
12,91	0,61
12,94	0,63
12,96	0,61
12,99	0,61
13,01	0,61
13,04	0,63
13,06	0,61
13,08	0,63
13,11	0,61
13,13	0,64
13,16	0,63
13,18	0,63
13,21	0,64
13,23	0,66
13,26	0,64
13,28	0,66
13,30	0,61
13,33	0,64
13,35	0,62
13,38	0,63
13,40	0,62
13,43	0,63
13,45	0,61
13,47	0,65
13,50	0,63
13,52	0,64
13,55	0,65
13,57	0,66
13,60	0,66
13,62	0,69
13,65	0,67
13,67	0,68
13,69	0,68
13,72	0,67
13,74	0,67
13,77	0,66
13,79	0,65
13,82	0,66
13,84	0,66
13,87	0,67
13,89	0,66
13,91	0,65
13,94	0,68
13,96	0,68
13,99	0,68
14,01	0,69
14,04	0,67
14,06	0,67
14,09	0,67
14,11	0,65
14,13	0,67
14,16	0,65
14,18	0,66
14,21	0,68
14,23	0,69
14,26	0,69
14,28	0,72
14,31	0,71
14,33	0,73
14,35	0,71
14,38	0,72
14,40	0,72
14,43	0,74
14,45	0,70
14,48	0,73
14,50	0,69
14,52	0,70
14,55	0,69
14,57	0,70
14,60	0,69
14,62	0,72
14,65	0,69
14,67	0,75
14,70	0,74
14,72	0,76
14,74	0,74
14,77	0,73
14,79	0,71
14,82	0,73
14,84	0,69
14,87	0,72
14,89	0,68
14,92	0,69
14,94	0,69
14,96	0,71
14,99	0,70
15,01	0,72
15,04	0,70
15,06	0,73
15,09	0,72
15,11	0,73
15,14	0,72
15,16	0,73
15,18	0,71
15,21	0,73
15,23	0,71
15,26	0,72
15,28	0,72
15,31	0,73
15,33	0,73
15,36	0,74
15,38	0,74
15,40	0,79
15,43	0,78
15,45	0,77
15,48	0,76
15,50	0,74
15,53	0,74
15,55	0,74
15,57	0,71
15,60	0,71
15,62	0,71
15,65	0,71
15,67	0,75
15,70	0,75
15,72	0,75
15,75	0,74
15,77	0,75
15,79	0,74
15,82	0,76
15,84	0,75
15,87	0,76
15,89	0,74
15,92	0,76
15,94	0,76
15,97	0,77
15,99	0,75
16,01	0,76
16,04	0,74
16,06	0,76
16,09	0,75
16,11	0,76
16,14	0,77
16,16	0,79
16,19	0,76
16,21	0,80
16,23	0,77
16,26	0,80
16,28	0,78
16,31	0,79
16,33	0,77
16,36	0,78
16,38	0,75
16,41	0,79
16,43	0,76
16,45	0,78
16,48	0,75
16,50	0,78
16,53	0,77
16,55	0,80
16,58	0,78
16,60	0,81
16,63	0,79
16,65	0,82
16,67	0,80
16,70	0,80
16,72	0,78
16,75	0,79
16,77	0,77
16,80	0,79
16,82	0,78
16,84	0,79
16,87	0,81
16,89	0,82
16,92	0,81
16,94	0,84
16,97	0,82
16,99	0,82
17,02	0,81
17,04	0,79
17,06	0,80
17,09	0,80
17,11	0,80
17,14	0,81
17,16	0,81
17,19	0,82
17,21	0,84
17,24	0,84
17,26	0,86
17,28	0,85
17,31	0,85
17,33	0,85
17,36	0,85
17,38	0,85
17,41	0,87
17,43	0,84
17,46	0,85
17,48	0,85
17,50	0,86
17,53	0,87
17,55	0,88
17,58	0,86
17,60	0,90
17,63	0,89
17,65	0,91
17,68	0,90
17,70	0,92
17,72	0,90
17,75	0,91
17,77	0,90
17,80	0,93
17,82	0,90
17,85	0,92
17,87	0,91
17,89	0,93
17,92	0,91
17,94	0,94
17,97	0,93
17,99	0,97
18,02	0,96
18,04	0,98
18,07	0,97
18,09	1,01
18,11	0,98
18,14	1,02
18,16	0,99
18,19	1,01
18,21	0,99
18,24	1,01
18,26	0,99
18,29	1,02
18,31	1,00
18,33	1,04
18,36	1,02
18,38	1,05
18,41	1,04
18,43	1,05
18,46	1,05
18,48	1,06
18,51	1,03
18,53	1,04
18,55	1,01
18,58	1,02
18,60	1,03
18,63	1,04
18,65	1,04
18,68	1,06
18,70	1,05
18,73	1,07
18,75	1,07
18,77	1,07
18,80	1,07
18,82	1,06
18,85	1,06
18,87	1,09
18,90	1,09
18,92	1,09
18,94	1,08
18,97	1,08
18,99	1,09
19,02	1,09
19,04	1,09
19,07	1,10
19,09	1,10
19,12	1,08
19,14	1,10
19,16	1,09
19,19	1,10
19,21	1,09
19,24	1,09
19,26	1,09
19,29	1,09
19,31	1,07
19,34	1,11
19,36	1,09
19,38	1,10
19,41	1,09
19,43	1,10
19,46	1,11
19,48	1,14
19,51	1,10
19,53	1,12
19,56	1,09
19,58	1,11
19,60	1,10
19,63	1,12
19,65	1,09
19,68	1,12
19,70	1,10
19,73	1,14
19,75	1,12
19,78	1,13
19,80	1,12
19,82	1,12
19,85	1,09
19,87	1,11
19,90	1,08
19,92	1,09
19,95	1,06
19,97	1,07
19,99	1,07
20,02	1,06
20,04	1,03
20,07	1,06
20,09	1,03
20,12	1,05
20,14	1,04
20,17	1,05
20,19	1,06
20,21	1,08
20,24	1,05
20,26	1,05
20,29	1,05
20,31	1,05
20,34	1,07
20,36	1,06
20,39	1,05
20,41	1,07
20,43	1,08
20,46	1,09
20,48	1,10
20,51	1,07
20,53	1,08
20,56	1,07
20,58	1,06
20,61	1,06
20,63	1,05
20,65	1,04
20,68	1,04
20,70	1,03
20,73	1,06
20,75	1,04
20,78	1,04
20,80	1,04
20,83	1,04
20,85	1,04
20,87	1,05
20,90	1,03
20,92	1,06
20,95	1,05
20,97	1,06
21,00	1,05
21,02	1,06
21,05	1,05
21,07	1,10
21,09	1,08
21,12	1,09
21,14	1,08
21,17	1,11
21,19	1,11
21,22	1,12
21,24	1,09
21,26	1,12
21,29	1,09
21,31	1,12
21,34	1,09
21,36	1,10
21,39	1,08
21,41	1,11
21,44	1,08
21,46	1,12
21,48	1,09
21,51	1,12
21,53	1,13
21,56	1,16
21,58	1,15
21,61	1,18
21,63	1,15
21,66	1,19
21,68	1,18
21,70	1,18
21,73	1,16
21,75	1,18
21,78	1,16
21,80	1,21
21,83	1,20
21,85	1,23
21,88	1,22
21,90	1,24
21,92	1,26
21,95	1,26
21,97	1,25
22,00	1,27
22,02	1,26
22,05	1,27
22,07	1,27
22,10	1,26
22,12	1,28
22,14	1,27
22,17	1,27
22,19	1,28
22,22	1,29
22,24	1,30
22,27	1,35
22,29	1,35
22,31	1,37
22,34	1,38
22,36	1,39
22,39	1,39
22,41	1,41
22,44	1,39
22,46	1,42
22,49	1,42
22,51	1,43
22,53	1,46
22,56	1,48
22,58	1,48
22,61	1,51
22,63	1,49
22,66	1,52
22,68	1,51
22,71	1,52
22,73	1,52
22,75	1,53
22,78	1,51
22,80	1,53
22,83	1,52
22,85	1,55
22,88	1,53
22,90	1,55
22,93	1,54
22,95	1,58
22,97	1,57
23,00	1,61
23,02	1,58
23,05	1,61
23,07	1,60
23,10	1,63
23,12	1,61
23,15	1,64
23,17	1,60
23,19	1,64
23,22	1,61
23,24	1,64
23,27	1,65
23,29	1,66
23,32	1,66
23,34	1,69
23,36	1,67
23,39	1,71
23,41	1,70
23,44	1,69
23,46	1,69
23,49	1,68
23,51	1,67
23,54	1,68
23,56	1,67
23,58	1,67
23,61	1,66
23,63	1,65
23,66	1,67
23,68	1,68
23,71	1,67
23,73	1,70
23,76	1,69
23,78	1,70
23,80	1,71
23,83	1,71
23,85	1,71
23,88	1,70
23,90	1,67
23,93	1,67
23,95	1,67
23,98	1,67
24,00	1,69
24,02	1,68
24,05	1,68
24,07	1,67
24,10	1,67
24,12	1,68
24,15	1,67
24,17	1,63
24,20	1,64
24,22	1,60
24,24	1,62
24,27	1,60
24,29	1,60
24,32	1,59
24,34	1,58
24,37	1,56
24,39	1,60
24,42	1,57
24,44	1,59
24,46	1,58
24,49	1,59
24,51	1,58
24,54	1,61
24,56	1,58
24,59	1,59
24,61	1,56
24,63	1,55
24,66	1,53
24,68	1,54
24,71	1,50
24,73	1,53
24,76	1,51
24,78	1,53
24,81	1,51
24,83	1,52
24,85	1,52
24,88	1,53
24,90	1,50
24,93	1,51
24,95	1,47
24,98	1,48
25,00	1,45
25,03	1,45
25,05	1,43
25,07	1,44
25,10	1,41
25,12	1,43
25,15	1,42
25,17	1,43
25,20	1,44
25,22	1,44
25,25	1,44
25,27	1,45
25,29	1,43
25,32	1,43
25,34	1,43
25,37	1,41
25,39	1,41
25,42	1,39
25,44	1,38
25,47	1,39
25,49	1,39
25,51	1,40
25,54	1,40
25,56	1,39
25,59	1,42
25,61	1,41
25,64	1,41
25,66	1,41
25,68	1,40
25,71	1,38
25,73	1,39
25,76	1,37
25,78	1,39
25,81	1,37
25,83	1,39
25,86	1,40
25,88	1,41
25,90	1,40
25,93	1,44
25,95	1,44
25,98	1,46
26,00	1,44
26,03	1,46
26,05	1,46
26,08	1,49
26,10	1,47
26,12	1,50
26,15	1,48
26,17	1,51
26,20	1,50
26,22	1,54
26,25	1,53
26,27	1,56
26,30	1,53
26,32	1,60
26,34	1,59
26,37	1,61
26,39	1,60
26,42	1,61
26,44	1,61
26,47	1,66
26,49	1,63
26,52	1,66
26,54	1,64
26,56	1,67
26,59	1,69
26,61	1,71
26,64	1,71
26,66	1,76
26,69	1,76
26,71	1,82
26,73	1,84
26,76	1,87
26,78	1,87
26,81	1,89
26,83	1,87
26,86	1,90
26,88	1,90
26,91	1,93
26,93	1,94
26,95	1,96
26,98	1,98
27,00	2,00
27,03	2,01
27,05	2,07
27,08	2,08
27,10	2,09
27,13	2,11
27,15	2,11
27,17	2,14
27,20	2,14
27,22	2,14
27,25	2,15
27,27	2,15
27,30	2,17
27,32	2,23
27,35	2,23
27,37	2,28
27,39	2,30
27,42	2,33
27,44	2,35
27,47	2,38
27,49	2,38
27,52	2,41
27,54	2,40
27,57	2,40
27,59	2,42
27,61	2,44
27,64	2,43
27,66	2,46
27,69	2,45
27,71	2,49
27,74	2,49
27,76	2,51
27,78	2,54
27,81	2,58
27,83	2,56
27,86	2,59
27,88	2,55
27,91	2,59
27,93	2,57
27,96	2,58
27,98	2,56
28,00	2,58
28,03	2,57
28,05	2,62
28,08	2,59
28,10	2,62
28,13	2,60
28,15	2,62
28,18	2,62
28,20	2,63
28,22	2,59
28,25	2,61
28,27	2,59
28,30	2,60
28,32	2,59
28,35	2,57
28,37	2,56
28,40	2,58
28,42	2,57
28,44	2,58
28,47	2,58
28,49	2,57
28,52	2,58
28,54	2,57
28,57	2,54
28,59	2,54
28,62	2,50
28,64	2,48
28,66	2,46
28,69	2,44
28,71	2,44
28,74	2,42
28,76	2,41
28,79	2,42
28,81	2,41
28,84	2,39
28,86	2,38
28,88	2,37
28,91	2,38
28,93	2,36
28,96	2,35
28,98	2,33
29,01	2,33
29,03	2,31
29,05	2,31
29,08	2,27
29,10	2,26
29,13	2,23
29,15	2,23
29,18	2,22
29,20	2,22
29,23	2,17
29,25	2,20
29,27	2,17
29,30	2,18
29,32	2,15
29,35	2,14
29,37	2,10
29,40	2,11
29,42	2,06
29,45	2,07
29,47	2,02
29,49	2,02
29,52	2,00
29,54	2,01
29,57	1,98
29,59	2,00
29,62	1,97
29,64	1,99
29,67	1,97
29,69	1,98
29,71	1,95
29,74	1,95
29,76	1,92
29,79	1,93
29,81	1,89
29,84	1,90
29,86	1,88
29,89	1,88
29,91	1,86
29,93	1,87
29,96	1,84
29,98	1,88
30,01	1,86
30,03	1,86
30,06	1,84
30,08	1,85
30,10	1,84
30,13	1,87
30,15	1,84
30,18	1,84
30,20	1,82
30,23	1,82
30,25	1,82
30,28	1,84
30,30	1,83
30,32	1,84
30,35	1,84
30,37	1,86
30,40	1,86
30,42	1,86
30,45	1,86
30,47	1,85
30,50	1,85
30,52	1,87
30,54	1,88
30,57	1,89
30,59	1,90
30,62	1,90
30,64	1,93
30,67	1,93
30,69	1,93
30,72	1,94
30,74	1,95
30,76	1,94
30,79	1,97
30,81	1,96
30,84	1,99
30,86	2,00
30,89	2,04
30,91	2,05
30,94	2,06
30,96	2,06
30,98	2,12
31,01	2,12
31,03	2,15
31,06	2,14
31,08	2,17
31,11	2,21
31,13	2,26
31,15	2,24
31,18	2,29
31,20	2,30
31,23	2,35
31,25	2,38
31,28	2,40
31,30	2,41
31,33	2,46
31,35	2,46
31,37	2,51
31,40	2,52
31,42	2,55
31,45	2,59
31,47	2,63
31,50	2,63
31,52	2,69
31,55	2,70
31,57	2,73
31,59	2,76
31,62	2,80
31,64	2,81
31,67	2,84
31,69	2,87
31,72	2,92
31,74	2,94
31,77	2,98
31,79	3,00
31,81	3,07
31,84	3,11
31,86	3,14
31,89	3,15
31,91	3,20
31,94	3,23
31,96	3,27
31,99	3,32
32,01	3,34
32,03	3,38
32,06	3,41
32,08	3,44
32,11	3,48
32,13	3,51
32,16	3,52
32,18	3,55
32,20	3,55
32,23	3,59
32,25	3,62
32,28	3,64
32,30	3,65
32,33	3,69
32,35	3,70
32,38	3,76
32,40	3,73
32,42	3,75
32,45	3,76
32,47	3,78
32,50	3,78
32,52	3,81
32,55	3,81
32,57	3,87
32,60	3,86
32,62	3,88
32,64	3,87
32,67	3,90
32,69	3,89
32,72	3,94
32,74	3,92
32,77	3,94
32,79	3,93
32,82	3,95
32,84	3,94
32,86	3,95
32,89	3,90
32,91	3,93
32,94	3,90
32,96	3,91
32,99	3,88
33,01	3,88
33,04	3,85
33,06	3,86
33,08	3,82
33,11	3,83
33,13	3,79
33,16	3,78
33,18	3,78
33,21	3,78
33,23	3,75
33,26	3,76
33,28	3,72
33,30	3,74
33,33	3,71
33,35	3,68
33,38	3,65
33,40	3,62
33,43	3,57
33,45	3,58
33,47	3,54
33,50	3,53
33,52	3,50
33,55	3,48
33,57	3,47
33,60	3,45
33,62	3,41
33,65	3,38
33,67	3,35
33,69	3,31
33,72	3,28
33,74	3,24
33,77	3,22
33,79	3,19
33,82	3,16
33,84	3,14
33,87	3,09
33,89	3,06
33,91	3,06
33,94	3,03
33,96	3,00
33,99	2,95
34,01	2,92
34,04	2,90
34,06	2,90
34,09	2,85
34,11	2,84
34,13	2,80
34,16	2,78
34,18	2,77
34,21	2,77
34,23	2,73
34,26	2,73
34,28	2,68
34,31	2,69
34,33	2,66
34,35	2,65
34,38	2,61
34,40	2,59
34,43	2,55
34,45	2,55
34,48	2,50
34,50	2,50
34,52	2,46
34,55	2,44
34,57	2,42
34,60	2,42
34,62	2,40
34,65	2,42
34,67	2,38
34,70	2,40
34,72	2,38
34,74	2,38
34,77	2,37
34,79	2,38
34,82	2,33
34,84	2,35
34,87	2,32
34,89	2,33
34,92	2,34
34,94	2,34
34,96	2,32
34,99	2,34
35,01	2,33
35,04	2,36
35,06	2,36
35,09	2,34
35,11	2,35
35,14	2,36
35,16	2,36
35,18	2,38
35,21	2,37
35,23	2,38
35,26	2,38
35,28	2,39
35,31	2,42
35,33	2,43
35,36	2,44
35,38	2,47
35,40	2,49
35,43	2,50
35,45	2,54
35,48	2,55
35,50	2,58
35,53	2,60
35,55	2,61
35,57	2,64
35,60	2,68
35,62	2,68
35,65	2,74
35,67	2,76
35,70	2,80
35,72	2,83
35,75	2,86
35,77	2,89
35,79	2,94
35,82	2,93
35,84	2,98
35,87	2,99
35,89	3,04
35,92	3,07
35,94	3,11
35,97	3,14
35,99	3,18
36,01	3,20
36,04	3,27
36,06	3,30
36,09	3,35
36,11	3,41
36,14	3,46
36,16	3,50
36,19	3,57
36,21	3,59
36,23	3,65
36,26	3,69
36,28	3,73
36,31	3,77
36,33	3,83
36,36	3,85
36,38	3,95
36,41	3,99
36,43	4,06
36,45	4,10
36,48	4,17
36,50	4,24
36,53	4,31
36,55	4,33
36,58	4,40
36,60	4,42
36,62	4,48
36,65	4,51
36,67	4,55
36,70	4,59
36,72	4,64
36,75	4,68
36,77	4,74
36,80	4,78
36,82	4,84
36,84	4,91
36,87	4,96
36,89	5,00
36,92	5,05
36,94	5,08
36,97	5,12
36,99	5,17
37,02	5,18
37,04	5,23
37,06	5,25
37,09	5,28
37,11	5,35
37,14	5,38
37,16	5,41
37,19	5,44
37,21	5,45
37,24	5,52
37,26	5,53
37,28	5,53
37,31	5,55
37,33	5,56
37,36	5,56
37,38	5,58
37,41	5,56
37,43	5,60
37,46	5,60
37,48	5,62
37,50	5,62
37,53	5,64
37,55	5,61
37,58	5,64
37,60	5,60
37,63	5,62
37,65	5,59
37,68	5,60
37,70	5,58
37,72	5,59
37,75	5,54
37,77	5,55
37,80	5,49
37,82	5,48
37,85	5,46
37,87	5,45
37,89	5,41
37,92	5,39
37,94	5,34
37,97	5,35
37,99	5,31
38,02	5,27
38,04	5,22
38,07	5,18
38,09	5,13
38,11	5,11
38,14	5,04
38,16	5,01
38,19	4,94
38,21	4,91
38,24	4,88
38,26	4,84
38,29	4,78
38,31	4,77
38,33	4,71
38,36	4,69
38,38	4,63
38,41	4,60
38,43	4,55
38,46	4,50
38,48	4,42
38,51	4,38
38,53	4,32
38,55	4,28
38,58	4,23
38,60	4,18
38,63	4,13
38,65	4,09
38,68	4,05
38,70	4,03
38,73	3,98
38,75	3,93
38,77	3,89
38,80	3,83
38,82	3,79
38,85	3,75
38,87	3,69
38,90	3,65
38,92	3,60
38,94	3,56
38,97	3,55
38,99	3,50
39,02	3,46
39,04	3,44
39,07	3,41
39,09	3,38
39,12	3,37
39,14	3,34
39,16	3,32
39,19	3,29
39,21	3,25
39,24	3,21
39,26	3,19
39,29	3,15
39,31	3,14
39,34	3,09
39,36	3,10
39,38	3,06
39,41	3,07
39,43	3,06
39,46	3,05
39,48	3,02
39,51	3,04
39,53	2,99
39,56	3,01
39,58	2,97
39,60	2,97
39,63	2,95
39,65	2,95
39,68	2,93
39,70	2,97
39,73	2,95
39,75	2,98
39,78	3,00
39,80	3,01
39,82	3,01
39,85	3,04
39,87	3,01
39,90	3,03
39,92	3,03
39,95	3,03
39,97	3,04
39,99	3,06
40,02	3,05
40,04	3,09
40,07	3,11
40,09	3,15
40,12	3,17
40,14	3,19
40,17	3,25
40,19	3,27
40,21	3,30
40,24	3,33
40,26	3,35
40,29	3,37
40,31	3,40
40,34	3,41
40,36	3,46
40,39	3,49
40,41	3,53
40,43	3,57
40,46	3,62
40,48	3,65
40,51	3,72
40,53	3,76
40,56	3,82
40,58	3,85
40,61	3,90
40,63	3,95
40,65	4,02
40,68	4,04
40,70	4,12
40,73	4,15
40,75	4,22
40,78	4,26
40,80	4,34
40,83	4,38
40,85	4,46
40,87	4,49
40,90	4,60
40,92	4,64
40,95	4,73
40,97	4,79
41,00	4,85
41,02	4,92
41,05	5,01
41,07	5,04
41,09	5,13
41,12	5,17
41,14	5,25
41,17	5,32
41,19	5,39
41,22	5,44
41,24	5,56
41,26	5,61
41,29	5,72
41,31	5,79
41,34	5,88
41,36	5,95
41,39	6,04
41,41	6,09
41,44	6,19
41,46	6,24
41,48	6,32
41,51	6,39
41,53	6,47
41,56	6,53
41,58	6,60
41,61	6,65
41,63	6,76
41,66	6,82
41,68	6,88
41,70	6,94
41,73	6,98
41,75	7,04
41,78	7,11
41,80	7,14
41,83	7,19
41,85	7,22
41,88	7,25
41,90	7,33
41,92	7,38
41,95	7,42
41,97	7,46
42,00	7,51
42,02	7,55
42,05	7,61
42,07	7,63
42,10	7,66
42,12	7,69
42,14	7,70
42,17	7,73
42,19	7,74
42,22	7,74
42,24	7,75
42,27	7,74
42,29	7,75
42,31	7,73
42,34	7,73
42,36	7,76
42,39	7,77
42,41	7,74
42,44	7,74
42,46	7,68
42,49	7,68
42,51	7,65
42,53	7,62
42,56	7,57
42,58	7,55
42,61	7,50
42,63	7,51
42,66	7,46
42,68	7,43
42,71	7,38
42,73	7,35
42,75	7,30
42,78	7,28
42,80	7,19
42,83	7,16
42,85	7,09
42,88	7,06
42,90	7,00
42,93	6,95
42,95	6,87
42,97	6,83
43,00	6,76
43,02	6,72
43,05	6,64
43,07	6,57
43,10	6,52
43,12	6,45
43,15	6,36
43,17	6,31
43,19	6,21
43,22	6,14
43,24	6,07
43,27	6,00
43,29	5,93
43,32	5,87
43,34	5,82
43,36	5,78
43,39	5,69
43,41	5,62
43,44	5,54
43,46	5,47
43,49	5,40
43,51	5,29
43,54	5,22
43,56	5,16
43,58	5,09
43,61	5,03
43,63	4,98
43,66	4,90
43,68	4,85
43,71	4,79
43,73	4,73
43,76	4,68
43,78	4,64
43,80	4,56
43,83	4,55
43,85	4,49
43,88	4,45
43,90	4,39
43,93	4,34
43,95	4,28
43,98	4,25
44,00	4,18
44,02	4,16
44,05	4,10
44,07	4,07
44,10	4,03
44,12	4,00
44,15	3,95
44,17	3,94
44,20	3,90
44,22	3,90
44,24	3,87
44,27	3,86
44,29	3,84
44,32	3,83
44,34	3,80
44,37	3,82
44,39	3,77
44,41	3,78
44,44	3,76
44,46	3,77
44,49	3,76
44,51	3,78
44,54	3,76
44,56	3,80
44,59	3,78
44,61	3,79
44,63	3,79
44,66	3,80
44,68	3,79
44,71	3,82
44,73	3,82
44,76	3,85
44,78	3,85
44,81	3,88
44,83	3,92
44,85	3,95
44,88	3,97
44,90	4,01
44,93	4,04
44,95	4,08
44,98	4,12
45,00	4,15
45,03	4,19
45,05	4,22
45,07	4,26
45,10	4,31
45,12	4,35
45,15	4,40
45,17	4,46
45,20	4,50
45,22	4,57
45,25	4,63
45,27	4,69
45,29	4,76
45,32	4,82
45,34	4,86
45,37	4,93
45,39	4,98
45,42	5,06
45,44	5,11
45,47	5,19
45,49	5,25
45,51	5,33
45,54	5,39
45,56	5,51
45,59	5,57
45,61	5,67
45,64	5,73
45,66	5,82
45,68	5,89
45,71	6,01
45,73	6,06
45,76	6,17
45,78	6,22
45,81	6,32
45,83	6,41
45,86	6,52
45,88	6,59
45,90	6,72
45,93	6,79
45,95	6,93
45,98	7,01
46,00	7,12
46,03	7,20
46,05	7,30
46,08	7,36
46,10	7,47
46,12	7,51
46,15	7,64
46,17	7,71
46,20	7,83
46,22	7,92
46,25	8,03
46,27	8,10
46,30	8,25
46,32	8,32
46,34	8,46
46,37	8,52
46,39	8,63
46,42	8,70
46,44	8,82
46,47	8,86
46,49	8,97
46,52	9,02
46,54	9,14
46,56	9,22
46,59	9,33
46,61	9,38
46,64	9,47
46,66	9,52
46,69	9,63
46,71	9,66
46,73	9,71
46,76	9,74
46,78	9,80
46,81	9,85
46,83	9,93
46,86	9,94
46,88	10,00
46,91	10,03
46,93	10,09
46,95	10,14
46,98	10,16
47,00	10,18
47,03	10,22
47,05	10,22
47,08	10,25
47,10	10,28
47,13	10,28
47,15	10,31
47,17	10,31
47,20	10,29
47,22	10,30
47,25	10,30
47,27	10,28
47,30	10,29
47,32	10,24
47,35	10,22
47,37	10,18
47,39	10,17
47,42	10,14
47,44	10,14
47,47	10,06
47,49	10,04
47,52	9,96
47,54	9,96
47,57	9,87
47,59	9,81
47,61	9,69
47,64	9,66
47,66	9,56
47,69	9,53
47,71	9,38
47,74	9,34
47,76	9,25
47,78	9,22
47,81	9,11
47,83	9,08
47,86	8,95
47,88	8,94
47,91	8,81
47,93	8,75
47,96	8,61
47,98	8,55
48,00	8,40
48,03	8,37
48,05	8,22
48,08	8,17
48,10	8,03
48,13	7,97
48,15	7,85
48,18	7,80
48,20	7,64
48,22	7,59
48,25	7,44
48,27	7,37
48,30	7,23
48,32	7,15
48,35	7,01
48,37	6,94
48,40	6,81
48,42	6,76
48,44	6,62
48,47	6,56
48,49	6,48
48,52	6,43
48,54	6,34
48,57	6,28
48,59	6,17
48,62	6,12
48,64	6,04
48,66	6,00
48,69	5,91
48,71	5,83
48,74	5,75
48,76	5,71
48,79	5,64
48,81	5,59
48,84	5,48
48,86	5,44
48,88	5,41
48,91	5,36
48,93	5,29
48,96	5,25
48,98	5,20
49,01	5,16
49,03	5,10
49,05	5,04
49,08	5,03
49,10	5,00
49,13	4,97
49,15	4,95
49,18	4,93
49,20	4,92
49,23	4,92
49,25	4,88
49,27	4,88
49,30	4,86
49,32	4,86
49,35	4,85
49,37	4,85
49,40	4,83
49,42	4,88
49,45	4,86
49,47	4,91
49,49	4,89
49,52	4,91
49,54	4,91
49,57	4,96
49,59	4,95
49,62	5,02
49,64	4,99
49,67	5,06
49,69	5,06
49,71	5,14
49,74	5,15
49,76	5,23
49,79	5,23
49,81	5,35
49,84	5,35
49,86	5,43
49,89	5,44
49,91	5,51
49,93	5,52
49,96	5,62
49,98	5,62
50,01	5,72
50,03	5,76
50,06	5,85
50,08	5,91
50,10	6,01
50,13	6,06
50,15	6,17
50,18	6,24
50,20	6,35
50,23	6,42
50,25	6,50
50,28	6,57
50,30	6,66
50,32	6,73
50,35	6,83
50,37	6,89
50,40	7,00
50,42	7,11
50,45	7,22
50,47	7,33
50,50	7,43
50,52	7,56
50,54	7,69
50,57	7,79
50,59	7,86
50,62	7,98
50,64	8,07
50,67	8,20
50,69	8,29
50,72	8,42
50,74	8,54
50,76	8,67
50,79	8,79
50,81	8,94
50,84	9,05
50,86	9,19
50,89	9,29
50,91	9,42
50,94	9,54
50,96	9,67
50,98	9,76
51,01	9,89
51,03	10,00
51,06	10,14
51,08	10,28
51,11	10,41
51,13	10,52
51,15	10,66
51,18	10,77
51,20	10,92
51,23	11,04
51,25	11,14
51,28	11,25
51,30	11,37
51,33	11,47
51,35	11,59
51,37	11,68
51,40	11,78
51,42	11,88
51,45	12,00
51,47	12,10
51,50	12,20
51,52	12,28
51,55	12,40
51,57	12,49
51,59	12,59
51,62	12,65
51,64	12,73
51,67	12,80
51,69	12,87
51,72	12,90
51,74	12,98
51,77	13,02
51,79	13,08
51,81	13,14
51,84	13,18
51,86	13,22
51,89	13,27
51,91	13,28
51,94	13,32
51,96	13,33
51,99	13,33
52,01	13,35
52,03	13,34
52,06	13,31
52,08	13,33
52,11	13,30
52,13	13,29
52,16	13,26
52,18	13,23
52,20	13,21
52,23	13,17
52,25	13,11
52,28	13,09
52,30	13,05
52,33	13,01
52,35	12,97
52,38	12,91
52,40	12,88
52,42	12,81
52,45	12,71
52,47	12,64
52,50	12,56
52,52	12,46
52,55	12,39
52,57	12,28
52,60	12,19
52,62	12,09
52,64	12,00
52,67	11,91
52,69	11,83
52,72	11,70
52,74	11,61
52,77	11,47
52,79	11,38
52,82	11,25
52,84	11,13
52,86	10,98
52,89	10,86
52,91	10,71
52,94	10,63
52,96	10,45
52,99	10,36
53,01	10,23
53,04	10,14
53,06	10,01
53,08	9,91
53,11	9,76
53,13	9,69
53,16	9,54
53,18	9,41
53,21	9,26
53,23	9,15
53,26	9,00
53,28	8,92
53,30	8,78
53,33	8,69
53,35	8,56
53,38	8,48
53,40	8,37
53,43	8,29
53,45	8,16
53,47	8,08
53,50	7,94
53,52	7,85
53,55	7,74
53,57	7,65
53,60	7,55
53,62	7,45
53,65	7,36
53,67	7,30
53,69	7,20
53,72	7,13
53,74	7,07
53,77	7,01
53,79	6,96
53,82	6,90
53,84	6,84
53,87	6,80
53,89	6,74
53,91	6,69
53,94	6,64
53,96	6,58
53,99	6,54
54,01	6,52
54,04	6,50
54,06	6,47
54,09	6,44
54,11	6,40
54,13	6,41
54,16	6,40
54,18	6,37
54,21	6,36
54,23	6,35
54,26	6,34
54,28	6,35
54,31	6,35
54,33	6,37
54,35	6,37
54,38	6,38
54,40	6,39
54,43	6,41
54,45	6,42
54,48	6,48
54,50	6,49
54,52	6,55
54,55	6,59
54,57	6,66
54,60	6,70
54,62	6,77
54,65	6,79
54,67	6,86
54,70	6,89
54,72	6,95
54,74	7,01
54,77	7,09
54,79	7,14
54,82	7,23
54,84	7,29
54,87	7,40
54,89	7,48
54,92	7,56
54,94	7,66
54,96	7,75
54,99	7,84
55,01	7,94
55,04	8,02
55,06	8,13
55,09	8,21
55,11	8,30
55,14	8,40
55,16	8,50
55,18	8,59
55,21	8,73
55,23	8,83
55,26	8,96
55,28	9,10
55,31	9,23
55,33	9,36
55,36	9,50
55,38	9,61
55,40	9,75
55,43	9,88
55,45	10,01
55,48	10,16
55,50	10,28
55,53	10,41
55,55	10,54
55,57	10,68
55,60	10,84
55,62	10,99
55,65	11,10
55,67	11,28
55,70	11,41
55,72	11,59
55,75	11,74
55,77	11,87
55,79	11,99
55,82	12,15
55,84	12,27
55,87	12,44
55,89	12,55
55,92	12,70
55,94	12,87
55,97	13,04
55,99	13,20
56,01	13,38
56,04	13,52
56,06	13,70
56,09	13,84
56,11	13,99
56,14	14,11
56,16	14,25
56,19	14,36
56,21	14,51
56,23	14,62
56,26	14,76
56,28	14,87
56,31	15,02
56,33	15,16
56,36	15,30
56,38	15,40
56,41	15,52
56,43	15,62
56,45	15,75
56,48	15,84
56,50	15,92
56,53	16,01
56,55	16,11
56,58	16,18
56,60	16,28
56,62	16,32
56,65	16,42
56,67	16,51
56,70	16,58
56,72	16,63
56,75	16,71
56,77	16,75
56,80	16,81
56,82	16,83
56,84	16,85
56,87	16,88
56,89	16,90
56,92	16,91
56,94	16,95
56,97	16,93
56,99	16,94
57,02	16,94
57,04	16,92
57,06	16,92
57,09	16,88
57,11	16,82
57,14	16,79
57,16	16,73
57,19	16,68
57,21	16,63
57,24	16,56
57,26	16,52
57,28	16,45
57,31	16,38
57,33	16,31
57,36	16,23
57,38	16,14
57,41	16,06
57,43	15,96
57,46	15,86
57,48	15,76
57,50	15,63
57,53	15,53
57,55	15,44
57,58	15,30
57,60	15,19
57,63	15,06
57,65	14,94
57,68	14,83
57,70	14,69
57,72	14,54
57,75	14,41
57,77	14,24
57,80	14,12
57,82	13,94
57,85	13,80
57,87	13,67
57,89	13,53
57,92	13,35
57,94	13,23
57,97	13,06
57,99	12,96
58,02	12,77
58,04	12,63
58,07	12,46
58,09	12,32
58,11	12,15
58,14	12,04
58,16	11,85
58,19	11,72
58,21	11,55
58,24	11,43
58,26	11,29
58,29	11,17
58,31	10,99
58,33	10,89
58,36	10,74
58,38	10,63
58,41	10,49
58,43	10,36
58,46	10,23
58,48	10,13
58,51	9,98
58,53	9,91
58,55	9,79
58,58	9,68
58,60	9,59
58,63	9,49
58,65	9,41
58,68	9,34
58,70	9,24
58,73	9,18
58,75	9,09
58,77	9,01
58,80	8,96
58,82	8,90
58,85	8,83
58,87	8,79
58,90	8,73
58,92	8,69
58,94	8,65
58,97	8,61
58,99	8,58
59,02	8,54
59,04	8,50
59,07	8,49
59,09	8,47
59,12	8,46
59,14	8,44
59,16	8,43
59,19	8,44
59,21	8,44
59,24	8,46
59,26	8,49
59,29	8,52
59,31	8,53
59,34	8,57
59,36	8,57
59,38	8,60
59,41	8,63
59,43	8,66
59,46	8,69
59,48	8,75
59,51	8,79
59,53	8,89
59,56	8,95
59,58	9,03
59,60	9,11
59,63	9,18
59,65	9,25
59,68	9,35
59,70	9,41
59,73	9,49
59,75	9,57
59,78	9,65
59,80	9,75
59,82	9,85
59,85	9,93
59,87	10,06
59,90	10,17
59,92	10,30
59,95	10,40
59,97	10,48
59,99	10,57
