U1/V	IA/nA
0,02	0,52
0,04	0,49
0,07	0,47
0,09	0,45
0,12	0,44
0,14	0,42
0,17	0,43
0,19	0,41
0,21	0,44
0,24	0,43
0,26	0,45
0,29	0,43
0,31	0,44
0,34	0,44
0,36	0,47
0,39	0,44
0,41	0,47
0,43	0,44
0,46	0,45
0,48	0,45
0,51	0,45
0,53	0,43
0,56	0,45
0,58	0,42
0,61	0,44
0,63	0,43
0,65	0,43
0,68	0,44
0,70	0,45
0,73	0,43
0,75	0,46
0,78	0,44
0,80	0,46
0,83	0,43
0,85	0,44
0,87	0,44
0,90	0,44
0,92	0,42
0,95	0,44
0,97	0,42
1,00	0,44
1,02	0,43
1,05	0,44
1,07	0,45
1,09	0,45
1,12	0,43
1,14	0,44
1,17	0,43
1,19	0,44
1,22	0,45
1,24	0,44
1,26	0,43
1,29	0,44
1,31	0,45
1,34	0,46
1,36	0,46
1,39	0,44
1,41	0,45
1,44	0,44
1,46	0,44
1,48	0,44
1,51	0,43
1,53	0,42
1,56	0,42
1,58	0,42
1,61	0,44
1,63	0,42
1,66	0,43
1,68	0,43
1,70	0,44
1,73	0,45
1,75	0,47
1,78	0,46
1,80	0,48
1,83	0,46
1,85	0,45
1,88	0,43
1,90	0,43
1,92	0,41
1,95	0,45
1,97	0,42
2,00	0,43
2,02	0,42
2,05	0,46
2,07	0,46
2,10	0,48
2,12	0,44
2,14	0,47
2,17	0,45
2,19	0,47
2,22	0,45
2,24	0,46
2,27	0,43
2,29	0,45
2,31	0,43
2,34	0,45
2,36	0,41
2,39	0,42
2,41	0,41
2,44	0,43
2,46	0,41
2,49	0,43
2,51	0,41
2,53	0,45
2,56	0,45
2,58	0,46
2,61	0,45
2,63	0,46
2,66	0,44
2,68	0,47
2,71	0,44
2,73	0,45
2,75	0,45
2,78	0,46
2,80	0,46
2,83	0,47
2,85	0,45
2,88	0,47
2,90	0,46
2,93	0,46
2,95	0,44
2,97	0,43
3,00	0,43
3,02	0,43
3,05	0,42
3,07	0,42
3,10	0,40
3,12	0,40
3,15	0,43
3,17	0,43
3,19	0,44
3,22	0,43
3,24	0,43
3,27	0,44
3,29	0,45
3,32	0,43
3,34	0,43
3,36	0,42
3,39	0,42
3,41	0,44
3,44	0,45
3,46	0,45
3,49	0,46
3,51	0,44
3,54	0,46
3,56	0,45
3,58	0,44
3,61	0,44
3,63	0,44
3,66	0,42
3,68	0,44
3,71	0,42
3,73	0,44
3,76	0,42
3,78	0,44
3,80	0,42
3,83	0,43
3,85	0,41
3,88	0,44
3,90	0,43
3,93	0,44
3,95	0,41
3,98	0,44
4,00	0,45
4,02	0,47
4,05	0,43
4,07	0,45
4,10	0,43
4,12	0,45
4,15	0,45
4,17	0,46
4,20	0,44
4,22	0,46
4,24	0,44
4,27	0,46
4,29	0,45
4,32	0,45
4,34	0,43
4,37	0,45
4,39	0,43
4,42	0,45
4,44	0,44
4,46	0,45
4,49	0,43
4,51	0,45
4,54	0,44
4,56	0,43
4,59	0,42
4,61	0,44
4,63	0,42
4,66	0,43
4,68	0,44
4,71	0,45
4,73	0,46
4,76	0,46
4,78	0,44
4,81	0,44
4,83	0,44
4,85	0,44
4,88	0,45
4,90	0,44
4,93	0,45
4,95	0,45
4,98	0,46
5,00	0,47
5,03	0,48
5,05	0,44
5,07	0,46
5,10	0,43
5,12	0,45
5,15	0,44
5,17	0,44
5,20	0,43
5,22	0,44
5,25	0,43
5,27	0,46
5,29	0,44
5,32	0,45
5,34	0,45
5,37	0,46
5,39	0,44
5,42	0,46
5,44	0,45
5,47	0,46
5,49	0,45
5,51	0,45
5,54	0,44
5,56	0,46
5,59	0,44
5,61	0,47
5,64	0,45
5,66	0,48
5,68	0,46
5,71	0,48
5,73	0,46
5,76	0,48
5,78	0,44
5,81	0,47
5,83	0,44
5,86	0,45
5,88	0,43
5,90	0,44
5,93	0,42
5,95	0,44
5,98	0,41
6,00	0,44
6,03	0,42
6,05	0,43
6,08	0,43
6,10	0,45
6,12	0,44
6,15	0,46
6,17	0,44
6,20	0,46
6,22	0,46
6,25	0,44
6,27	0,43
6,30	0,42
6,32	0,41
6,34	0,44
6,37	0,42
6,39	0,43
6,42	0,44
6,44	0,44
6,47	0,45
6,49	0,45
6,52	0,43
6,54	0,45
6,56	0,44
6,59	0,42
6,61	0,42
6,64	0,41
6,66	0,42
6,69	0,42
6,71	0,41
6,73	0,42
6,76	0,43
6,78	0,43
6,81	0,47
6,83	0,46
6,86	0,47
6,88	0,45
6,91	0,45
6,93	0,44
6,95	0,46
6,98	0,42
7,00	0,44
7,03	0,41
7,05	0,43
7,08	0,44
7,10	0,46
7,13	0,45
7,15	0,47
7,17	0,44
7,20	0,48
7,22	0,47
7,25	0,47
7,27	0,45
7,30	0,46
7,32	0,43
7,35	0,45
7,37	0,42
7,39	0,44
7,42	0,41
7,44	0,42
7,47	0,42
7,49	0,45
7,52	0,42
7,54	0,47
7,57	0,46
7,59	0,49
7,61	0,47
7,64	0,48
7,66	0,47
7,69	0,49
7,71	0,45
7,74	0,46
7,76	0,43
7,78	0,45
7,81	0,46
7,83	0,47
7,86	0,46
7,88	0,47
7,91	0,46
7,93	0,49
7,96	0,49
7,98	0,48
8,00	0,47
8,03	0,45
8,05	0,42
8,08	0,42
8,10	0,41
8,13	0,41
8,15	0,40
8,18	0,40
8,20	0,42
8,22	0,46
8,25	0,46
8,27	0,47
8,30	0,47
8,32	0,47
8,35	0,49
8,37	0,48
8,40	0,48
8,42	0,47
8,44	0,45
8,47	0,44
8,49	0,45
8,52	0,43
8,54	0,45
8,57	0,44
8,59	0,46
8,62	0,45
8,64	0,47
8,66	0,49
8,69	0,51
8,71	0,47
8,74	0,48
8,76	0,45
8,79	0,47
8,81	0,45
8,84	0,44
8,86	0,42
8,88	0,43
8,91	0,41
8,93	0,45
8,96	0,43
8,98	0,45
9,01	0,45
9,03	0,47
9,05	0,47
9,08	0,49
9,10	0,47
9,13	0,49
9,15	0,48
9,18	0,49
9,20	0,48
9,23	0,48
9,25	0,46
9,27	0,48
9,30	0,46
9,32	0,48
9,35	0,48
9,37	0,49
9,40	0,51
9,42	0,53
9,45	0,51
9,47	0,53
9,49	0,49
9,52	0,50
9,54	0,48
9,57	0,47
9,59	0,46
9,62	0,46
9,64	0,45
9,67	0,47
9,69	0,47
9,71	0,47
9,74	0,49
9,76	0,50
9,79	0,50
9,81	0,50
9,84	0,49
9,86	0,49
9,89	0,50
9,91	0,48
9,93	0,48
9,96	0,46
9,98	0,47
10,01	0,47
10,03	0,48
10,06	0,49
10,08	0,48
10,10	0,47
10,13	0,51
10,15	0,51
10,18	0,51
10,20	0,50
10,23	0,49
10,25	0,49
10,28	0,50
10,30	0,47
10,32	0,48
10,35	0,47
10,37	0,48
10,40	0,49
10,42	0,50
10,45	0,48
10,47	0,51
10,50	0,51
10,52	0,54
10,54	0,53
10,57	0,54
10,59	0,52
10,62	0,55
10,64	0,51
10,67	0,53
10,69	0,50
10,72	0,51
10,74	0,50
10,76	0,52
10,79	0,51
10,81	0,53
10,84	0,51
10,86	0,56
10,89	0,55
10,91	0,56
10,94	0,54
10,96	0,53
10,98	0,52
11,01	0,53
11,03	0,49
11,06	0,50
11,08	0,48
11,11	0,50
11,13	0,50
11,15	0,51
11,18	0,51
11,20	0,53
11,23	0,51
11,25	0,54
11,28	0,53
11,30	0,54
11,33	0,54
11,35	0,55
11,37	0,54
11,40	0,56
11,42	0,54
11,45	0,55
11,47	0,55
11,50	0,54
11,52	0,54
11,55	0,55
11,57	0,54
11,59	0,59
11,62	0,58
11,64	0,57
11,67	0,58
11,69	0,56
11,72	0,56
11,74	0,56
11,77	0,53
11,79	0,54
11,81	0,53
11,84	0,53
11,86	0,57
11,89	0,55
11,91	0,56
11,94	0,55
11,96	0,55
11,99	0,55
12,01	0,57
12,03	0,55
12,06	0,57
12,08	0,56
12,11	0,58
12,13	0,58
12,16	0,58
12,18	0,56
12,21	0,58
12,23	0,55
12,25	0,57
12,28	0,56
12,30	0,57
12,33	0,59
12,35	0,60
12,38	0,59
12,40	0,62
12,42	0,58
12,45	0,60
12,47	0,58
12,50	0,58
12,52	0,57
12,55	0,57
12,57	0,55
12,60	0,59
12,62	0,57
12,64	0,59
12,67	0,57
12,69	0,59
12,72	0,59
12,74	0,61
12,77	0,58
12,79	0,62
12,82	0,60
12,84	0,62
12,86	0,62
12,89	0,60
12,91	0,59
12,94	0,61
12,96	0,60
12,99	0,63
13,01	0,62
13,04	0,62
13,06	0,63
13,08	0,64
13,11	0,62
13,13	0,63
13,16	0,62
13,18	0,62
13,21	0,62
13,23	0,62
13,26	0,62
13,28	0,62
13,30	0,61
13,33	0,63
13,35	0,63
13,38	0,64
13,40	0,65
13,43	0,66
13,45	0,68
13,47	0,68
13,50	0,66
13,52	0,66
13,55	0,67
13,57	0,66
13,60	0,68
13,62	0,65
13,65	0,66
13,67	0,67
13,69	0,68
13,72	0,69
13,74	0,69
13,77	0,67
13,79	0,70
13,82	0,67
13,84	0,69
13,87	0,69
13,89	0,70
13,91	0,70
13,94	0,72
13,96	0,70
13,99	0,74
14,01	0,70
14,04	0,71
14,06	0,70
14,09	0,71
14,11	0,70
14,13	0,72
14,16	0,71
14,18	0,74
14,21	0,73
14,23	0,74
14,26	0,73
14,28	0,74
14,31	0,71
14,33	0,74
14,35	0,71
14,38	0,72
14,40	0,72
14,43	0,73
14,45	0,72
14,48	0,74
14,50	0,71
14,52	0,75
14,55	0,73
14,57	0,73
14,60	0,73
14,62	0,73
14,65	0,71
14,67	0,72
14,70	0,70
14,72	0,72
14,74	0,70
14,77	0,71
14,79	0,72
14,82	0,74
14,84	0,75
14,87	0,75
14,89	0,74
14,92	0,76
14,94	0,76
14,96	0,74
14,99	0,74
15,01	0,74
15,04	0,74
15,06	0,76
15,09	0,75
15,11	0,76
15,14	0,77
15,16	0,77
15,18	0,78
15,21	0,78
15,23	0,76
15,26	0,78
15,28	0,77
15,31	0,75
15,33	0,76
15,36	0,74
15,38	0,75
15,40	0,74
15,43	0,74
15,45	0,74
15,48	0,74
15,50	0,72
15,53	0,75
15,55	0,75
15,57	0,76
15,60	0,74
15,62	0,75
15,65	0,76
15,67	0,78
15,70	0,76
15,72	0,78
15,75	0,76
15,77	0,78
15,79	0,78
15,82	0,80
15,84	0,78
15,87	0,80
15,89	0,78
15,92	0,81
15,94	0,79
15,97	0,79
15,99	0,78
16,01	0,79
16,04	0,77
16,06	0,79
16,09	0,75
16,11	0,77
16,14	0,75
16,16	0,77
16,19	0,76
16,21	0,75
16,23	0,75
16,26	0,78
16,28	0,76
16,31	0,79
16,33	0,78
16,36	0,79
16,38	0,79
16,41	0,80
16,43	0,77
16,45	0,79
16,48	0,78
16,50	0,79
16,53	0,79
16,55	0,80
16,58	0,80
16,60	0,81
16,63	0,81
16,65	0,82
16,67	0,82
16,70	0,82
16,72	0,82
16,75	0,81
16,77	0,81
16,80	0,82
16,82	0,81
16,84	0,81
16,87	0,78
16,89	0,78
16,92	0,80
16,94	0,78
16,97	0,78
16,99	0,79
17,02	0,80
17,04	0,83
17,06	0,85
17,09	0,84
17,11	0,87
17,14	0,87
17,16	0,86
17,19	0,87
17,21	0,88
17,24	0,87
17,26	0,92
17,28	0,90
17,31	0,92
17,33	0,91
17,36	0,92
17,38	0,93
17,41	0,96
17,43	0,91
17,46	0,94
17,48	0,91
17,50	0,93
17,53	0,92
17,55	0,92
17,58	0,90
17,60	0,92
17,63	0,90
17,65	0,93
17,68	0,90
17,70	0,92
17,72	0,93
17,75	0,95
17,77	0,94
17,80	0,97
17,82	0,96
17,85	0,99
17,87	0,98
17,89	0,98
17,92	0,97
17,94	0,97
17,97	0,97
17,99	1,00
18,02	0,99
18,04	1,01
18,07	1,02
18,09	1,03
18,11	1,05
18,14	1,06
18,16	1,04
18,19	1,06
18,21	1,04
18,24	1,03
18,26	1,03
18,29	1,02
18,31	1,02
18,33	1,04
18,36	1,04
18,38	1,05
18,41	1,05
18,43	1,06
18,46	1,09
18,48	1,09
18,51	1,09
18,53	1,09
18,55	1,10
18,58	1,10
18,60	1,11
18,63	1,08
18,65	1,09
18,68	1,07
18,70	1,08
18,73	1,10
18,75	1,11
18,77	1,11
18,80	1,12
18,82	1,10
18,85	1,14
18,87	1,13
18,90	1,12
18,92	1,12
18,94	1,11
18,97	1,11
18,99	1,13
19,02	1,10
19,04	1,13
19,07	1,11
19,09	1,13
19,12	1,13
19,14	1,14
19,16	1,13
19,19	1,16
19,21	1,14
19,24	1,16
19,26	1,15
19,29	1,16
19,31	1,15
19,34	1,17
19,36	1,13
19,38	1,15
19,41	1,12
19,43	1,13
19,46	1,14
19,48	1,16
19,51	1,14
19,53	1,17
19,56	1,16
19,58	1,19
19,60	1,17
19,63	1,16
19,65	1,15
19,68	1,15
19,70	1,13
19,73	1,14
19,75	1,12
19,78	1,13
19,80	1,11
19,82	1,11
19,85	1,11
19,87	1,13
19,90	1,11
19,92	1,13
19,95	1,12
19,97	1,12
19,99	1,13
20,02	1,14
20,04	1,13
20,07	1,13
20,09	1,10
20,12	1,11
20,14	1,10
20,17	1,10
20,19	1,12
20,21	1,11
20,24	1,12
20,26	1,12
20,29	1,12
20,31	1,14
20,34	1,14
20,36	1,12
20,39	1,13
20,41	1,10
20,43	1,11
20,46	1,10
20,48	1,10
20,51	1,09
20,53	1,08
20,56	1,07
20,58	1,10
20,61	1,08
20,63	1,09
20,65	1,09
20,68	1,09
20,70	1,08
20,73	1,11
20,75	1,10
20,78	1,12
20,80	1,11
20,83	1,09
20,85	1,09
20,87	1,10
20,90	1,08
20,92	1,11
20,95	1,08
20,97	1,10
21,00	1,08
21,02	1,10
21,05	1,12
21,07	1,14
21,09	1,11
21,12	1,13
21,14	1,10
21,17	1,12
21,19	1,10
21,22	1,09
21,24	1,07
21,26	1,08
21,29	1,07
21,31	1,11
21,34	1,10
21,36	1,12
21,39	1,14
21,41	1,15
21,44	1,16
21,46	1,17
21,48	1,17
21,51	1,18
21,53	1,18
21,56	1,17
21,58	1,18
21,61	1,17
21,63	1,17
21,66	1,18
21,68	1,19
21,70	1,21
21,73	1,22
21,75	1,21
21,78	1,25
21,80	1,26
21,83	1,26
21,85	1,28
21,88	1,26
21,90	1,26
21,92	1,27
21,95	1,26
21,97	1,28
22,00	1,27
22,02	1,27
22,05	1,29
22,07	1,31
22,10	1,30
22,12	1,35
22,14	1,35
22,17	1,37
22,19	1,38
22,22	1,40
22,24	1,40
22,27	1,44
22,29	1,41
22,31	1,44
22,34	1,42
22,36	1,43
22,39	1,43
22,41	1,45
22,44	1,45
22,46	1,48
22,49	1,47
22,51	1,54
22,53	1,53
22,56	1,56
22,58	1,55
22,61	1,55
22,63	1,54
22,66	1,56
22,68	1,53
22,71	1,56
22,73	1,54
22,75	1,57
22,78	1,59
22,80	1,61
22,83	1,60
22,85	1,65
22,88	1,64
22,90	1,68
22,93	1,67
22,95	1,69
22,97	1,68
23,00	1,71
23,02	1,68
23,05	1,71
23,07	1,68
23,10	1,71
23,12	1,70
23,15	1,71
23,17	1,70
23,19	1,72
23,22	1,71
23,24	1,77
23,27	1,75
23,29	1,75
23,32	1,75
23,34	1,74
23,36	1,73
23,39	1,74
23,41	1,71
23,44	1,73
23,46	1,71
23,49	1,72
23,51	1,76
23,54	1,76
23,56	1,75
23,58	1,75
23,61	1,75
23,63	1,76
23,66	1,77
23,68	1,75
23,71	1,76
23,73	1,75
23,76	1,75
23,78	1,76
23,80	1,75
23,83	1,74
23,85	1,75
23,88	1,73
23,90	1,74
23,93	1,73
23,95	1,72
23,98	1,74
24,00	1,75
24,02	1,73
24,05	1,74
24,07	1,70
24,10	1,71
24,12	1,70
24,15	1,69
24,17	1,67
24,20	1,66
24,22	1,64
24,24	1,68
24,27	1,65
24,29	1,66
24,32	1,64
24,34	1,65
24,37	1,64
24,39	1,66
24,42	1,62
24,44	1,62
24,46	1,59
24,49	1,61
24,51	1,60
24,54	1,59
24,56	1,57
24,59	1,58
24,61	1,57
24,63	1,59
24,66	1,57
24,68	1,56
24,71	1,58
24,73	1,58
24,76	1,56
24,78	1,57
24,81	1,52
24,83	1,53
24,85	1,51
24,88	1,49
24,90	1,48
24,93	1,47
24,95	1,46
24,98	1,49
25,00	1,47
25,03	1,47
25,05	1,47
25,07	1,48
25,10	1,48
25,12	1,45
25,15	1,44
25,17	1,45
25,20	1,44
25,22	1,44
25,25	1,44
25,27	1,41
25,29	1,44
25,32	1,44
25,34	1,44
25,37	1,44
25,39	1,45
25,42	1,42
25,44	1,47
25,47	1,46
25,49	1,46
25,51	1,46
25,54	1,44
25,56	1,43
25,59	1,44
25,61	1,42
25,64	1,44
25,66	1,42
25,68	1,43
25,71	1,45
25,73	1,47
25,76	1,47
25,78	1,48
25,81	1,46
25,83	1,50
25,86	1,49
25,88	1,51
25,90	1,49
25,93	1,51
25,95	1,51
25,98	1,54
26,00	1,50
26,03	1,51
26,05	1,50
26,08	1,52
26,10	1,53
26,12	1,56
26,15	1,54
26,17	1,61
26,20	1,61
26,22	1,63
26,25	1,64
26,27	1,64
26,30	1,64
26,32	1,67
26,34	1,66
26,37	1,69
26,39	1,68
26,42	1,70
26,44	1,72
26,47	1,74
26,49	1,75
26,52	1,77
26,54	1,76
26,56	1,80
26,59	1,79
26,61	1,81
26,64	1,82
26,66	1,83
26,69	1,84
26,71	1,88
26,73	1,88
26,76	1,92
26,78	1,94
26,81	1,97
26,83	2,00
26,86	2,02
26,88	2,02
26,91	2,06
26,93	2,07
26,95	2,08
26,98	2,10
27,00	2,11
27,03	2,14
27,05	2,16
27,08	2,18
27,10	2,21
27,13	2,21
27,15	2,23
27,17	2,26
27,20	2,27
27,22	2,30
27,25	2,30
27,27	2,32
27,30	2,36
27,32	2,39
27,35	2,40
27,37	2,42
27,39	2,43
27,42	2,46
27,44	2,48
27,47	2,48
27,49	2,49
27,52	2,51
27,54	2,51
27,57	2,55
27,59	2,56
27,61	2,57
27,64	2,58
27,66	2,61
27,69	2,61
27,71	2,64
27,74	2,63
27,76	2,66
27,78	2,65
27,81	2,68
27,83	2,67
27,86	2,68
27,88	2,67
27,91	2,70
27,93	2,68
27,96	2,71
27,98	2,71
28,00	2,72
28,03	2,73
28,05	2,73
28,08	2,71
28,10	2,72
28,13	2,71
28,15	2,72
28,18	2,73
28,20	2,73
28,22	2,73
28,25	2,74
28,27	2,73
28,30	2,74
28,32	2,72
28,35	2,71
28,37	2,69
28,40	2,69
28,42	2,68
28,44	2,69
28,47	2,67
28,49	2,67
28,52	2,66
28,54	2,65
28,57	2,65
28,59	2,62
28,62	2,61
28,64	2,60
28,66	2,59
28,69	2,58
28,71	2,58
28,74	2,56
28,76	2,56
28,79	2,54
28,81	2,51
28,84	2,50
28,86	2,48
28,88	2,45
28,91	2,47
28,93	2,45
28,96	2,44
28,98	2,43
29,01	2,42
29,03	2,41
29,05	2,40
29,08	2,36
29,10	2,36
29,13	2,32
29,15	2,31
29,18	2,29
29,20	2,28
29,23	2,25
29,25	2,25
29,27	2,22
29,30	2,22
29,32	2,17
29,35	2,17
29,37	2,15
29,40	2,16
29,42	2,13
29,45	2,14
29,47	2,11
29,49	2,13
29,52	2,10
29,54	2,09
29,57	2,06
29,59	2,06
29,62	2,04
29,64	2,06
29,67	2,03
29,69	2,04
29,71	2,03
29,74	2,03
29,76	2,02
29,79	2,02
29,81	1,98
29,84	1,98
29,86	1,95
29,89	1,94
29,91	1,91
29,93	1,91
29,96	1,90
29,98	1,90
30,01	1,90
30,03	1,89
30,06	1,86
30,08	1,87
30,10	1,87
30,13	1,88
30,15	1,88
30,18	1,88
30,20	1,88
30,23	1,91
30,25	1,92
30,28	1,91
30,30	1,90
30,32	1,90
30,35	1,90
30,37	1,92
30,40	1,92
30,42	1,93
30,45	1,93
30,47	1,93
30,50	1,95
30,52	1,95
30,54	1,95
30,57	1,96
30,59	1,96
30,62	1,97
30,64	1,98
30,67	1,97
30,69	2,00
30,72	2,00
30,74	2,02
30,76	2,03
30,79	2,04
30,81	2,04
30,84	2,09
30,86	2,10
30,89	2,13
30,91	2,14
30,94	2,17
30,96	2,19
30,98	2,24
31,01	2,23
31,03	2,27
31,06	2,27
31,08	2,30
31,11	2,34
31,13	2,38
31,15	2,39
31,18	2,43
31,20	2,45
31,23	2,51
31,25	2,54
31,28	2,56
31,30	2,58
31,33	2,62
31,35	2,63
31,37	2,68
31,40	2,68
31,42	2,72
31,45	2,73
31,47	2,78
31,50	2,81
31,52	2,86
31,55	2,89
31,57	2,96
31,59	2,98
31,62	3,03
31,64	3,06
31,67	3,10
31,69	3,13
31,72	3,18
31,74	3,18
31,77	3,23
31,79	3,25
31,81	3,29
31,84	3,35
31,86	3,38
31,89	3,40
31,91	3,44
31,94	3,48
31,96	3,53
31,99	3,57
32,01	3,57
32,03	3,61
32,06	3,63
32,08	3,66
32,11	3,69
32,13	3,71
32,16	3,73
32,18	3,75
32,20	3,77
32,23	3,83
32,25	3,85
32,28	3,87
32,30	3,90
32,33	3,94
32,35	3,97
32,38	4,01
32,40	4,00
32,42	4,03
32,45	4,04
32,47	4,05
32,50	4,06
32,52	4,07
32,55	4,06
32,57	4,12
32,60	4,12
32,62	4,13
32,64	4,13
32,67	4,14
32,69	4,15
32,72	4,17
32,74	4,14
32,77	4,15
32,79	4,13
32,82	4,16
32,84	4,14
32,86	4,13
32,89	4,10
32,91	4,11
32,94	4,08
32,96	4,10
32,99	4,06
33,01	4,06
33,04	4,06
33,06	4,06
33,08	4,03
33,11	4,03
33,13	3,99
33,16	4,00
33,18	3,97
33,21	3,94
33,23	3,91
33,26	3,91
33,28	3,87
33,30	3,88
33,33	3,84
33,35	3,82
33,38	3,80
33,40	3,77
33,43	3,75
33,45	3,73
33,47	3,68
33,50	3,68
33,52	3,63
33,55	3,60
33,57	3,57
33,60	3,54
33,62	3,51
33,65	3,48
33,67	3,43
33,69	3,41
33,72	3,37
33,74	3,33
33,77	3,32
33,79	3,29
33,82	3,26
33,84	3,24
33,87	3,20
33,89	3,18
33,91	3,17
33,94	3,12
33,96	3,10
33,99	3,05
34,01	3,03
34,04	3,02
34,06	2,99
34,09	2,95
34,11	2,93
34,13	2,88
34,16	2,89
34,18	2,84
34,21	2,82
34,23	2,79
34,26	2,76
34,28	2,73
34,31	2,72
34,33	2,67
34,35	2,67
34,38	2,63
34,40	2,62
34,43	2,61
34,45	2,60
34,48	2,57
34,50	2,59
34,52	2,56
34,55	2,56
34,57	2,53
34,60	2,53
34,62	2,51
34,65	2,51
34,67	2,47
34,70	2,47
34,72	2,44
34,74	2,45
34,77	2,42
34,79	2,43
34,82	2,41
34,84	2,42
34,87	2,41
34,89	2,46
34,92	2,44
34,94	2,45
34,96	2,44
34,99	2,44
35,01	2,42
35,04	2,44
35,06	2,41
35,09	2,43
35,11	2,42
35,14	2,44
35,16	2,47
35,18	2,49
35,21	2,49
35,23	2,53
35,26	2,52
35,28	2,54
35,31	2,55
35,33	2,57
35,36	2,59
35,38	2,60
35,40	2,59
35,43	2,63
35,45	2,65
35,48	2,67
35,50	2,69
35,53	2,70
35,55	2,74
35,57	2,77
35,60	2,78
35,62	2,84
35,65	2,87
35,67	2,89
35,70	2,94
35,72	2,94
35,75	2,98
35,77	3,02
35,79	3,04
35,82	3,06
35,84	3,10
35,87	3,14
35,89	3,21
35,92	3,24
35,94	3,29
35,97	3,34
35,99	3,39
36,01	3,43
36,04	3,49
36,06	3,52
36,09	3,58
36,11	3,62
36,14	3,66
36,16	3,72
36,19	3,78
36,21	3,82
36,23	3,88
36,26	3,92
36,28	3,99
36,31	4,02
36,33	4,07
36,36	4,14
36,38	4,20
36,41	4,24
36,43	4,31
36,45	4,34
36,48	4,41
36,50	4,47
36,53	4,52
36,55	4,57
36,58	4,64
36,60	4,68
36,62	4,76
36,65	4,81
36,67	4,86
36,70	4,91
36,72	4,97
36,75	5,01
36,77	5,08
36,80	5,13
36,82	5,18
36,84	5,22
36,87	5,26
36,89	5,32
36,92	5,35
36,94	5,38
36,97	5,43
36,99	5,47
37,02	5,53
37,04	5,57
37,06	5,59
37,09	5,66
37,11	5,69
37,14	5,73
37,16	5,76
37,19	5,75
37,21	5,77
37,24	5,80
37,26	5,79
37,28	5,82
37,31	5,82
37,33	5,84
37,36	5,87
37,38	5,88
37,41	5,89
37,43	5,92
37,46	5,91
37,48	5,93
37,50	5,92
37,53	5,91
37,55	5,91
37,58	5,91
37,60	5,89
37,63	5,91
37,65	5,87
37,68	5,87
37,70	5,86
37,72	5,85
37,75	5,83
37,77	5,83
37,80	5,78
37,82	5,81
37,85	5,76
37,87	5,74
37,89	5,70
37,92	5,66
37,94	5,60
37,97	5,58
37,99	5,50
38,02	5,49
38,04	5,42
38,07	5,39
38,09	5,35
38,11	5,32
38,14	5,26
38,16	5,24
38,19	5,18
38,21	5,16
38,24	5,09
38,26	5,05
38,29	5,00
38,31	4,96
38,33	4,88
38,36	4,85
38,38	4,78
38,41	4,74
38,43	4,68
38,46	4,63
38,48	4,58
38,51	4,54
38,53	4,47
38,55	4,48
38,58	4,40
38,60	4,36
38,63	4,30
38,65	4,22
38,68	4,17
38,70	4,14
38,73	4,05
38,75	4,02
38,77	3,95
38,80	3,91
38,82	3,90
38,85	3,87
38,87	3,81
38,90	3,78
38,92	3,72
38,94	3,71
38,97	3,68
38,99	3,62
39,02	3,58
39,04	3,54
39,07	3,51
39,09	3,50
39,12	3,45
39,14	3,42
39,16	3,40
39,19	3,36
39,21	3,35
39,24	3,30
39,26	3,27
39,29	3,27
39,31	3,25
39,34	3,20
39,36	3,20
39,38	3,15
39,41	3,14
39,43	3,11
39,46	3,09
39,48	3,07
39,51	3,06
39,53	3,04
39,56	3,08
39,58	3,06
39,60	3,08
39,63	3,06
39,65	3,08
39,68	3,09
39,70	3,11
39,73	3,08
39,75	3,10
39,78	3,09
39,80	3,12
39,82	3,12
39,85	3,12
39,87	3,11
39,90	3,14
39,92	3,14
39,95	3,18
39,97	3,17
39,99	3,18
40,02	3,23
40,04	3,26
40,07	3,27
40,09	3,31
40,12	3,29
40,14	3,33
40,17	3,34
40,19	3,37
40,21	3,40
40,24	3,43
40,26	3,45
40,29	3,52
40,31	3,56
40,34	3,61
40,36	3,65
40,39	3,70
40,41	3,76
40,43	3,81
40,46	3,84
40,48	3,88
40,51	3,93
40,53	3,97
40,56	4,03
40,58	4,05
40,61	4,11
40,63	4,17
40,65	4,24
40,68	4,31
40,70	4,38
40,73	4,42
40,75	4,52
40,78	4,57
40,80	4,64
40,83	4,69
40,85	4,75
40,87	4,79
40,90	4,86
40,92	4,91
40,95	5,00
40,97	5,05
41,00	5,14
41,02	5,23
41,05	5,33
41,07	5,39
41,09	5,49
41,12	5,54
41,14	5,65
41,17	5,71
41,19	5,78
41,22	5,84
41,24	5,92
41,26	5,98
41,29	6,08
41,31	6,14
41,34	6,23
41,36	6,31
41,39	6,40
41,41	6,48
41,44	6,57
41,46	6,62
41,48	6,73
41,51	6,78
41,53	6,85
41,56	6,91
41,58	6,97
41,61	7,03
41,63	7,11
41,66	7,16
41,68	7,25
41,70	7,29
41,73	7,37
41,75	7,44
41,78	7,52
41,80	7,57
41,83	7,64
41,85	7,68
41,88	7,75
41,90	7,79
41,92	7,84
41,95	7,88
41,97	7,92
42,00	7,95
42,02	8,00
42,05	8,02
42,07	8,06
42,10	8,08
42,12	8,10
42,14	8,13
42,17	8,15
42,19	8,16
42,22	8,20
42,24	8,19
42,27	8,18
42,29	8,18
42,31	8,16
42,34	8,17
42,36	8,15
42,39	8,13
42,41	8,13
42,44	8,10
42,46	8,08
42,49	8,08
42,51	8,05
42,53	8,03
42,56	8,00
42,58	7,96
42,61	7,94
42,63	7,91
42,66	7,85
42,68	7,82
42,71	7,75
42,73	7,70
42,75	7,65
42,78	7,59
42,80	7,53
42,83	7,48
42,85	7,40
42,88	7,36
42,90	7,29
42,93	7,24
42,95	7,18
42,97	7,12
43,00	7,04
43,02	7,00
43,05	6,90
43,07	6,85
43,10	6,75
43,12	6,68
43,15	6,59
43,17	6,51
43,19	6,41
43,22	6,38
43,24	6,28
43,27	6,23
43,29	6,14
43,32	6,09
43,34	6,02
43,36	5,97
43,39	5,86
43,41	5,80
43,44	5,71
43,46	5,64
43,49	5,58
43,51	5,51
43,54	5,43
43,56	5,37
43,58	5,29
43,61	5,26
43,63	5,19
43,66	5,13
43,68	5,06
43,71	5,00
43,73	4,93
43,76	4,87
43,78	4,79
43,80	4,74
43,83	4,66
43,85	4,61
43,88	4,57
43,90	4,52
43,93	4,47
43,95	4,44
43,98	4,39
44,00	4,36
44,02	4,32
44,05	4,29
44,07	4,27
44,10	4,23
44,12	4,19
44,15	4,16
44,17	4,13
44,20	4,10
44,22	4,09
44,24	4,06
44,27	4,05
44,29	4,02
44,32	4,01
44,34	4,00
44,37	3,99
44,39	3,95
44,41	3,95
44,44	3,92
44,46	3,92
44,49	3,91
44,51	3,92
44,54	3,90
44,56	3,91
44,59	3,91
44,61	3,95
44,63	3,92
44,66	3,95
44,68	3,95
44,71	3,98
44,73	3,99
44,76	4,02
44,78	4,03
44,81	4,10
44,83	4,12
44,85	4,15
44,88	4,19
44,90	4,23
44,93	4,26
44,95	4,33
44,98	4,35
45,00	4,40
45,03	4,43
45,05	4,47
45,07	4,53
45,10	4,58
45,12	4,60
45,15	4,67
45,17	4,71
45,20	4,77
45,22	4,83
45,25	4,90
45,27	4,96
45,29	5,04
45,32	5,09
45,34	5,17
45,37	5,21
45,39	5,28
45,42	5,36
45,44	5,43
45,47	5,50
45,49	5,59
45,51	5,67
45,54	5,77
45,56	5,86
45,59	5,93
45,61	6,03
45,64	6,11
45,66	6,19
45,68	6,28
45,71	6,38
45,73	6,45
45,76	6,55
45,78	6,61
45,81	6,71
45,83	6,81
45,86	6,91
45,88	7,00
45,90	7,11
45,93	7,19
45,95	7,32
45,98	7,42
46,00	7,53
46,03	7,61
46,05	7,72
46,08	7,82
46,10	7,93
46,12	8,01
46,15	8,13
46,17	8,23
46,20	8,35
46,22	8,45
46,25	8,56
46,27	8,67
46,30	8,80
46,32	8,87
46,34	9,00
46,37	9,08
46,39	9,18
46,42	9,27
46,44	9,36
46,47	9,43
46,49	9,53
46,52	9,60
46,54	9,71
46,56	9,79
46,59	9,87
46,61	9,95
46,64	10,04
46,66	10,09
46,69	10,19
46,71	10,22
46,73	10,30
46,76	10,33
46,78	10,39
46,81	10,45
46,83	10,52
46,86	10,54
46,88	10,63
46,91	10,66
46,93	10,72
46,95	10,75
46,98	10,78
47,00	10,81
47,03	10,84
47,05	10,83
47,08	10,87
47,10	10,87
47,13	10,89
47,15	10,92
47,17	10,92
47,20	10,91
47,22	10,91
47,25	10,88
47,27	10,89
47,30	10,85
47,32	10,80
47,35	10,77
47,37	10,73
47,39	10,70
47,42	10,67
47,44	10,61
47,47	10,57
47,49	10,53
47,52	10,46
47,54	10,44
47,57	10,37
47,59	10,30
47,61	10,25
47,64	10,17
47,66	10,09
47,69	10,01
47,71	9,91
47,74	9,82
47,76	9,74
47,78	9,64
47,81	9,56
47,83	9,48
47,86	9,40
47,88	9,35
47,91	9,25
47,93	9,15
47,96	9,04
47,98	8,95
48,00	8,84
48,03	8,74
48,05	8,58
48,08	8,48
48,10	8,35
48,13	8,29
48,15	8,16
48,18	8,06
48,20	7,95
48,22	7,87
48,25	7,75
48,27	7,68
48,30	7,53
48,32	7,43
48,35	7,32
48,37	7,24
48,40	7,13
48,42	7,05
48,44	6,93
48,47	6,87
48,49	6,77
48,52	6,69
48,54	6,60
48,57	6,53
48,59	6,45
48,62	6,40
48,64	6,30
48,66	6,24
48,69	6,14
48,71	6,06
48,74	5,99
48,76	5,92
48,79	5,82
48,81	5,77
48,84	5,70
48,86	5,67
48,88	5,62
48,91	5,58
48,93	5,53
48,96	5,49
48,98	5,43
49,01	5,40
49,03	5,34
49,05	5,29
49,08	5,24
49,10	5,20
49,13	5,18
49,15	5,14
49,18	5,12
49,20	5,12
49,23	5,10
49,25	5,10
49,27	5,10
49,30	5,09
49,32	5,10
49,35	5,11
49,37	5,09
49,40	5,10
49,42	5,12
49,45	5,13
49,47	5,16
49,49	5,16
49,52	5,17
49,54	5,19
49,57	5,21
49,59	5,24
49,62	5,27
49,64	5,27
49,67	5,33
49,69	5,34
49,71	5,39
49,74	5,43
49,76	5,49
49,79	5,52
49,81	5,59
49,84	5,62
49,86	5,70
49,89	5,72
49,91	5,78
49,93	5,84
49,96	5,92
49,98	5,97
50,01	6,06
50,03	6,11
50,06	6,22
50,08	6,29
50,10	6,37
50,13	6,45
50,15	6,56
50,18	6,62
50,20	6,74
50,23	6,81
50,25	6,91
50,28	6,98
50,30	7,07
50,32	7,16
50,35	7,26
50,37	7,33
50,40	7,45
50,42	7,54
50,45	7,67
50,47	7,78
50,50	7,89
50,52	8,00
50,54	8,11
50,57	8,21
50,59	8,33
50,62	8,41
50,64	8,53
50,67	8,65
50,69	8,78
50,72	8,91
50,74	9,06
50,76	9,18
50,79	9,34
50,81	9,48
50,84	9,62
50,86	9,76
50,89	9,87
50,91	9,97
50,94	10,13
50,96	10,24
50,98	10,37
51,01	10,49
51,03	10,60
51,06	10,76
51,08	10,89
51,11	11,02
51,13	11,15
51,15	11,29
51,18	11,40
51,20	11,54
51,23	11,65
51,25	11,80
51,28	11,90
51,30	12,01
51,33	12,11
51,35	12,23
51,37	12,31
51,40	12,45
51,42	12,54
51,45	12,67
51,47	12,76
51,50	12,88
51,52	12,98
51,55	13,10
51,57	13,17
51,59	13,27
51,62	13,32
51,64	13,41
51,67	13,49
51,69	13,57
51,72	13,62
51,74	13,70
51,77	13,74
51,79	13,83
51,81	13,87
51,84	13,91
51,86	13,94
51,89	13,98
51,91	13,99
51,94	14,03
51,96	14,02
51,99	14,06
52,01	14,04
52,03	14,05
52,06	14,04
52,08	14,06
52,11	14,04
52,13	14,05
52,16	14,02
52,18	14,01
52,20	13,97
52,23	13,96
52,25	13,90
52,28	13,86
52,30	13,78
52,33	13,74
52,35	13,66
52,38	13,62
52,40	13,55
52,42	13,49
52,45	13,41
52,47	13,33
52,50	13,23
52,52	13,17
52,55	13,05
52,57	12,92
52,60	12,82
52,62	12,69
52,64	12,59
52,67	12,50
52,69	12,37
52,72	12,28
52,74	12,16
52,77	12,04
52,79	11,95
52,82	11,83
52,84	11,68
52,86	11,57
52,89	11,43
52,91	11,30
52,94	11,17
52,96	11,03
52,99	10,91
53,01	10,79
53,04	10,63
53,06	10,51
53,08	10,38
53,11	10,26
53,13	10,16
53,16	10,00
53,18	9,86
53,21	9,72
53,23	9,59
53,26	9,47
53,28	9,35
53,30	9,18
53,33	9,08
53,35	8,95
53,38	8,86
53,40	8,74
53,43	8,64
53,45	8,51
53,47	8,42
53,50	8,29
53,52	8,22
53,55	8,09
53,57	8,02
53,60	7,92
53,62	7,85
53,65	7,75
53,67	7,69
53,69	7,58
53,72	7,53
53,74	7,44
53,77	7,37
53,79	7,29
53,82	7,24
53,84	7,16
53,87	7,15
53,89	7,07
53,91	7,03
53,94	6,97
53,96	6,94
53,99	6,91
54,01	6,88
54,04	6,83
54,06	6,82
54,09	6,77
54,11	6,75
54,13	6,72
54,16	6,70
54,18	6,69
54,21	6,69
54,23	6,67
54,26	6,69
54,28	6,69
54,31	6,69
54,33	6,70
54,35	6,71
54,38	6,73
54,40	6,74
54,43	6,76
54,45	6,78
54,48	6,83
54,50	6,87
54,52	6,92
54,55	6,94
54,57	7,00
54,60	7,06
54,62	7,13
54,65	7,18
54,67	7,26
54,70	7,31
54,72	7,41
54,74	7,47
54,77	7,53
54,79	7,59
54,82	7,65
54,84	7,70
54,87	7,80
54,89	7,86
54,92	7,98
54,94	8,06
54,96	8,18
54,99	8,30
55,01	8,42
55,04	8,51
55,06	8,66
55,09	8,74
55,11	8,86
55,14	8,95
55,16	9,06
55,18	9,17
55,21	9,28
55,23	9,36
55,26	9,50
55,28	9,62
55,31	9,76
55,33	9,89
55,36	10,04
55,38	10,18
55,40	10,35
55,43	10,48
55,45	10,64
55,48	10,76
55,50	10,90
55,53	11,03
55,55	11,15
55,57	11,28
55,60	11,44
55,62	11,58
55,65	11,76
55,67	11,92
55,70	12,08
55,72	12,27
55,75	12,44
55,77	12,58
55,79	12,76
55,82	12,89
55,84	13,04
55,87	13,19
55,89	13,34
55,92	13,48
55,94	13,65
55,97	13,79
55,99	13,96
56,01	14,13
56,04	14,30
56,06	14,47
56,09	14,61
56,11	14,78
56,14	14,92
56,16	15,07
56,19	15,24
56,21	15,36
56,23	15,48
56,26	15,63
56,28	15,72
56,31	15,87
56,33	15,99
56,36	16,12
56,38	16,24
56,41	16,36
56,43	16,46
56,45	16,64
56,48	16,72
56,50	16,83
56,53	16,92
56,55	17,02
56,58	17,11
56,60	17,20
56,62	17,25
56,65	17,33
56,67	17,39
56,70	17,46
56,72	17,51
56,75	17,58
56,77	17,63
56,80	17,68
56,82	17,71
56,84	17,77
56,87	17,78
56,89	17,81
56,92	17,84
56,94	17,86
56,97	17,86
56,99	17,88
57,02	17,82
57,04	17,82
57,06	17,78
57,09	17,75
57,11	17,70
57,14	17,66
57,16	17,60
57,19	17,60
57,21	17,53
57,24	17,49
57,26	17,43
57,28	17,39
57,31	17,32
57,33	17,26
57,36	17,16
57,38	17,08
57,41	16,96
57,43	16,87
57,46	16,75
57,48	16,63
57,50	16,48
57,53	16,38
57,55	16,26
57,58	16,16
57,60	16,02
57,63	15,89
57,65	15,80
57,68	15,68
57,70	15,52
57,72	15,37
57,75	15,18
57,77	15,02
57,80	14,86
57,82	14,67
57,85	14,51
57,87	14,36
57,89	14,22
57,92	14,10
57,94	13,95
57,97	13,82
57,99	13,68
58,02	13,56
58,04	13,39
58,07	13,23
58,09	13,06
58,11	12,90
58,14	12,73
58,16	12,57
58,19	12,41
58,21	12,24
58,24	12,10
58,26	11,96
58,29	11,81
58,31	11,68
58,33	11,55
58,36	11,39
58,38	11,31
58,41	11,15
58,43	11,03
58,46	10,90
58,48	10,78
58,51	10,63
58,53	10,53
58,55	10,37
58,58	10,29
58,60	10,15
58,63	10,07
58,65	9,97
58,68	9,91
58,70	9,80
58,73	9,76
58,75	9,66
58,77	9,61
58,80	9,52
58,82	9,46
58,85	9,38
58,87	9,34
58,90	9,27
58,92	9,23
58,94	9,16
58,97	9,14
58,99	9,10
59,02	9,08
59,04	9,04
59,07	9,03
59,09	8,99
59,12	9,02
59,14	9,00
59,16	9,00
59,19	9,00
59,21	9,00
59,24	9,01
59,26	9,04
59,29	9,04
59,31	9,06
59,34	9,07
59,36	9,10
59,38	9,16
59,41	9,19
59,43	9,24
59,46	9,28
59,48	9,33
59,51	9,40
59,53	9,47
59,56	9,53
59,58	9,62
59,60	9,68
59,63	9,75
59,65	9,82
59,68	9,90
59,70	9,97
59,73	10,06
59,75	10,12
59,78	10,24
59,80	10,33
59,82	10,45
59,85	10,58
59,87	10,70
59,90	10,81
59,92	10,97
59,95	11,08
59,97	11,20
59,99	11,28
