U1/V	IA/nA
0,02	0,42
0,04	0,42
0,07	0,44
0,09	0,45
0,12	0,47
0,14	0,46
0,17	0,46
0,19	0,46
0,21	0,45
0,24	0,44
0,26	0,45
0,29	0,45
0,31	0,46
0,34	0,45
0,36	0,45
0,39	0,46
0,41	0,46
0,43	0,45
0,46	0,46
0,48	0,45
0,51	0,46
0,53	0,45
0,56	0,46
0,58	0,46
0,61	0,45
0,63	0,44
0,65	0,45
0,68	0,45
0,70	0,44
0,73	0,45
0,75	0,45
0,78	0,46
0,80	0,45
0,83	0,45
0,85	0,45
0,87	0,46
0,90	0,45
0,92	0,47
0,95	0,45
0,97	0,46
1,00	0,44
1,02	0,45
1,05	0,44
1,07	0,45
1,09	0,42
1,12	0,45
1,14	0,44
1,17	0,46
1,19	0,45
1,22	0,46
1,24	0,44
1,26	0,45
1,29	0,43
1,31	0,46
1,34	0,41
1,36	0,43
1,39	0,42
1,41	0,44
1,44	0,43
1,46	0,45
1,48	0,43
1,51	0,47
1,53	0,45
1,56	0,47
1,58	0,46
1,61	0,48
1,63	0,46
1,66	0,49
1,68	0,47
1,70	0,49
1,73	0,48
1,75	0,49
1,78	0,49
1,80	0,50
1,83	0,48
1,85	0,50
1,88	0,48
1,90	0,48
1,92	0,46
1,95	0,46
1,97	0,45
2,00	0,46
2,02	0,44
2,05	0,46
2,07	0,43
2,10	0,44
2,12	0,45
2,14	0,46
2,17	0,45
2,19	0,45
2,22	0,44
2,24	0,47
2,27	0,47
2,29	0,46
2,31	0,46
2,34	0,46
2,36	0,46
2,39	0,48
2,41	0,49
2,44	0,48
2,46	0,49
2,49	0,48
2,51	0,49
2,53	0,48
2,56	0,47
2,58	0,47
2,61	0,48
2,63	0,46
2,66	0,47
2,68	0,46
2,71	0,48
2,73	0,46
2,75	0,46
2,78	0,44
2,80	0,43
2,83	0,41
2,85	0,44
2,88	0,43
2,90	0,44
2,93	0,44
2,95	0,45
2,97	0,45
3,00	0,47
3,02	0,44
3,05	0,46
3,07	0,45
3,10	0,45
3,12	0,46
3,15	0,47
3,17	0,47
3,19	0,50
3,22	0,47
3,24	0,49
3,27	0,48
3,29	0,48
3,32	0,46
3,34	0,46
3,36	0,44
3,39	0,47
3,41	0,45
3,44	0,47
3,46	0,46
3,49	0,47
3,51	0,46
3,54	0,45
3,56	0,44
3,58	0,45
3,61	0,43
3,63	0,44
3,66	0,44
3,68	0,46
3,71	0,47
3,73	0,46
3,76	0,44
3,78	0,46
3,80	0,45
3,83	0,45
3,85	0,46
3,88	0,45
3,90	0,45
3,93	0,48
3,95	0,46
3,98	0,48
4,00	0,49
4,02	0,47
4,05	0,47
4,07	0,46
4,10	0,44
4,12	0,44
4,15	0,44
4,17	0,43
4,20	0,43
4,22	0,42
4,24	0,45
4,27	0,43
4,29	0,43
4,32	0,43
4,34	0,44
4,37	0,43
4,39	0,45
4,42	0,44
4,44	0,45
4,46	0,45
4,49	0,44
4,51	0,44
4,54	0,45
4,56	0,44
4,59	0,46
4,61	0,44
4,63	0,46
4,66	0,46
4,68	0,47
4,71	0,47
4,73	0,49
4,76	0,46
4,78	0,48
4,81	0,45
4,83	0,46
4,85	0,45
4,88	0,45
4,90	0,43
4,93	0,45
4,95	0,43
4,98	0,45
5,00	0,43
5,03	0,45
5,05	0,45
5,07	0,47
5,10	0,45
5,12	0,48
5,15	0,47
5,17	0,50
5,20	0,48
5,22	0,47
5,25	0,47
5,27	0,47
5,29	0,45
5,32	0,48
5,34	0,48
5,37	0,50
5,39	0,49
5,42	0,50
5,44	0,49
5,47	0,50
5,49	0,48
5,51	0,49
5,54	0,47
5,56	0,48
5,59	0,47
5,61	0,47
5,64	0,47
5,66	0,47
5,68	0,45
5,71	0,46
5,73	0,47
5,76	0,46
5,78	0,47
5,81	0,47
5,83	0,47
5,86	0,46
5,88	0,47
5,90	0,46
5,93	0,47
5,95	0,46
5,98	0,46
6,00	0,45
6,03	0,46
6,05	0,48
6,08	0,49
6,10	0,48
6,12	0,49
6,15	0,48
6,17	0,51
6,20	0,50
6,22	0,49
6,25	0,48
6,27	0,48
6,30	0,46
6,32	0,47
6,34	0,44
6,37	0,46
6,39	0,45
6,42	0,46
6,44	0,46
6,47	0,47
6,49	0,45
6,52	0,50
6,54	0,47
6,56	0,48
6,59	0,47
6,61	0,47
6,64	0,48
6,66	0,49
6,69	0,45
6,71	0,47
6,73	0,44
6,76	0,45
6,78	0,47
6,81	0,47
6,83	0,45
6,86	0,47
6,88	0,46
6,91	0,51
6,93	0,49
6,95	0,47
6,98	0,46
7,00	0,47
7,03	0,46
7,05	0,47
7,08	0,43
7,10	0,44
7,13	0,43
7,15	0,44
7,17	0,45
7,20	0,45
7,22	0,44
7,25	0,47
7,27	0,46
7,30	0,47
7,32	0,47
7,35	0,47
7,37	0,47
7,39	0,48
7,42	0,45
7,44	0,46
7,47	0,46
7,49	0,46
7,52	0,48
7,54	0,47
7,57	0,47
7,59	0,47
7,61	0,47
7,64	0,49
7,66	0,49
7,69	0,46
7,71	0,47
7,74	0,46
7,76	0,47
7,78	0,46
7,81	0,45
7,83	0,44
7,86	0,43
7,88	0,43
7,91	0,45
7,93	0,45
7,96	0,45
7,98	0,46
8,00	0,46
8,03	0,46
8,05	0,49
8,08	0,47
8,10	0,48
8,13	0,47
8,15	0,46
8,18	0,45
8,20	0,45
8,22	0,44
8,25	0,48
8,27	0,47
8,30	0,48
8,32	0,48
8,35	0,50
8,37	0,50
8,40	0,52
8,42	0,48
8,44	0,50
8,47	0,47
8,49	0,47
8,52	0,46
8,54	0,47
8,57	0,46
8,59	0,47
8,62	0,45
8,64	0,49
8,66	0,48
8,69	0,49
8,71	0,50
8,74	0,51
8,76	0,50
8,79	0,50
8,81	0,49
8,84	0,50
8,86	0,50
8,88	0,48
8,91	0,50
8,93	0,50
8,96	0,49
8,98	0,52
9,01	0,51
9,03	0,51
9,05	0,51
9,08	0,49
9,10	0,51
9,13	0,52
9,15	0,50
9,18	0,50
9,20	0,48
9,23	0,49
9,25	0,49
9,27	0,46
9,30	0,47
9,32	0,46
9,35	0,47
9,37	0,48
9,40	0,48
9,42	0,47
9,45	0,51
9,47	0,50
9,49	0,51
9,52	0,50
9,54	0,51
9,57	0,51
9,59	0,53
9,62	0,49
9,64	0,50
9,67	0,47
9,69	0,48
9,71	0,46
9,74	0,47
9,76	0,46
9,79	0,48
9,81	0,47
9,84	0,51
9,86	0,49
9,89	0,51
9,91	0,50
9,93	0,49
9,96	0,48
9,98	0,50
10,01	0,48
10,03	0,50
10,06	0,48
10,08	0,50
10,10	0,51
10,13	0,52
10,15	0,50
10,18	0,54
10,20	0,52
10,23	0,54
10,25	0,52
10,28	0,52
10,30	0,51
10,32	0,53
10,35	0,49
10,37	0,52
10,40	0,50
10,42	0,51
10,45	0,50
10,47	0,51
10,50	0,50
10,52	0,51
10,54	0,49
10,57	0,53
10,59	0,52
10,62	0,52
10,64	0,52
10,67	0,51
10,69	0,51
10,72	0,51
10,74	0,49
10,76	0,50
10,79	0,48
10,81	0,49
10,84	0,51
10,86	0,52
10,89	0,52
10,91	0,54
10,94	0,53
10,96	0,55
10,98	0,57
11,01	0,57
11,03	0,57
11,06	0,57
11,08	0,55
11,11	0,56
11,13	0,54
11,15	0,53
11,18	0,54
11,20	0,53
11,23	0,54
11,25	0,55
11,28	0,55
11,30	0,59
11,33	0,59
11,35	0,58
11,37	0,59
11,40	0,56
11,42	0,56
11,45	0,56
11,47	0,54
11,50	0,53
11,52	0,53
11,55	0,52
11,57	0,57
11,59	0,56
11,62	0,57
11,64	0,56
11,67	0,57
11,69	0,56
11,72	0,60
11,74	0,57
11,77	0,59
11,79	0,57
11,81	0,59
11,84	0,59
11,86	0,60
11,89	0,56
11,91	0,58
11,94	0,57
11,96	0,59
11,99	0,57
12,01	0,59
12,03	0,61
12,06	0,62
12,08	0,60
12,11	0,62
12,13	0,58
12,16	0,60
12,18	0,57
12,21	0,56
12,23	0,57
12,25	0,57
12,28	0,56
12,30	0,60
12,33	0,59
12,35	0,60
12,38	0,59
12,40	0,61
12,42	0,61
12,45	0,62
12,47	0,60
12,50	0,62
12,52	0,62
12,55	0,63
12,57	0,63
12,60	0,61
12,62	0,60
12,64	0,60
12,67	0,60
12,69	0,61
12,72	0,62
12,74	0,60
12,77	0,65
12,79	0,65
12,82	0,66
12,84	0,67
12,86	0,65
12,89	0,64
12,91	0,64
12,94	0,62
12,96	0,63
12,99	0,61
13,01	0,61
13,04	0,62
13,06	0,62
13,08	0,61
13,11	0,64
13,13	0,63
13,16	0,65
13,18	0,65
13,21	0,65
13,23	0,64
13,26	0,66
13,28	0,64
13,30	0,67
13,33	0,64
13,35	0,66
13,38	0,65
13,40	0,67
13,43	0,66
13,45	0,68
13,47	0,65
13,50	0,70
13,52	0,68
13,55	0,69
13,57	0,67
13,60	0,68
13,62	0,66
13,65	0,69
13,67	0,66
13,69	0,69
13,72	0,66
13,74	0,69
13,77	0,69
13,79	0,71
13,82	0,69
13,84	0,71
13,87	0,69
13,89	0,72
13,91	0,70
13,94	0,72
13,96	0,71
13,99	0,72
14,01	0,70
14,04	0,72
14,06	0,70
14,09	0,71
14,11	0,70
14,13	0,70
14,16	0,70
14,18	0,71
14,21	0,70
14,23	0,75
14,26	0,74
14,28	0,75
14,31	0,74
14,33	0,75
14,35	0,75
14,38	0,75
14,40	0,74
14,43	0,75
14,45	0,73
14,48	0,74
14,50	0,75
14,52	0,74
14,55	0,75
14,57	0,74
14,60	0,74
14,62	0,75
14,65	0,76
14,67	0,74
14,70	0,76
14,72	0,74
14,74	0,75
14,77	0,76
14,79	0,75
14,82	0,74
14,84	0,76
14,87	0,73
14,89	0,75
14,92	0,73
14,94	0,74
14,96	0,75
14,99	0,75
15,01	0,74
15,04	0,76
15,06	0,75
15,09	0,77
15,11	0,76
15,14	0,78
15,16	0,77
15,18	0,77
15,21	0,74
15,23	0,78
15,26	0,75
15,28	0,76
15,31	0,74
15,33	0,75
15,36	0,76
15,38	0,78
15,40	0,75
15,43	0,78
15,45	0,76
15,48	0,78
15,50	0,78
15,53	0,79
15,55	0,76
15,57	0,78
15,60	0,76
15,62	0,78
15,65	0,76
15,67	0,76
15,70	0,76
15,72	0,78
15,75	0,76
15,77	0,79
15,79	0,76
15,82	0,78
15,84	0,76
15,87	0,77
15,89	0,76
15,92	0,76
15,94	0,75
15,97	0,77
15,99	0,76
16,01	0,77
16,04	0,77
16,06	0,78
16,09	0,80
16,11	0,81
16,14	0,79
16,16	0,79
16,19	0,80
16,21	0,81
16,23	0,82
16,26	0,82
16,28	0,82
16,31	0,82
16,33	0,83
16,36	0,84
16,38	0,83
16,41	0,81
16,43	0,82
16,45	0,80
16,48	0,81
16,50	0,80
16,53	0,80
16,55	0,79
16,58	0,81
16,60	0,79
16,63	0,82
16,65	0,80
16,67	0,81
16,70	0,81
16,72	0,82
16,75	0,80
16,77	0,82
16,80	0,82
16,82	0,84
16,84	0,83
16,87	0,83
16,89	0,83
16,92	0,86
16,94	0,84
16,97	0,88
16,99	0,87
17,02	0,89
17,04	0,88
17,06	0,90
17,09	0,89
17,11	0,91
17,14	0,86
17,16	0,89
17,19	0,87
17,21	0,89
17,24	0,88
17,26	0,88
17,28	0,87
17,31	0,89
17,33	0,87
17,36	0,90
17,38	0,88
17,41	0,89
17,43	0,90
17,46	0,92
17,48	0,91
17,50	0,93
17,53	0,92
17,55	0,95
17,58	0,95
17,60	0,96
17,63	0,96
17,65	0,97
17,68	0,97
17,70	1,00
17,72	0,99
17,75	1,00
17,77	0,99
17,80	0,99
17,82	1,00
17,85	1,00
17,87	0,99
17,89	1,01
17,92	1,00
17,94	1,00
17,97	1,01
17,99	1,00
18,02	1,00
18,04	1,01
18,07	1,00
18,09	1,01
18,11	1,00
18,14	1,00
18,16	1,04
18,19	1,03
18,21	1,05
18,24	1,04
18,26	1,05
18,29	1,06
18,31	1,08
18,33	1,05
18,36	1,07
18,38	1,05
18,41	1,07
18,43	1,09
18,46	1,11
18,48	1,09
18,51	1,11
18,53	1,10
18,55	1,13
18,58	1,11
18,60	1,11
18,63	1,10
18,65	1,12
18,68	1,11
18,70	1,13
18,73	1,11
18,75	1,13
18,77	1,11
18,80	1,12
18,82	1,12
18,85	1,13
18,87	1,12
18,90	1,15
18,92	1,13
18,94	1,14
18,97	1,13
18,99	1,15
19,02	1,14
19,04	1,16
19,07	1,13
19,09	1,16
19,12	1,14
19,14	1,16
19,16	1,16
19,19	1,17
19,21	1,16
19,24	1,17
19,26	1,15
19,29	1,19
19,31	1,17
19,34	1,16
19,36	1,16
19,38	1,15
19,41	1,14
19,43	1,15
19,46	1,12
19,48	1,13
19,51	1,12
19,53	1,11
19,56	1,13
19,58	1,14
19,60	1,14
19,63	1,16
19,65	1,15
19,68	1,15
19,70	1,17
19,73	1,16
19,75	1,16
19,78	1,15
19,80	1,14
19,82	1,15
19,85	1,15
19,87	1,13
19,90	1,16
19,92	1,16
19,95	1,17
19,97	1,16
19,99	1,16
20,02	1,17
20,04	1,17
20,07	1,14
20,09	1,15
20,12	1,12
20,14	1,14
20,17	1,13
20,19	1,13
20,21	1,13
20,24	1,12
20,26	1,10
20,29	1,13
20,31	1,11
20,34	1,12
20,36	1,11
20,39	1,12
20,41	1,12
20,43	1,13
20,46	1,12
20,48	1,13
20,51	1,12
20,53	1,11
20,56	1,10
20,58	1,11
20,61	1,09
20,63	1,12
20,65	1,11
20,68	1,13
20,70	1,12
20,73	1,12
20,75	1,13
20,78	1,14
20,80	1,11
20,83	1,12
20,85	1,09
20,87	1,10
20,90	1,09
20,92	1,08
20,95	1,07
20,97	1,08
21,00	1,07
21,02	1,09
21,05	1,08
21,07	1,11
21,09	1,12
21,12	1,13
21,14	1,13
21,17	1,14
21,19	1,14
21,22	1,15
21,24	1,14
21,26	1,13
21,29	1,13
21,31	1,12
21,34	1,11
21,36	1,13
21,39	1,14
21,41	1,15
21,44	1,15
21,46	1,15
21,48	1,19
21,51	1,19
21,53	1,19
21,56	1,19
21,58	1,18
21,61	1,17
21,63	1,18
21,66	1,16
21,68	1,18
21,70	1,17
21,73	1,18
21,75	1,20
21,78	1,22
21,80	1,22
21,83	1,26
21,85	1,26
21,88	1,28
21,90	1,28
21,92	1,30
21,95	1,30
21,97	1,32
22,00	1,29
22,02	1,32
22,05	1,30
22,07	1,32
22,10	1,32
22,12	1,35
22,14	1,34
22,17	1,37
22,19	1,35
22,22	1,40
22,24	1,40
22,27	1,42
22,29	1,43
22,31	1,43
22,34	1,42
22,36	1,46
22,39	1,43
22,41	1,46
22,44	1,44
22,46	1,46
22,49	1,48
22,51	1,50
22,53	1,49
22,56	1,53
22,58	1,53
22,61	1,57
22,63	1,56
22,66	1,59
22,68	1,59
22,71	1,61
22,73	1,59
22,75	1,61
22,78	1,60
22,80	1,61
22,83	1,61
22,85	1,62
22,88	1,63
22,90	1,64
22,93	1,64
22,95	1,68
22,97	1,69
23,00	1,70
23,02	1,71
23,05	1,69
23,07	1,70
23,10	1,71
23,12	1,69
23,15	1,69
23,17	1,69
23,19	1,69
23,22	1,72
23,24	1,73
23,27	1,73
23,29	1,75
23,32	1,76
23,34	1,76
23,36	1,78
23,39	1,76
23,41	1,77
23,44	1,76
23,46	1,75
23,49	1,76
23,51	1,76
23,54	1,74
23,56	1,77
23,58	1,75
23,61	1,77
23,63	1,75
23,66	1,76
23,68	1,79
23,71	1,81
23,73	1,77
23,76	1,80
23,78	1,76
23,80	1,78
23,83	1,76
23,85	1,74
23,88	1,72
23,90	1,73
23,93	1,70
23,95	1,74
23,98	1,71
24,00	1,72
24,02	1,72
24,05	1,73
24,07	1,73
24,10	1,75
24,12	1,72
24,15	1,74
24,17	1,72
24,20	1,73
24,22	1,71
24,24	1,70
24,27	1,68
24,29	1,69
24,32	1,67
24,34	1,68
24,37	1,66
24,39	1,65
24,42	1,67
24,44	1,67
24,46	1,67
24,49	1,67
24,51	1,63
24,54	1,63
24,56	1,62
24,59	1,60
24,61	1,58
24,63	1,56
24,66	1,55
24,68	1,57
24,71	1,56
24,73	1,55
24,76	1,56
24,78	1,57
24,81	1,57
24,83	1,56
24,85	1,55
24,88	1,54
24,90	1,54
24,93	1,53
24,95	1,52
24,98	1,48
25,00	1,49
25,03	1,49
25,05	1,49
25,07	1,49
25,10	1,49
25,12	1,46
25,15	1,51
25,17	1,49
25,20	1,48
25,22	1,47
25,25	1,46
25,27	1,45
25,29	1,46
25,32	1,49
25,34	1,52
25,37	1,50
25,39	1,50
25,42	1,51
25,44	1,52
25,47	1,51
25,49	1,46
25,51	1,44
25,54	1,47
25,56	1,45
25,59	1,46
25,61	1,45
25,64	1,47
25,66	1,44
25,68	1,47
25,71	1,43
25,73	1,46
25,76	1,45
25,78	1,47
25,81	1,47
25,83	1,49
25,86	1,47
25,88	1,53
25,90	1,52
25,93	1,54
25,95	1,53
25,98	1,52
26,00	1,52
26,03	1,55
26,05	1,51
26,08	1,53
26,10	1,52
26,12	1,54
26,15	1,56
26,17	1,58
26,20	1,57
26,22	1,60
26,25	1,60
26,27	1,63
26,30	1,64
26,32	1,65
26,34	1,66
26,37	1,68
26,39	1,69
26,42	1,71
26,44	1,70
26,47	1,72
26,49	1,74
26,52	1,75
26,54	1,77
26,56	1,78
26,59	1,80
26,61	1,85
26,64	1,86
26,66	1,87
26,69	1,90
26,71	1,91
26,73	1,94
26,76	1,95
26,78	1,96
26,81	1,98
26,83	1,99
26,86	1,99
26,88	2,03
26,91	2,03
26,93	2,06
26,95	2,07
26,98	2,09
27,00	2,12
27,03	2,16
27,05	2,15
27,08	2,19
27,10	2,20
27,13	2,23
27,15	2,25
27,17	2,26
27,20	2,26
27,22	2,29
27,25	2,29
27,27	2,33
27,30	2,33
27,32	2,35
27,35	2,39
27,37	2,42
27,39	2,43
27,42	2,47
27,44	2,46
27,47	2,50
27,49	2,50
27,52	2,52
27,54	2,52
27,57	2,53
27,59	2,52
27,61	2,56
27,64	2,54
27,66	2,57
27,69	2,58
27,71	2,60
27,74	2,63
27,76	2,66
27,78	2,65
27,81	2,68
27,83	2,68
27,86	2,70
27,88	2,72
27,91	2,70
27,93	2,70
27,96	2,71
27,98	2,70
28,00	2,73
28,03	2,73
28,05	2,72
28,08	2,74
28,10	2,74
28,13	2,74
28,15	2,75
28,18	2,73
28,20	2,72
28,22	2,72
28,25	2,71
28,27	2,73
28,30	2,71
28,32	2,70
28,35	2,70
28,37	2,69
28,40	2,68
28,42	2,68
28,44	2,65
28,47	2,66
28,49	2,65
28,52	2,64
28,54	2,64
28,57	2,65
28,59	2,63
28,62	2,66
28,64	2,64
28,66	2,64
28,69	2,62
28,71	2,62
28,74	2,60
28,76	2,60
28,79	2,55
28,81	2,56
28,84	2,52
28,86	2,52
28,88	2,50
28,91	2,49
28,93	2,47
28,96	2,46
28,98	2,42
29,01	2,44
29,03	2,39
29,05	2,39
29,08	2,36
29,10	2,37
29,13	2,35
29,15	2,36
29,18	2,32
29,20	2,34
29,23	2,31
29,25	2,30
29,27	2,26
29,30	2,25
29,32	2,23
29,35	2,24
29,37	2,21
29,40	2,21
29,42	2,20
29,45	2,20
29,47	2,18
29,49	2,18
29,52	2,15
29,54	2,15
29,57	2,12
29,59	2,11
29,62	2,08
29,64	2,08
29,67	2,05
29,69	2,04
29,71	2,03
29,74	2,04
29,76	2,01
29,79	1,99
29,81	1,98
29,84	1,99
29,86	1,97
29,89	1,97
29,91	1,95
29,93	1,97
29,96	1,97
29,98	1,98
30,01	1,98
30,03	1,97
30,06	1,95
30,08	1,97
30,10	1,96
30,13	1,98
30,15	1,97
30,18	1,95
30,20	1,98
30,23	1,97
30,25	1,95
30,28	1,96
30,30	1,93
30,32	1,90
30,35	1,92
30,37	1,90
30,40	1,92
30,42	1,91
30,45	1,92
30,47	1,92
30,50	1,93
30,52	1,92
30,54	1,95
30,57	1,96
30,59	1,99
30,62	1,99
30,64	2,01
30,67	2,02
30,69	2,06
30,72	2,04
30,74	2,06
30,76	2,04
30,79	2,07
30,81	2,09
30,84	2,12
30,86	2,12
30,89	2,16
30,91	2,16
30,94	2,22
30,96	2,23
30,98	2,24
31,01	2,24
31,03	2,27
31,06	2,28
31,08	2,31
31,11	2,31
31,13	2,34
31,15	2,35
31,18	2,39
31,20	2,42
31,23	2,45
31,25	2,48
31,28	2,53
31,30	2,54
31,33	2,59
31,35	2,62
31,37	2,66
31,40	2,69
31,42	2,71
31,45	2,71
31,47	2,75
31,50	2,79
31,52	2,83
31,55	2,87
31,57	2,91
31,59	2,95
31,62	3,00
31,64	3,04
31,67	3,10
31,69	3,13
31,72	3,15
31,74	3,19
31,77	3,21
31,79	3,25
31,81	3,29
31,84	3,31
31,86	3,34
31,89	3,37
31,91	3,38
31,94	3,45
31,96	3,47
31,99	3,51
32,01	3,54
32,03	3,59
32,06	3,61
32,08	3,66
32,11	3,68
32,13	3,72
32,16	3,74
32,18	3,76
32,20	3,78
32,23	3,82
32,25	3,83
32,28	3,89
32,30	3,89
32,33	3,93
32,35	3,94
32,38	3,98
32,40	4,00
32,42	4,04
32,45	4,02
32,47	4,07
32,50	4,05
32,52	4,08
32,55	4,08
32,57	4,10
32,60	4,08
32,62	4,10
32,64	4,09
32,67	4,13
32,69	4,12
32,72	4,14
32,74	4,14
32,77	4,17
32,79	4,17
32,82	4,19
32,84	4,16
32,86	4,17
32,89	4,16
32,91	4,15
32,94	4,13
32,96	4,12
32,99	4,08
33,01	4,12
33,04	4,10
33,06	4,10
33,08	4,08
33,11	4,08
33,13	4,09
33,16	4,08
33,18	4,03
33,21	4,02
33,23	3,97
33,26	3,95
33,28	3,91
33,30	3,86
33,33	3,84
33,35	3,82
33,38	3,79
33,40	3,77
33,43	3,75
33,45	3,72
33,47	3,72
33,50	3,69
33,52	3,66
33,55	3,63
33,57	3,61
33,60	3,58
33,62	3,56
33,65	3,52
33,67	3,50
33,69	3,45
33,72	3,42
33,74	3,40
33,77	3,37
33,79	3,34
33,82	3,32
33,84	3,27
33,87	3,28
33,89	3,25
33,91	3,21
33,94	3,18
33,96	3,14
33,99	3,09
34,01	3,08
34,04	3,01
34,06	3,00
34,09	2,96
34,11	2,94
34,13	2,91
34,16	2,90
34,18	2,86
34,21	2,88
34,23	2,83
34,26	2,83
34,28	2,80
34,31	2,80
34,33	2,77
34,35	2,76
34,38	2,69
34,40	2,69
34,43	2,64
34,45	2,64
34,48	2,62
34,50	2,61
34,52	2,59
34,55	2,59
34,57	2,56
34,60	2,59
34,62	2,58
34,65	2,56
34,67	2,54
34,70	2,52
34,72	2,50
34,74	2,50
34,77	2,46
34,79	2,45
34,82	2,43
34,84	2,44
34,87	2,45
34,89	2,45
34,92	2,44
34,94	2,49
34,96	2,48
34,99	2,48
35,01	2,48
35,04	2,48
35,06	2,49
35,09	2,49
35,11	2,46
35,14	2,48
35,16	2,49
35,18	2,49
35,21	2,51
35,23	2,51
35,26	2,52
35,28	2,53
35,31	2,55
35,33	2,58
35,36	2,60
35,38	2,60
35,40	2,64
35,43	2,63
35,45	2,67
35,48	2,68
35,50	2,70
35,53	2,72
35,55	2,75
35,57	2,75
35,60	2,82
35,62	2,83
35,65	2,87
35,67	2,90
35,70	2,92
35,72	2,95
35,75	3,01
35,77	3,02
35,79	3,07
35,82	3,10
35,84	3,13
35,87	3,17
35,89	3,21
35,92	3,22
35,94	3,28
35,97	3,30
35,99	3,36
36,01	3,39
36,04	3,44
36,06	3,51
36,09	3,58
36,11	3,61
36,14	3,68
36,16	3,69
36,19	3,75
36,21	3,79
36,23	3,82
36,26	3,86
36,28	3,92
36,31	3,95
36,33	4,03
36,36	4,07
36,38	4,14
36,41	4,22
36,43	4,28
36,45	4,34
36,48	4,40
36,50	4,45
36,53	4,52
36,55	4,57
36,58	4,62
36,60	4,68
36,62	4,72
36,65	4,77
36,67	4,82
36,70	4,87
36,72	4,93
36,75	4,97
36,77	5,00
36,80	5,10
36,82	5,14
36,84	5,21
36,87	5,26
36,89	5,29
36,92	5,34
36,94	5,39
36,97	5,40
36,99	5,45
37,02	5,47
37,04	5,50
37,06	5,55
37,09	5,59
37,11	5,61
37,14	5,68
37,16	5,70
37,19	5,76
37,21	5,79
37,24	5,82
37,26	5,84
37,28	5,87
37,31	5,85
37,33	5,90
37,36	5,87
37,38	5,89
37,41	5,88
37,43	5,90
37,46	5,91
37,48	5,92
37,50	5,90
37,53	5,95
37,55	5,92
37,58	5,94
37,60	5,92
37,63	5,90
37,65	5,87
37,68	5,88
37,70	5,83
37,72	5,85
37,75	5,80
37,77	5,80
37,80	5,79
37,82	5,80
37,85	5,75
37,87	5,76
37,89	5,70
37,92	5,69
37,94	5,65
37,97	5,63
37,99	5,57
38,02	5,55
38,04	5,47
38,07	5,47
38,09	5,41
38,11	5,38
38,14	5,33
38,16	5,29
38,19	5,24
38,21	5,20
38,24	5,13
38,26	5,12
38,29	5,05
38,31	5,00
38,33	4,95
38,36	4,88
38,38	4,84
38,41	4,81
38,43	4,73
38,46	4,70
38,48	4,63
38,51	4,58
38,53	4,56
38,55	4,50
38,58	4,45
38,60	4,41
38,63	4,35
38,65	4,32
38,68	4,27
38,70	4,22
38,73	4,17
38,75	4,12
38,77	4,06
38,80	4,03
38,82	3,97
38,85	3,92
38,87	3,88
38,90	3,81
38,92	3,78
38,94	3,73
38,97	3,69
38,99	3,68
39,02	3,65
39,04	3,61
39,07	3,59
39,09	3,52
39,12	3,52
39,14	3,47
39,16	3,44
39,19	3,39
39,21	3,36
39,24	3,32
39,26	3,34
39,29	3,29
39,31	3,29
39,34	3,25
39,36	3,25
39,38	3,23
39,41	3,23
39,43	3,18
39,46	3,19
39,48	3,16
39,51	3,16
39,53	3,14
39,56	3,12
39,58	3,09
39,60	3,10
39,63	3,09
39,65	3,10
39,68	3,08
39,70	3,09
39,73	3,11
39,75	3,12
39,78	3,10
39,80	3,12
39,82	3,11
39,85	3,13
39,87	3,13
39,90	3,14
39,92	3,15
39,95	3,17
39,97	3,17
39,99	3,20
40,02	3,20
40,04	3,22
40,07	3,25
40,09	3,27
40,12	3,31
40,14	3,33
40,17	3,35
40,19	3,39
40,21	3,43
40,24	3,45
40,26	3,50
40,29	3,51
40,31	3,55
40,34	3,59
40,36	3,63
40,39	3,68
40,41	3,74
40,43	3,76
40,46	3,84
40,48	3,86
40,51	3,91
40,53	3,95
40,56	3,99
40,58	4,02
40,61	4,09
40,63	4,13
40,65	4,21
40,68	4,25
40,70	4,32
40,73	4,38
40,75	4,47
40,78	4,51
40,80	4,58
40,83	4,62
40,85	4,70
40,87	4,75
40,90	4,82
40,92	4,87
40,95	4,96
40,97	5,02
41,00	5,14
41,02	5,19
41,05	5,29
41,07	5,36
41,09	5,45
41,12	5,51
41,14	5,60
41,17	5,65
41,19	5,76
41,22	5,82
41,24	5,90
41,26	5,95
41,29	6,04
41,31	6,11
41,34	6,20
41,36	6,25
41,39	6,34
41,41	6,39
41,44	6,49
41,46	6,57
41,48	6,66
41,51	6,72
41,53	6,81
41,56	6,86
41,58	6,95
41,61	7,00
41,63	7,07
41,66	7,15
41,68	7,21
41,70	7,26
41,73	7,34
41,75	7,40
41,78	7,48
41,80	7,56
41,83	7,59
41,85	7,66
41,88	7,71
41,90	7,75
41,92	7,82
41,95	7,85
41,97	7,86
42,00	7,91
42,02	7,94
42,05	7,98
42,07	8,01
42,10	8,04
42,12	8,06
42,14	8,08
42,17	8,09
42,19	8,13
42,22	8,14
42,24	8,15
42,27	8,15
42,29	8,16
42,31	8,16
42,34	8,18
42,36	8,15
42,39	8,17
42,41	8,14
42,44	8,13
42,46	8,12
42,49	8,10
42,51	8,06
42,53	8,05
42,56	8,01
42,58	8,00
42,61	7,95
42,63	7,93
42,66	7,90
42,68	7,88
42,71	7,79
42,73	7,76
42,75	7,68
42,78	7,66
42,80	7,57
42,83	7,52
42,85	7,44
42,88	7,39
42,90	7,32
42,93	7,29
42,95	7,21
42,97	7,16
43,00	7,09
43,02	7,05
43,05	6,98
43,07	6,91
43,10	6,80
43,12	6,75
43,15	6,67
43,17	6,60
43,19	6,52
43,22	6,45
43,24	6,38
43,27	6,32
43,29	6,22
43,32	6,17
43,34	6,09
43,36	6,02
43,39	5,95
43,41	5,88
43,44	5,80
43,46	5,74
43,49	5,65
43,51	5,58
43,54	5,51
43,56	5,43
43,58	5,38
43,61	5,31
43,63	5,23
43,66	5,18
43,68	5,12
43,71	5,05
43,73	4,99
43,76	4,91
43,78	4,87
43,80	4,82
43,83	4,75
43,85	4,69
43,88	4,65
43,90	4,59
43,93	4,57
43,95	4,52
43,98	4,48
44,00	4,44
44,02	4,41
44,05	4,36
44,07	4,34
44,10	4,27
44,12	4,24
44,15	4,19
44,17	4,17
44,20	4,13
44,22	4,10
44,24	4,06
44,27	4,05
44,29	4,02
44,32	4,03
44,34	3,99
44,37	3,99
44,39	3,98
44,41	3,99
44,44	3,97
44,46	3,97
44,49	3,95
44,51	3,98
44,54	3,96
44,56	3,96
44,59	3,95
44,61	3,97
44,63	3,97
44,66	4,01
44,68	4,01
44,71	4,04
44,73	4,05
44,76	4,08
44,78	4,10
44,81	4,14
44,83	4,14
44,85	4,19
44,88	4,21
44,90	4,24
44,93	4,27
44,95	4,30
44,98	4,33
45,00	4,37
45,03	4,39
45,05	4,45
45,07	4,47
45,10	4,52
45,12	4,59
45,15	4,65
45,17	4,70
45,20	4,76
45,22	4,82
45,25	4,89
45,27	4,97
45,29	5,02
45,32	5,08
45,34	5,13
45,37	5,19
45,39	5,26
45,42	5,34
45,44	5,40
45,47	5,47
45,49	5,53
45,51	5,64
45,54	5,72
45,56	5,79
45,59	5,88
45,61	5,96
45,64	6,03
45,66	6,13
45,68	6,19
45,71	6,30
45,73	6,36
45,76	6,45
45,78	6,54
45,81	6,63
45,83	6,71
45,86	6,84
45,88	6,91
45,90	7,03
45,93	7,14
45,95	7,24
45,98	7,36
46,00	7,46
46,03	7,52
46,05	7,64
46,08	7,73
46,10	7,82
46,12	7,94
46,15	8,04
46,17	8,15
46,20	8,27
46,22	8,36
46,25	8,49
46,27	8,59
46,30	8,67
46,32	8,77
46,34	8,87
46,37	8,95
46,39	9,05
46,42	9,12
46,44	9,22
46,47	9,29
46,49	9,37
46,52	9,46
46,54	9,56
46,56	9,64
46,59	9,76
46,61	9,83
46,64	9,92
46,66	10,00
46,69	10,08
46,71	10,15
46,73	10,22
46,76	10,25
46,78	10,32
46,81	10,36
46,83	10,42
46,86	10,50
46,88	10,55
46,91	10,59
46,93	10,63
46,95	10,67
46,98	10,74
47,00	10,77
47,03	10,77
47,05	10,80
47,08	10,81
47,10	10,84
47,13	10,84
47,15	10,84
47,17	10,83
47,20	10,83
47,22	10,82
47,25	10,83
47,27	10,81
47,30	10,81
47,32	10,80
47,35	10,77
47,37	10,74
47,39	10,72
47,42	10,68
47,44	10,64
47,47	10,59
47,49	10,53
47,52	10,48
47,54	10,44
47,57	10,36
47,59	10,33
47,61	10,26
47,64	10,19
47,66	10,11
47,69	10,05
47,71	9,97
47,74	9,90
47,76	9,77
47,78	9,72
47,81	9,61
47,83	9,55
47,86	9,46
47,88	9,38
47,91	9,28
47,93	9,20
47,96	9,07
47,98	9,00
48,00	8,87
48,03	8,76
48,05	8,64
48,08	8,56
48,10	8,45
48,13	8,38
48,15	8,25
48,18	8,17
48,20	8,07
48,22	7,98
48,25	7,86
48,27	7,75
48,30	7,63
48,32	7,55
48,35	7,42
48,37	7,33
48,40	7,21
48,42	7,10
48,44	7,03
48,47	6,95
48,49	6,84
48,52	6,77
48,54	6,67
48,57	6,59
48,59	6,51
48,62	6,41
48,64	6,32
48,66	6,23
48,69	6,14
48,71	6,08
48,74	5,99
48,76	5,92
48,79	5,88
48,81	5,82
48,84	5,77
48,86	5,70
48,88	5,65
48,91	5,61
48,93	5,55
48,96	5,49
48,98	5,45
49,01	5,40
49,03	5,37
49,05	5,33
49,08	5,28
49,10	5,26
49,13	5,22
49,15	5,19
49,18	5,19
49,20	5,16
49,23	5,15
49,25	5,14
49,27	5,13
49,30	5,13
49,32	5,13
49,35	5,09
49,37	5,11
49,40	5,11
49,42	5,11
49,45	5,12
49,47	5,13
49,49	5,13
49,52	5,16
49,54	5,17
49,57	5,21
49,59	5,21
49,62	5,25
49,64	5,29
49,67	5,33
49,69	5,35
49,71	5,40
49,74	5,42
49,76	5,50
49,79	5,53
49,81	5,58
49,84	5,61
49,86	5,68
49,89	5,71
49,91	5,80
49,93	5,84
49,96	5,90
49,98	5,95
50,01	6,03
50,03	6,11
50,06	6,20
50,08	6,26
50,10	6,35
50,13	6,43
50,15	6,52
50,18	6,61
50,20	6,69
50,23	6,75
50,25	6,83
50,28	6,90
50,30	6,99
50,32	7,04
50,35	7,12
50,37	7,25
50,40	7,37
50,42	7,47
50,45	7,59
50,47	7,70
50,50	7,85
50,52	7,97
50,54	8,06
50,57	8,16
50,59	8,26
50,62	8,36
50,64	8,49
50,67	8,59
50,69	8,70
50,72	8,84
50,74	8,97
50,76	9,13
50,79	9,27
50,81	9,39
50,84	9,53
50,86	9,67
50,89	9,76
50,91	9,89
50,94	9,97
50,96	10,11
50,98	10,20
51,01	10,33
51,03	10,43
51,06	10,57
51,08	10,70
51,11	10,87
51,13	10,98
51,15	11,15
51,18	11,28
51,20	11,43
51,23	11,58
51,25	11,71
51,28	11,79
51,30	11,91
51,33	11,99
51,35	12,12
51,37	12,23
51,40	12,34
51,42	12,44
51,45	12,58
51,47	12,68
51,50	12,83
51,52	12,91
51,55	13,01
51,57	13,10
51,59	13,18
51,62	13,25
51,64	13,35
51,67	13,40
51,69	13,48
51,72	13,52
51,74	13,59
51,77	13,65
51,79	13,70
51,81	13,74
51,84	13,82
51,86	13,84
51,89	13,90
51,91	13,93
51,94	13,97
51,96	14,00
51,99	14,03
52,01	14,00
52,03	14,02
52,06	14,00
52,08	14,00
52,11	14,01
52,13	14,01
52,16	13,98
52,18	13,98
52,20	13,95
52,23	13,95
52,25	13,90
52,28	13,85
52,30	13,80
52,33	13,75
52,35	13,68
52,38	13,63
52,40	13,55
52,42	13,48
52,45	13,40
52,47	13,33
52,50	13,26
52,52	13,16
52,55	13,06
52,57	12,98
52,60	12,87
52,62	12,78
52,64	12,68
52,67	12,59
52,69	12,50
52,72	12,40
52,74	12,26
52,77	12,16
52,79	12,04
52,82	11,92
52,84	11,81
52,86	11,67
52,89	11,54
52,91	11,41
52,94	11,27
52,96	11,15
52,99	11,03
53,01	10,87
53,04	10,77
53,06	10,61
53,08	10,51
53,11	10,38
53,13	10,26
53,16	10,10
53,18	9,97
53,21	9,81
53,23	9,72
53,26	9,57
53,28	9,46
53,30	9,32
53,33	9,24
53,35	9,12
53,38	9,05
53,40	8,92
53,43	8,83
53,45	8,69
53,47	8,59
53,50	8,46
53,52	8,35
53,55	8,21
53,57	8,14
53,60	8,01
53,62	7,93
53,65	7,81
53,67	7,73
53,69	7,66
53,72	7,60
53,74	7,51
53,77	7,47
53,79	7,38
53,82	7,34
53,84	7,26
53,87	7,19
53,89	7,13
53,91	7,06
53,94	7,00
53,96	6,96
53,99	6,90
54,01	6,87
54,04	6,86
54,06	6,84
54,09	6,83
54,11	6,81
54,13	6,79
54,16	6,79
54,18	6,78
54,21	6,76
54,23	6,74
54,26	6,71
54,28	6,72
54,31	6,72
54,33	6,73
54,35	6,75
54,38	6,77
54,40	6,77
54,43	6,82
54,45	6,84
54,48	6,87
54,50	6,90
54,52	6,92
54,55	6,95
54,57	7,01
54,60	7,04
54,62	7,11
54,65	7,13
54,67	7,20
54,70	7,27
54,72	7,34
54,74	7,38
54,77	7,47
54,79	7,51
54,82	7,61
54,84	7,67
54,87	7,75
54,89	7,83
54,92	7,94
54,94	8,00
54,96	8,13
54,99	8,21
55,01	8,33
55,04	8,45
55,06	8,57
55,09	8,66
55,11	8,77
55,14	8,85
55,16	8,99
55,18	9,07
55,21	9,17
55,23	9,27
55,26	9,40
55,28	9,51
55,31	9,66
55,33	9,77
55,36	9,93
55,38	10,06
55,40	10,22
55,43	10,36
55,45	10,50
55,48	10,62
55,50	10,78
55,53	10,90
55,55	11,05
55,57	11,18
55,60	11,33
55,62	11,49
55,65	11,66
55,67	11,80
55,70	11,96
55,72	12,11
55,75	12,27
55,77	12,42
55,79	12,54
55,82	12,67
55,84	12,81
55,87	12,97
55,89	13,14
55,92	13,30
55,94	13,45
55,97	13,64
55,99	13,80
56,01	13,99
56,04	14,15
56,06	14,30
56,09	14,45
56,11	14,61
56,14	14,74
56,16	14,93
56,19	15,03
56,21	15,18
56,23	15,31
56,26	15,45
56,28	15,58
56,31	15,74
56,33	15,85
56,36	16,00
56,38	16,12
56,41	16,25
56,43	16,37
56,45	16,48
56,48	16,58
56,50	16,70
56,53	16,77
56,55	16,88
56,58	16,97
56,60	17,05
56,62	17,16
56,65	17,24
56,67	17,30
56,70	17,41
56,72	17,44
56,75	17,51
56,77	17,55
56,80	17,58
56,82	17,62
56,84	17,66
56,87	17,67
56,89	17,72
56,92	17,72
56,94	17,75
56,97	17,78
56,99	17,79
57,02	17,79
57,04	17,80
57,06	17,78
57,09	17,78
57,11	17,74
57,14	17,69
57,16	17,65
57,19	17,60
57,21	17,54
57,24	17,50
57,26	17,43
57,28	17,39
57,31	17,31
57,33	17,24
57,36	17,19
57,38	17,10
57,41	16,99
57,43	16,90
57,46	16,76
57,48	16,65
57,50	16,52
57,53	16,39
57,55	16,29
57,58	16,18
57,60	16,06
57,63	15,98
57,65	15,86
57,68	15,74
57,70	15,59
57,72	15,44
57,75	15,30
57,77	15,14
57,80	14,98
57,82	14,81
57,85	14,64
57,87	14,51
57,89	14,38
57,92	14,22
57,94	14,07
57,97	13,93
57,99	13,79
58,02	13,66
58,04	13,50
58,07	13,31
58,09	13,19
58,11	13,00
58,14	12,85
58,16	12,68
58,19	12,52
58,21	12,35
58,24	12,22
58,26	12,04
58,29	11,93
58,31	11,77
58,33	11,65
58,36	11,51
58,38	11,40
58,41	11,25
58,43	11,14
58,46	10,98
58,48	10,88
58,51	10,73
58,53	10,62
58,55	10,48
58,58	10,40
58,60	10,27
58,63	10,20
58,65	10,06
58,68	9,99
58,70	9,90
58,73	9,83
58,75	9,74
58,77	9,68
58,80	9,59
58,82	9,57
58,85	9,49
58,87	9,43
58,90	9,36
58,92	9,30
58,94	9,24
58,97	9,21
58,99	9,14
59,02	9,12
59,04	9,08
59,07	9,06
59,09	9,07
59,12	9,06
59,14	9,05
59,16	9,06
59,19	9,04
59,21	9,06
59,24	9,07
59,26	9,08
59,29	9,09
59,31	9,08
59,34	9,10
59,36	9,12
59,38	9,14
59,41	9,16
59,43	9,21
59,46	9,24
59,48	9,32
59,51	9,36
59,53	9,43
59,56	9,52
59,58	9,59
59,60	9,64
59,63	9,73
59,65	9,78
59,68	9,86
59,70	9,92
59,73	9,99
59,75	10,07
59,78	10,16
59,80	10,25
59,82	10,39
59,85	10,48
59,87	10,61
59,90	10,73
59,92	10,87
59,95	11,00
59,97	11,11
59,99	11,18
