U1/V	IA/nA
0,02	0,23
0,04	0,23
0,07	0,22
0,09	0,22
0,12	0,24
0,14	0,24
0,17	0,24
0,19	0,24
0,21	0,26
0,24	0,28
0,26	0,28
0,29	0,25
0,31	0,26
0,34	0,23
0,36	0,24
0,39	0,23
0,41	0,22
0,43	0,21
0,46	0,21
0,48	0,20
0,51	0,23
0,53	0,22
0,56	0,23
0,58	0,24
0,61	0,25
0,63	0,24
0,65	0,26
0,68	0,25
0,70	0,26
0,73	0,24
0,75	0,23
0,78	0,22
0,80	0,23
0,83	0,21
0,85	0,24
0,87	0,22
0,90	0,24
0,92	0,23
0,95	0,24
0,97	0,25
1,00	0,26
1,02	0,24
1,05	0,25
1,07	0,22
1,09	0,24
1,12	0,22
1,14	0,21
1,17	0,20
1,19	0,20
1,22	0,19
1,24	0,22
1,26	0,21
1,29	0,23
1,31	0,26
1,34	0,27
1,36	0,27
1,39	0,28
1,41	0,26
1,44	0,27
1,46	0,26
1,48	0,24
1,51	0,23
1,53	0,22
1,56	0,22
1,58	0,23
1,61	0,24
1,63	0,25
1,66	0,25
1,68	0,25
1,70	0,29
1,73	0,28
1,75	0,27
1,78	0,27
1,80	0,24
1,83	0,23
1,85	0,23
1,88	0,21
1,90	0,21
1,92	0,21
1,95	0,21
1,97	0,23
2,00	0,25
2,02	0,24
2,05	0,27
2,07	0,26
2,10	0,27
2,12	0,27
2,14	0,27
2,17	0,25
2,19	0,27
2,22	0,25
2,24	0,27
2,27	0,24
2,29	0,25
2,31	0,23
2,34	0,25
2,36	0,23
2,39	0,24
2,41	0,21
2,44	0,27
2,46	0,25
2,49	0,27
2,51	0,24
2,53	0,24
2,56	0,22
2,58	0,24
2,61	0,21
2,63	0,22
2,66	0,19
2,68	0,21
2,71	0,21
2,73	0,23
2,75	0,22
2,78	0,25
2,80	0,24
2,83	0,26
2,85	0,25
2,88	0,27
2,90	0,25
2,93	0,26
2,95	0,23
2,97	0,25
3,00	0,23
3,02	0,23
3,05	0,22
3,07	0,23
3,10	0,22
3,12	0,24
3,15	0,23
3,17	0,27
3,19	0,26
3,22	0,26
3,24	0,26
3,27	0,24
3,29	0,22
3,32	0,23
3,34	0,20
3,36	0,21
3,39	0,20
3,41	0,19
3,44	0,23
3,46	0,22
3,49	0,23
3,51	0,24
3,54	0,24
3,56	0,24
3,58	0,25
3,61	0,24
3,63	0,26
3,66	0,25
3,68	0,24
3,71	0,24
3,73	0,23
3,76	0,23
3,78	0,23
3,80	0,21
3,83	0,22
3,85	0,21
3,88	0,22
3,90	0,24
3,93	0,25
3,95	0,23
3,98	0,25
4,00	0,23
4,02	0,25
4,05	0,23
4,07	0,23
4,10	0,22
4,12	0,22
4,15	0,21
4,17	0,24
4,20	0,23
4,22	0,25
4,24	0,24
4,27	0,25
4,29	0,25
4,32	0,27
4,34	0,24
4,37	0,26
4,39	0,23
4,42	0,24
4,44	0,24
4,46	0,24
4,49	0,22
4,51	0,24
4,54	0,22
4,56	0,25
4,59	0,24
4,61	0,24
4,63	0,26
4,66	0,27
4,68	0,26
4,71	0,27
4,73	0,23
4,76	0,25
4,78	0,24
4,81	0,23
4,83	0,24
4,85	0,24
4,88	0,23
4,90	0,27
4,93	0,25
4,95	0,25
4,98	0,25
5,00	0,25
5,03	0,25
5,05	0,25
5,07	0,23
5,10	0,23
5,12	0,23
5,15	0,23
5,17	0,24
5,20	0,23
5,22	0,23
5,25	0,23
5,27	0,25
5,29	0,26
5,32	0,25
5,34	0,24
5,37	0,28
5,39	0,27
5,42	0,27
5,44	0,27
5,47	0,25
5,49	0,25
5,51	0,25
5,54	0,22
5,56	0,25
5,59	0,23
5,61	0,23
5,64	0,25
5,66	0,25
5,68	0,24
5,71	0,26
5,73	0,24
5,76	0,27
5,78	0,27
5,81	0,27
5,83	0,25
5,86	0,27
5,88	0,25
5,90	0,28
5,93	0,23
5,95	0,24
5,98	0,24
6,00	0,26
6,03	0,24
6,05	0,26
6,08	0,23
6,10	0,29
6,12	0,27
6,15	0,28
6,17	0,26
6,20	0,28
6,22	0,26
6,25	0,27
6,27	0,23
6,30	0,24
6,32	0,21
6,34	0,23
6,37	0,23
6,39	0,24
6,42	0,23
6,44	0,25
6,47	0,24
6,49	0,26
6,52	0,25
6,54	0,25
6,56	0,24
6,59	0,25
6,61	0,23
6,64	0,26
6,66	0,24
6,69	0,24
6,71	0,24
6,73	0,24
6,76	0,25
6,78	0,25
6,81	0,24
6,83	0,28
6,86	0,28
6,88	0,29
6,91	0,29
6,93	0,28
6,95	0,29
6,98	0,30
7,00	0,29
7,03	0,29
7,05	0,26
7,08	0,24
7,10	0,27
7,13	0,26
7,15	0,26
7,17	0,25
7,20	0,23
7,22	0,25
7,25	0,28
7,27	0,26
7,30	0,27
7,32	0,26
7,35	0,27
7,37	0,29
7,39	0,29
7,42	0,28
7,44	0,29
7,47	0,28
7,49	0,30
7,52	0,29
7,54	0,30
7,57	0,31
7,59	0,32
7,61	0,31
7,64	0,33
7,66	0,31
7,69	0,33
7,71	0,31
7,74	0,32
7,76	0,31
7,78	0,30
7,81	0,29
7,83	0,32
7,86	0,30
7,88	0,31
7,91	0,30
7,93	0,32
7,96	0,33
7,98	0,35
8,00	0,32
8,03	0,35
8,05	0,34
8,08	0,35
8,10	0,36
8,13	0,35
8,15	0,34
8,18	0,36
8,20	0,35
8,22	0,37
8,25	0,36
8,27	0,35
8,30	0,36
8,32	0,37
8,35	0,36
8,37	0,37
8,40	0,35
8,42	0,35
8,44	0,35
8,47	0,35
8,49	0,36
8,52	0,35
8,54	0,35
8,57	0,36
8,59	0,36
8,62	0,36
8,64	0,37
8,66	0,37
8,69	0,39
8,71	0,40
8,74	0,40
8,76	0,39
8,79	0,41
8,81	0,40
8,84	0,42
8,86	0,39
8,88	0,40
8,91	0,39
8,93	0,40
8,96	0,40
8,98	0,41
9,01	0,38
9,03	0,42
9,05	0,40
9,08	0,42
9,10	0,42
9,13	0,43
9,15	0,42
9,18	0,43
9,20	0,40
9,23	0,42
9,25	0,39
9,27	0,40
9,30	0,39
9,32	0,41
9,35	0,40
9,37	0,43
9,40	0,41
9,42	0,45
9,45	0,44
9,47	0,45
9,49	0,43
9,52	0,45
9,54	0,43
9,57	0,46
9,59	0,44
9,62	0,47
9,64	0,46
9,67	0,48
9,69	0,47
9,71	0,50
9,74	0,48
9,76	0,50
9,79	0,48
9,81	0,49
9,84	0,47
9,86	0,48
9,89	0,47
9,91	0,49
9,93	0,48
9,96	0,50
9,98	0,47
10,01	0,49
10,03	0,50
10,06	0,51
10,08	0,50
10,10	0,51
10,13	0,50
10,15	0,52
10,18	0,53
10,20	0,53
10,23	0,52
10,25	0,52
10,28	0,52
10,30	0,54
10,32	0,55
10,35	0,55
10,37	0,55
10,40	0,54
10,42	0,56
10,45	0,56
10,47	0,55
10,50	0,55
10,52	0,56
10,54	0,54
10,57	0,56
10,59	0,54
10,62	0,57
10,64	0,56
10,67	0,56
10,69	0,56
10,72	0,55
10,74	0,54
10,76	0,58
10,79	0,57
10,81	0,59
10,84	0,57
10,86	0,59
10,89	0,60
10,91	0,63
10,94	0,60
10,96	0,61
10,98	0,59
11,01	0,61
11,03	0,62
11,06	0,63
11,08	0,61
11,11	0,64
11,13	0,62
11,15	0,66
11,18	0,65
11,20	0,64
11,23	0,64
11,25	0,65
11,28	0,64
11,30	0,66
11,33	0,63
11,35	0,65
11,37	0,64
11,40	0,65
11,42	0,65
11,45	0,65
11,47	0,64
11,50	0,68
11,52	0,67
11,55	0,68
11,57	0,68
11,59	0,69
11,62	0,70
11,64	0,71
11,67	0,69
11,69	0,70
11,72	0,70
11,74	0,70
11,77	0,72
11,79	0,73
11,81	0,72
11,84	0,73
11,86	0,72
11,89	0,75
11,91	0,75
11,94	0,73
11,96	0,73
11,99	0,74
12,01	0,75
12,03	0,76
12,06	0,75
12,08	0,75
12,11	0,75
12,13	0,74
12,16	0,76
12,18	0,76
12,21	0,76
12,23	0,78
12,25	0,79
12,28	0,80
12,30	0,83
12,33	0,82
12,35	0,83
12,38	0,82
12,40	0,81
12,42	0,82
12,45	0,82
12,47	0,81
12,50	0,85
12,52	0,84
12,55	0,86
12,57	0,86
12,60	0,87
12,62	0,88
12,64	0,90
12,67	0,87
12,69	0,89
12,72	0,86
12,74	0,89
12,77	0,88
12,79	0,89
12,82	0,87
12,84	0,89
12,86	0,88
12,89	0,92
12,91	0,90
12,94	0,92
12,96	0,92
12,99	0,95
13,01	0,95
13,04	0,97
13,06	0,95
13,08	0,96
13,11	0,95
13,13	0,96
13,16	0,95
13,18	0,95
13,21	0,94
13,23	0,98
13,26	0,98
13,28	1,00
13,30	0,99
13,33	1,01
13,35	1,03
13,38	1,05
13,40	1,02
13,43	1,03
13,45	1,01
13,47	1,02
13,50	1,01
13,52	1,01
13,55	1,01
13,57	1,02
13,60	1,02
13,62	1,05
13,65	1,04
13,67	1,05
13,69	1,07
13,72	1,07
13,74	1,08
13,77	1,08
13,79	1,08
13,82	1,09
13,84	1,10
13,87	1,08
13,89	1,09
13,91	1,06
13,94	1,06
13,96	1,08
13,99	1,08
14,01	1,08
14,04	1,09
14,06	1,08
14,09	1,12
14,11	1,12
14,13	1,13
14,16	1,12
14,18	1,12
14,21	1,12
14,23	1,13
14,26	1,11
14,28	1,13
14,31	1,11
14,33	1,12
14,35	1,13
14,38	1,14
14,40	1,12
14,43	1,16
14,45	1,13
14,48	1,16
14,50	1,14
14,52	1,15
14,55	1,13
14,57	1,15
14,60	1,12
14,62	1,15
14,65	1,12
14,67	1,15
14,70	1,15
14,72	1,18
14,74	1,16
14,77	1,18
14,79	1,15
14,82	1,20
14,84	1,18
14,87	1,18
14,89	1,16
14,92	1,15
14,94	1,14
14,96	1,17
14,99	1,15
15,01	1,16
15,04	1,13
15,06	1,15
15,09	1,16
15,11	1,17
15,14	1,15
15,16	1,19
15,18	1,17
15,21	1,20
15,23	1,19
15,26	1,20
15,28	1,20
15,31	1,21
15,33	1,18
15,36	1,20
15,38	1,18
15,40	1,19
15,43	1,20
15,45	1,19
15,48	1,20
15,50	1,20
15,53	1,21
15,55	1,25
15,57	1,25
15,60	1,25
15,62	1,26
15,65	1,24
15,67	1,26
15,70	1,25
15,72	1,24
15,75	1,23
15,77	1,24
15,79	1,23
15,82	1,27
15,84	1,26
15,87	1,27
15,89	1,28
15,92	1,30
15,94	1,30
15,97	1,32
15,99	1,30
16,01	1,31
16,04	1,31
16,06	1,31
16,09	1,31
16,11	1,31
16,14	1,31
16,16	1,33
16,19	1,32
16,21	1,34
16,23	1,35
16,26	1,36
16,28	1,39
16,31	1,41
16,33	1,39
16,36	1,43
16,38	1,40
16,41	1,41
16,43	1,41
16,45	1,41
16,48	1,41
16,50	1,43
16,53	1,42
16,55	1,46
16,58	1,45
16,60	1,48
16,63	1,49
16,65	1,52
16,67	1,54
16,70	1,56
16,72	1,56
16,75	1,58
16,77	1,58
16,80	1,59
16,82	1,59
16,84	1,58
16,87	1,58
16,89	1,60
16,92	1,61
16,94	1,63
16,97	1,63
16,99	1,64
17,02	1,69
17,04	1,71
17,06	1,71
17,09	1,73
17,11	1,71
17,14	1,72
17,16	1,73
17,19	1,72
17,21	1,73
17,24	1,74
17,26	1,75
17,28	1,78
17,31	1,79
17,33	1,80
17,36	1,83
17,38	1,84
17,41	1,87
17,43	1,87
17,46	1,88
17,48	1,88
17,50	1,91
17,53	1,89
17,55	1,92
17,58	1,90
17,60	1,91
17,63	1,92
17,65	1,94
17,68	1,95
17,70	1,97
17,72	1,95
17,75	2,01
17,77	2,01
17,80	2,03
17,82	2,02
17,85	2,02
17,87	2,01
17,89	2,04
17,92	2,01
17,94	2,03
17,97	2,02
17,99	2,03
18,02	2,05
18,04	2,07
18,07	2,07
18,09	2,09
18,11	2,08
18,14	2,11
18,16	2,10
18,19	2,11
18,21	2,11
18,24	2,12
18,26	2,11
18,29	2,14
18,31	2,12
18,33	2,15
18,36	2,13
18,38	2,15
18,41	2,15
18,43	2,15
18,46	2,14
18,48	2,19
18,51	2,18
18,53	2,18
18,55	2,17
18,58	2,17
18,60	2,17
18,63	2,18
18,65	2,15
18,68	2,17
18,70	2,15
18,73	2,15
18,75	2,17
18,77	2,17
18,80	2,16
18,82	2,16
18,85	2,15
18,87	2,17
18,90	2,17
18,92	2,17
18,94	2,18
18,97	2,17
18,99	2,16
19,02	2,18
19,04	2,16
19,07	2,15
19,09	2,15
19,12	2,13
19,14	2,14
19,16	2,14
19,19	2,14
19,21	2,17
19,24	2,18
19,26	2,16
19,29	2,17
19,31	2,14
19,34	2,15
19,36	2,15
19,38	2,12
19,41	2,11
19,43	2,11
19,46	2,10
19,48	2,13
19,51	2,11
19,53	2,11
19,56	2,10
19,58	2,10
19,60	2,10
19,63	2,11
19,65	2,08
19,68	2,10
19,70	2,08
19,73	2,09
19,75	2,09
19,78	2,09
19,80	2,07
19,82	2,10
19,85	2,08
19,87	2,10
19,90	2,08
19,92	2,08
19,95	2,09
19,97	2,10
19,99	2,08
20,02	2,11
20,04	2,09
20,07	2,11
20,09	2,09
20,12	2,09
20,14	2,08
20,17	2,08
20,19	2,06
20,21	2,09
20,24	2,07
20,26	2,09
20,29	2,09
20,31	2,11
20,34	2,12
20,36	2,13
20,39	2,11
20,41	2,14
20,43	2,14
20,46	2,14
20,48	2,15
20,51	2,15
20,53	2,14
20,56	2,15
20,58	2,15
20,61	2,17
20,63	2,18
20,65	2,16
20,68	2,18
20,70	2,20
20,73	2,21
20,75	2,23
20,78	2,23
20,80	2,23
20,83	2,26
20,85	2,26
20,87	2,29
20,90	2,27
20,92	2,28
20,95	2,30
20,97	2,31
21,00	2,32
21,02	2,35
21,05	2,36
21,07	2,41
21,09	2,42
21,12	2,44
21,14	2,45
21,17	2,47
21,19	2,47
21,22	2,52
21,24	2,50
21,26	2,53
21,29	2,54
21,31	2,59
21,34	2,61
21,36	2,65
21,39	2,63
21,41	2,69
21,44	2,70
21,46	2,73
21,48	2,74
21,51	2,76
21,53	2,77
21,56	2,82
21,58	2,82
21,61	2,87
21,63	2,86
21,66	2,89
21,68	2,92
21,70	2,95
21,73	2,96
21,75	3,00
21,78	3,01
21,80	3,07
21,83	3,09
21,85	3,11
21,88	3,12
21,90	3,15
21,92	3,17
21,95	3,22
21,97	3,22
22,00	3,26
22,02	3,28
22,05	3,30
22,07	3,33
22,10	3,36
22,12	3,37
22,14	3,41
22,17	3,43
22,19	3,46
22,22	3,47
22,24	3,49
22,27	3,52
22,29	3,53
22,31	3,54
22,34	3,56
22,36	3,55
22,39	3,57
22,41	3,61
22,44	3,61
22,46	3,63
22,49	3,64
22,51	3,66
22,53	3,69
22,56	3,72
22,58	3,71
22,61	3,74
22,63	3,74
22,66	3,76
22,68	3,79
22,71	3,81
22,73	3,81
22,75	3,84
22,78	3,84
22,80	3,87
22,83	3,87
22,85	3,87
22,88	3,87
22,90	3,87
22,93	3,86
22,95	3,87
22,97	3,85
23,00	3,86
23,02	3,85
23,05	3,86
23,07	3,85
23,10	3,83
23,12	3,81
23,15	3,84
23,17	3,82
23,19	3,83
23,22	3,82
23,24	3,83
23,27	3,83
23,29	3,84
23,32	3,80
23,34	3,80
23,36	3,77
23,39	3,78
23,41	3,78
23,44	3,79
23,46	3,77
23,49	3,78
23,51	3,75
23,54	3,77
23,56	3,74
23,58	3,71
23,61	3,68
23,63	3,67
23,66	3,65
23,68	3,65
23,71	3,62
23,73	3,62
23,76	3,59
23,78	3,58
23,80	3,57
23,83	3,54
23,85	3,52
23,88	3,53
23,90	3,51
23,93	3,51
23,95	3,50
23,98	3,49
24,00	3,48
24,02	3,48
24,05	3,44
24,07	3,42
24,10	3,41
24,12	3,40
24,15	3,42
24,17	3,40
24,20	3,38
24,22	3,38
24,24	3,38
24,27	3,38
24,29	3,37
24,32	3,33
24,34	3,32
24,37	3,30
24,39	3,30
24,42	3,28
24,44	3,26
24,46	3,24
24,49	3,24
24,51	3,23
24,54	3,25
24,56	3,22
24,59	3,23
24,61	3,23
24,63	3,24
24,66	3,23
24,68	3,25
24,71	3,22
24,73	3,24
24,76	3,23
24,78	3,23
24,81	3,24
24,83	3,24
24,85	3,23
24,88	3,28
24,90	3,26
24,93	3,28
24,95	3,27
24,98	3,29
25,00	3,30
25,03	3,32
25,05	3,29
25,07	3,32
25,10	3,30
25,12	3,32
25,15	3,32
25,17	3,33
25,20	3,34
25,22	3,36
25,25	3,37
25,27	3,41
25,29	3,41
25,32	3,43
25,34	3,46
25,37	3,49
25,39	3,50
25,42	3,52
25,44	3,53
25,47	3,56
25,49	3,57
25,51	3,58
25,54	3,60
25,56	3,61
25,59	3,63
25,61	3,68
25,64	3,71
25,66	3,74
25,68	3,78
25,71	3,80
25,73	3,85
25,76	3,89
25,78	3,88
25,81	3,90
25,83	3,93
25,86	3,95
25,88	3,99
25,90	4,00
25,93	4,04
25,95	4,08
25,98	4,12
26,00	4,16
26,03	4,20
26,05	4,24
26,08	4,31
26,10	4,34
26,12	4,40
26,15	4,43
26,17	4,47
26,20	4,51
26,22	4,56
26,25	4,57
26,27	4,62
26,30	4,65
26,32	4,70
26,34	4,76
26,37	4,81
26,39	4,84
26,42	4,91
26,44	4,94
26,47	5,02
26,49	5,05
26,52	5,09
26,54	5,12
26,56	5,17
26,59	5,20
26,61	5,26
26,64	5,28
26,66	5,34
26,69	5,37
26,71	5,42
26,73	5,47
26,76	5,53
26,78	5,56
26,81	5,64
26,83	5,65
26,86	5,71
26,88	5,75
26,91	5,79
26,93	5,81
26,95	5,86
26,98	5,85
27,00	5,91
27,03	5,93
27,05	5,97
27,08	6,02
27,10	6,06
27,13	6,08
27,15	6,13
27,17	6,15
27,20	6,20
27,22	6,21
27,25	6,23
27,27	6,25
27,30	6,25
27,32	6,27
27,35	6,30
27,37	6,30
27,39	6,31
27,42	6,31
27,44	6,31
27,47	6,36
27,49	6,37
27,52	6,38
27,54	6,40
27,57	6,40
27,59	6,40
27,61	6,42
27,64	6,40
27,66	6,41
27,69	6,39
27,71	6,37
27,74	6,37
27,76	6,35
27,78	6,33
27,81	6,34
27,83	6,31
27,86	6,31
27,88	6,29
27,91	6,29
27,93	6,29
27,96	6,29
27,98	6,24
28,00	6,23
28,03	6,18
28,05	6,17
28,08	6,14
28,10	6,11
28,13	6,07
28,15	6,05
28,18	6,00
28,20	6,01
28,22	5,97
28,25	5,96
28,27	5,92
28,30	5,90
28,32	5,87
28,35	5,87
28,37	5,82
28,40	5,80
28,42	5,75
28,44	5,72
28,47	5,68
28,49	5,65
28,52	5,59
28,54	5,59
28,57	5,55
28,59	5,54
28,62	5,50
28,64	5,48
28,66	5,47
28,69	5,45
28,71	5,40
28,74	5,38
28,76	5,32
28,79	5,29
28,81	5,26
28,84	5,22
28,86	5,19
28,88	5,17
28,91	5,14
28,93	5,14
28,96	5,10
28,98	5,08
29,01	5,08
29,03	5,06
29,05	5,05
29,08	5,03
29,10	5,00
29,13	4,98
29,15	4,97
29,18	4,93
29,20	4,92
29,23	4,90
29,25	4,89
29,27	4,89
29,30	4,89
29,32	4,87
29,35	4,87
29,37	4,86
29,40	4,88
29,42	4,87
29,45	4,87
29,47	4,86
29,49	4,85
29,52	4,83
29,54	4,84
29,57	4,82
29,59	4,84
29,62	4,83
29,64	4,85
29,67	4,86
29,69	4,88
29,71	4,87
29,74	4,92
29,76	4,91
29,79	4,95
29,81	4,94
29,84	4,97
29,86	4,98
29,89	5,03
29,91	5,01
29,93	5,06
29,96	5,06
29,98	5,10
30,01	5,10
30,03	5,14
30,06	5,15
30,08	5,19
30,10	5,20
30,13	5,28
30,15	5,31
30,18	5,36
30,20	5,39
30,23	5,42
30,25	5,45
30,28	5,51
30,30	5,51
30,32	5,57
30,35	5,58
30,37	5,63
30,40	5,69
30,42	5,73
30,45	5,76
30,47	5,83
30,50	5,86
30,52	5,94
30,54	6,00
30,57	6,05
30,59	6,11
30,62	6,17
30,64	6,22
30,67	6,29
30,69	6,33
30,72	6,39
30,74	6,45
30,76	6,49
30,79	6,55
30,81	6,60
30,84	6,67
30,86	6,77
30,89	6,84
30,91	6,89
30,94	6,98
30,96	7,02
30,98	7,11
31,01	7,16
31,03	7,22
31,06	7,26
31,08	7,33
31,11	7,39
31,13	7,50
31,15	7,55
31,18	7,64
31,20	7,72
31,23	7,82
31,25	7,89
31,28	7,99
31,30	8,04
31,33	8,14
31,35	8,18
31,37	8,24
31,40	8,31
31,42	8,38
31,45	8,43
31,47	8,52
31,50	8,56
31,52	8,66
31,55	8,74
31,57	8,82
31,59	8,92
31,62	9,00
31,64	9,07
31,67	9,15
31,69	9,18
31,72	9,25
31,74	9,29
31,77	9,33
31,79	9,37
31,81	9,41
31,84	9,45
31,86	9,53
31,89	9,56
31,91	9,62
31,94	9,66
31,96	9,72
31,99	9,76
32,01	9,81
32,03	9,84
32,06	9,88
32,08	9,89
32,11	9,92
32,13	9,94
32,16	9,95
32,18	9,95
32,20	9,97
32,23	9,98
32,25	10,01
32,28	10,01
32,30	10,02
32,33	10,05
32,35	10,05
32,38	10,05
32,40	10,05
32,42	10,02
32,45	10,00
32,47	9,98
32,50	9,95
32,52	9,94
32,55	9,91
32,57	9,88
32,60	9,87
32,62	9,84
32,64	9,82
32,67	9,79
32,69	9,75
32,72	9,72
32,74	9,68
32,77	9,65
32,79	9,62
32,82	9,59
32,84	9,54
32,86	9,53
32,89	9,46
32,91	9,42
32,94	9,35
32,96	9,30
32,99	9,24
33,01	9,19
33,04	9,09
33,06	9,08
33,08	8,99
33,11	8,96
33,13	8,90
33,16	8,84
33,18	8,76
33,21	8,73
33,23	8,64
33,26	8,62
33,28	8,53
33,30	8,47
33,33	8,41
33,35	8,36
33,38	8,29
33,40	8,26
33,43	8,19
33,45	8,17
33,47	8,11
33,50	8,07
33,52	8,01
33,55	7,97
33,57	7,90
33,60	7,86
33,62	7,78
33,65	7,75
33,67	7,70
33,69	7,67
33,72	7,62
33,74	7,58
33,77	7,53
33,79	7,54
33,82	7,49
33,84	7,45
33,87	7,40
33,89	7,38
33,91	7,35
33,94	7,33
33,96	7,28
33,99	7,27
34,01	7,23
34,04	7,22
34,06	7,20
34,09	7,19
34,11	7,17
34,13	7,16
34,16	7,14
34,18	7,15
34,21	7,14
34,23	7,14
34,26	7,14
34,28	7,13
34,31	7,13
34,33	7,14
34,35	7,14
34,38	7,14
34,40	7,16
34,43	7,15
34,45	7,19
34,48	7,20
34,50	7,21
34,52	7,24
34,55	7,26
34,57	7,27
34,60	7,31
34,62	7,32
34,65	7,36
34,67	7,39
34,70	7,43
34,72	7,45
34,74	7,49
34,77	7,52
34,79	7,58
34,82	7,61
34,84	7,66
34,87	7,70
34,89	7,77
34,92	7,81
34,94	7,87
34,96	7,91
34,99	7,97
35,01	8,01
35,04	8,08
35,06	8,14
35,09	8,21
35,11	8,26
35,14	8,33
35,16	8,40
35,18	8,48
35,21	8,53
35,23	8,59
35,26	8,66
35,28	8,73
35,31	8,80
35,33	8,87
35,36	8,92
35,38	9,02
35,40	9,10
35,43	9,18
35,45	9,26
35,48	9,33
35,50	9,42
35,53	9,52
35,55	9,58
35,57	9,66
35,60	9,74
35,62	9,83
35,65	9,92
35,67	10,00
35,70	10,07
35,72	10,17
35,75	10,27
35,77	10,37
35,79	10,50
35,82	10,58
35,84	10,68
35,87	10,79
35,89	10,90
35,92	10,99
35,94	11,09
35,97	11,15
35,99	11,27
36,01	11,35
36,04	11,46
36,06	11,53
36,09	11,65
36,11	11,74
36,14	11,88
36,16	11,97
36,19	12,11
36,21	12,18
36,23	12,30
36,26	12,38
36,28	12,49
36,31	12,55
36,33	12,65
36,36	12,72
36,38	12,83
36,41	12,93
36,43	13,03
36,45	13,10
36,48	13,20
36,50	13,28
36,53	13,39
36,55	13,46
36,58	13,55
36,60	13,61
36,62	13,70
36,65	13,76
36,67	13,85
36,70	13,89
36,72	13,97
36,75	14,01
36,77	14,08
36,80	14,12
36,82	14,18
36,84	14,21
36,87	14,26
36,89	14,28
36,92	14,32
36,94	14,31
36,97	14,35
36,99	14,39
37,02	14,42
37,04	14,43
37,06	14,47
37,09	14,48
37,11	14,53
37,14	14,53
37,16	14,52
37,19	14,52
37,21	14,51
37,24	14,48
37,26	14,49
37,28	14,47
37,31	14,46
37,33	14,43
37,36	14,40
37,38	14,37
37,41	14,34
37,43	14,28
37,46	14,23
37,48	14,17
37,50	14,12
37,53	14,07
37,55	14,01
37,58	13,96
37,60	13,90
37,63	13,84
37,65	13,79
37,68	13,72
37,70	13,64
37,72	13,60
37,75	13,52
37,77	13,45
37,80	13,36
37,82	13,29
37,85	13,22
37,87	13,15
37,89	13,04
37,92	12,97
37,94	12,86
37,97	12,78
37,99	12,70
38,02	12,63
38,04	12,54
38,07	12,46
38,09	12,36
38,11	12,30
38,14	12,20
38,16	12,11
38,19	12,00
38,21	11,92
38,24	11,80
38,26	11,74
38,29	11,63
38,31	11,56
38,33	11,47
38,36	11,40
38,38	11,31
38,41	11,25
38,43	11,15
38,46	11,11
38,48	11,02
38,51	10,96
38,53	10,90
38,55	10,84
38,58	10,79
38,60	10,74
38,63	10,64
38,65	10,60
38,68	10,53
38,70	10,49
38,73	10,46
38,75	10,42
38,77	10,37
38,80	10,34
38,82	10,31
38,85	10,31
38,87	10,26
38,90	10,22
38,92	10,19
38,94	10,16
38,97	10,14
38,99	10,13
39,02	10,09
39,04	10,08
39,07	10,07
39,09	10,06
39,12	10,09
39,14	10,10
39,16	10,11
39,19	10,14
39,21	10,16
39,24	10,17
39,26	10,20
39,29	10,20
39,31	10,22
39,34	10,24
39,36	10,26
39,38	10,28
39,41	10,33
39,43	10,35
39,46	10,42
39,48	10,45
39,51	10,51
39,53	10,54
39,56	10,60
39,58	10,65
39,60	10,72
39,63	10,74
39,65	10,82
39,68	10,87
39,70	10,95
39,73	10,99
39,75	11,06
39,78	11,11
39,80	11,19
39,82	11,25
39,85	11,34
39,87	11,41
39,90	11,51
39,92	11,60
39,95	11,71
39,97	11,79
39,99	11,90
40,02	11,97
40,04	12,08
40,07	12,17
40,09	12,25
40,12	12,32
40,14	12,41
40,17	12,48
40,19	12,60
40,21	12,68
40,24	12,81
40,26	12,92
40,29	13,03
40,31	13,17
40,34	13,29
40,36	13,39
40,39	13,52
40,41	13,62
40,43	13,72
40,46	13,83
40,48	13,92
40,51	14,03
40,53	14,14
40,56	14,26
40,58	14,39
40,61	14,52
40,63	14,64
40,65	14,81
40,68	14,94
40,70	15,10
40,73	15,22
40,75	15,36
40,78	15,47
40,80	15,61
40,83	15,70
40,85	15,83
40,87	15,92
40,90	16,05
40,92	16,18
40,95	16,34
40,97	16,47
41,00	16,63
41,02	16,75
41,05	16,92
41,07	17,05
41,09	17,19
41,12	17,29
41,14	17,41
41,17	17,50
41,19	17,63
41,22	17,71
41,24	17,83
41,26	17,90
41,29	18,03
41,31	18,14
41,34	18,29
41,36	18,39
41,39	18,53
41,41	18,62
41,44	18,75
41,46	18,86
41,48	18,96
41,51	19,02
41,53	19,12
41,56	19,17
41,58	19,27
41,61	19,34
41,63	19,41
41,66	19,51
41,68	19,59
41,70	19,65
41,73	19,72
41,75	19,77
41,78	19,84
41,80	19,89
41,83	19,90
41,85	19,92
41,88	19,95
41,90	19,97
41,92	20,00
41,95	20,00
41,97	20,02
42,00	20,02
42,02	20,03
42,05	20,05
42,07	20,05
42,10	20,03
42,12	20,04
42,14	20,01
42,17	19,99
42,19	19,98
42,22	19,95
42,24	19,93
42,27	19,88
42,29	19,83
42,31	19,79
42,34	19,74
42,36	19,68
42,39	19,63
42,41	19,56
42,44	19,51
42,46	19,44
42,49	19,37
42,51	19,32
42,53	19,24
42,56	19,14
42,58	19,07
42,61	18,98
42,63	18,90
42,66	18,82
42,68	18,72
42,71	18,62
42,73	18,51
42,75	18,38
42,78	18,30
42,80	18,18
42,83	18,06
42,85	17,94
42,88	17,83
42,90	17,73
42,93	17,65
42,95	17,54
42,97	17,45
43,00	17,34
43,02	17,24
43,05	17,13
43,07	17,02
43,10	16,88
43,12	16,78
43,15	16,64
43,17	16,55
43,19	16,41
43,22	16,31
43,24	16,22
43,27	16,13
43,29	16,01
43,32	15,93
43,34	15,79
43,36	15,72
43,39	15,60
43,41	15,50
43,44	15,40
43,46	15,32
43,49	15,22
43,51	15,18
43,54	15,08
43,56	15,01
43,58	14,96
43,61	14,90
43,63	14,83
43,66	14,79
43,68	14,73
43,71	14,69
43,73	14,65
43,76	14,59
43,78	14,56
43,80	14,50
43,83	14,46
43,85	14,41
43,88	14,39
43,90	14,37
43,93	14,34
43,95	14,31
43,98	14,31
44,00	14,29
44,02	14,30
44,05	14,29
44,07	14,29
44,10	14,29
44,12	14,30
44,15	14,32
44,17	14,36
44,20	14,39
44,22	14,43
44,24	14,46
44,27	14,51
44,29	14,53
44,32	14,61
44,34	14,63
44,37	14,69
44,39	14,72
44,41	14,79
44,44	14,83
44,46	14,91
44,49	14,94
44,51	15,03
44,54	15,07
44,56	15,18
44,59	15,26
44,61	15,34
44,63	15,40
44,66	15,50
44,68	15,56
44,71	15,70
44,73	15,76
44,76	15,85
44,78	15,94
44,81	16,04
44,83	16,14
44,85	16,26
44,88	16,34
44,90	16,48
44,93	16,59
44,95	16,71
44,98	16,85
45,00	16,96
45,03	17,06
45,05	17,20
45,07	17,30
45,10	17,42
45,12	17,57
45,15	17,70
45,17	17,85
45,20	18,00
45,22	18,11
45,25	18,28
45,27	18,41
45,29	18,55
45,32	18,68
45,34	18,80
45,37	18,93
45,39	19,06
45,42	19,19
45,44	19,36
45,47	19,52
45,49	19,67
45,51	19,83
45,54	19,96
45,56	20,14
45,59	20,29
45,61	20,44
45,64	20,59
45,66	20,74
45,68	20,87
45,71	21,08
45,73	21,21
45,76	21,38
45,78	21,50
45,81	21,64
45,83	21,79
45,86	21,97
45,88	22,10
45,90	22,28
45,93	22,41
45,95	22,59
45,98	22,76
46,00	22,91
46,03	23,02
46,05	23,18
46,08	23,28
46,10	23,45
46,12	23,56
46,15	23,69
46,17	23,86
46,20	24,01
46,22	24,15
46,25	24,33
46,27	24,43
46,30	24,58
46,32	24,68
46,34	24,81
46,37	24,92
46,39	25,02
46,42	25,08
46,44	25,20
46,47	25,28
46,49	25,40
46,52	25,48
46,54	25,59
46,56	25,69
46,59	25,81
46,61	25,90
46,64	26,00
46,66	26,05
46,69	26,14
46,71	26,21
46,73	26,25
46,76	26,29
46,78	26,36
46,81	26,40
46,83	26,45
46,86	26,48
46,88	26,51
46,91	26,58
46,93	26,61
46,95	26,61
46,98	26,64
47,00	26,64
47,03	26,64
47,05	26,64
47,08	26,62
47,10	26,63
47,13	26,61
47,15	26,59
47,17	26,59
47,20	26,56
47,22	26,53
47,25	26,51
47,27	26,44
47,30	26,42
47,32	26,36
47,35	26,29
47,37	26,23
47,39	26,18
47,42	26,11
47,44	26,07
47,47	25,97
47,49	25,90
47,52	25,82
47,54	25,75
47,57	25,64
47,59	25,54
47,61	25,41
47,64	25,34
47,66	25,22
47,69	25,12
47,71	24,98
47,74	24,88
47,76	24,76
47,78	24,65
47,81	24,49
47,83	24,40
47,86	24,23
47,88	24,13
47,91	23,98
47,93	23,86
47,96	23,72
47,98	23,61
48,00	23,44
48,03	23,34
48,05	23,17
48,08	23,06
48,10	22,91
48,13	22,79
48,15	22,62
48,18	22,52
48,20	22,37
48,22	22,26
48,25	22,12
48,27	22,00
48,30	21,86
48,32	21,75
48,35	21,61
48,37	21,50
48,40	21,36
48,42	21,24
48,44	21,12
48,47	21,02
48,49	20,92
48,52	20,84
48,54	20,74
48,57	20,67
48,59	20,57
48,62	20,49
48,64	20,43
48,66	20,36
48,69	20,28
48,71	20,22
48,74	20,15
48,76	20,11
48,79	20,08
48,81	20,03
48,84	20,02
48,86	19,98
48,88	19,96
48,91	19,94
48,93	19,94
48,96	19,90
48,98	19,89
49,01	19,86
49,03	19,88
49,05	19,88
49,08	19,91
49,10	19,93
49,13	19,98
49,15	20,01
49,18	20,05
49,20	20,06
49,23	20,13
49,25	20,14
49,27	20,19
49,30	20,22
49,32	20,26
49,35	20,30
49,37	20,39
49,40	20,42
49,42	20,51
49,45	20,57
49,47	20,66
49,49	20,74
49,52	20,84
49,54	20,90
49,57	21,04
49,59	21,11
49,62	21,23
49,64	21,33
49,67	21,45
49,69	21,56
49,71	21,71
49,74	21,78
49,76	21,92
49,79	22,01
49,81	22,15
49,84	22,25
49,86	22,37
49,89	22,46
49,91	22,62
49,93	22,74
49,96	22,92
49,98	23,04
50,01	23,21
50,03	23,36
50,06	23,51
50,08	23,65
50,10	23,81
50,13	23,95
50,15	24,12
50,18	24,27
50,20	24,43
50,23	24,59
50,25	24,75
50,28	24,90
50,30	25,07
50,32	25,21
50,35	25,37
50,37	25,55
50,40	25,74
50,42	25,95
50,45	26,13
50,47	26,30
50,50	26,51
50,52	26,69
50,54	26,84
50,57	27,00
50,59	27,15
50,62	27,33
50,64	27,49
50,67	27,66
50,69	27,87
50,72	28,08
50,74	28,24
50,76	28,45
50,79	28,61
50,81	28,82
50,84	29,00
50,86	29,17
50,89	29,32
50,91	29,49
50,94	29,61
50,96	29,83
50,98	29,98
51,01	30,14
51,03	30,28
51,06	30,47
51,08	30,66
51,11	30,87
51,13	31,00
51,15	31,19
51,18	31,34
51,20	31,52
51,23	31,68
51,25	31,82
51,28	31,93
51,30	32,08
51,33	32,18
51,35	32,33
51,37	32,45
51,40	32,56
51,42	32,71
51,45	32,85
51,47	32,97
51,50	33,11
51,52	33,18
51,55	33,31
51,57	33,42
51,59	33,52
51,62	33,62
51,64	33,70
51,67	33,77
51,69	33,90
51,72	33,96
51,74	34,03
51,77	34,10
51,79	34,19
51,81	34,26
51,84	34,34
51,86	34,38
51,89	34,43
51,91	34,47
51,94	34,51
51,96	34,54
51,99	34,55
52,01	34,55
52,03	34,55
52,06	34,57
52,08	34,57
52,11	34,57
52,13	34,55
52,16	34,57
52,18	34,55
52,20	34,55
52,23	34,54
52,25	34,52
52,28	34,47
52,30	34,44
52,33	34,38
52,35	34,36
52,38	34,30
52,40	34,24
52,42	34,17
52,45	34,12
52,47	34,03
52,50	33,96
52,52	33,92
52,55	33,81
52,57	33,70
52,60	33,59
52,62	33,46
52,64	33,37
52,67	33,25
52,69	33,12
52,72	32,99
52,74	32,89
52,77	32,77
52,79	32,67
52,82	32,53
52,84	32,40
52,86	32,19
52,89	32,09
52,91	31,90
52,94	31,77
52,96	31,61
52,99	31,47
53,01	31,29
53,04	31,19
53,06	31,01
53,08	30,90
53,11	30,70
53,13	30,58
53,16	30,39
53,18	30,27
53,21	30,09
53,23	29,95
53,26	29,77
53,28	29,65
53,30	29,47
53,33	29,36
53,35	29,21
53,38	29,09
53,40	28,94
53,43	28,84
53,45	28,69
53,47	28,59
53,50	28,46
53,52	28,35
53,55	28,25
53,57	28,15
53,60	28,04
53,62	27,97
53,65	27,86
53,67	27,76
53,69	27,66
53,72	27,58
53,74	27,52
53,77	27,44
53,79	27,37
53,82	27,33
53,84	27,27
53,87	27,22
53,89	27,20
53,91	27,16
53,94	27,14
53,96	27,13
53,99	27,11
54,01	27,10
54,04	27,11
54,06	27,10
54,09	27,12
54,11	27,12
54,13	27,15
54,16	27,16
54,18	27,19
54,21	27,21
54,23	27,27
54,26	27,30
54,28	27,38
54,31	27,42
54,33	27,50
54,35	27,58
54,38	27,66
54,40	27,70
54,43	27,81
54,45	27,85
54,48	27,95
54,50	28,00
54,52	28,09
54,55	28,16
54,57	28,28
54,60	28,35
54,62	28,49
54,65	28,59
54,67	28,74
54,70	28,87
54,72	29,01
54,74	29,12
54,77	29,27
54,79	29,38
54,82	29,52
54,84	29,62
54,87	29,76
54,89	29,93
54,92	30,08
54,94	30,24
54,96	30,43
54,99	30,61
55,01	30,82
55,04	30,99
55,06	31,17
55,09	31,33
55,11	31,48
55,14	31,62
55,16	31,78
55,18	31,93
55,21	32,11
55,23	32,26
55,26	32,46
55,28	32,67
55,31	32,85
55,33	33,06
55,36	33,27
55,38	33,48
55,40	33,67
55,43	33,90
55,45	34,06
55,48	34,27
55,50	34,44
55,53	34,62
55,55	34,79
55,57	35,01
55,60	35,20
55,62	35,43
55,65	35,61
55,67	35,85
55,70	36,07
55,72	36,32
55,75	36,51
55,77	36,73
55,79	36,89
55,82	37,12
55,84	37,27
55,87	37,45
55,89	37,59
55,92	37,80
55,94	37,97
55,97	38,19
55,99	38,38
56,01	38,60
56,04	38,77
56,06	38,99
56,09	39,19
56,11	39,41
56,14	39,56
56,16	39,76
56,19	39,93
56,21	40,14
56,23	40,31
56,26	40,45
56,28	40,60
56,31	40,78
56,33	40,95
56,36	41,14
56,38	41,29
56,41	41,47
56,43	41,64
56,45	41,81
56,48	41,96
56,50	42,09
56,53	42,17
56,55	42,31
56,58	42,41
56,60	42,55
56,62	42,64
56,65	42,76
56,67	42,88
56,70	43,04
56,72	43,15
56,75	43,27
56,77	43,36
56,80	43,47
56,82	43,58
56,84	43,68
56,87	43,75
56,89	43,80
56,92	43,84
56,94	43,89
56,97	43,92
56,99	43,93
57,02	43,98
57,04	43,98
57,06	44,03
57,09	44,09
57,11	44,14
57,14	44,14
57,16	44,19
57,19	44,19
57,21	44,24
57,24	44,21
57,26	44,17
57,28	44,12
57,31	44,12
57,33	44,07
57,36	44,01
57,38	43,94
57,41	43,93
57,43	43,87
57,46	43,84
57,48	43,79
57,50	43,70
57,53	43,62
57,55	43,59
57,58	43,49
57,60	43,44
57,63	43,33
57,65	43,24
57,68	43,16
57,70	43,08
57,72	42,90
57,75	42,77
57,77	42,60
57,80	42,46
57,82	42,32
57,85	42,18
57,87	42,03
57,89	41,93
57,92	41,78
57,94	41,69
57,97	41,53
57,99	41,36
58,02	41,21
58,04	41,06
58,07	40,87
58,09	40,73
58,11	40,52
58,14	40,38
58,16	40,20
58,19	40,02
58,21	39,83
58,24	39,67
58,26	39,51
58,29	39,38
58,31	39,20
58,33	39,06
58,36	38,92
58,38	38,78
58,41	38,63
58,43	38,47
58,46	38,28
58,48	38,14
58,51	37,99
58,53	37,87
58,55	37,76
58,58	37,64
58,60	37,53
58,63	37,44
58,65	37,35
58,68	37,26
58,70	37,16
58,73	37,05
58,75	36,97
58,77	36,85
58,80	36,77
58,82	36,69
58,85	36,62
58,87	36,55
58,90	36,48
58,92	36,40
58,94	36,38
58,97	36,34
58,99	36,30
59,02	36,26
59,04	36,23
59,07	36,20
59,09	36,21
59,12	36,19
59,14	36,21
59,16	36,21
59,19	36,24
59,21	36,28
59,24	36,34
59,26	36,35
59,29	36,44
59,31	36,45
59,34	36,53
59,36	36,59
59,38	36,63
59,41	36,69
59,43	36,78
59,46	36,82
59,48	36,95
59,51	37,02
59,53	37,13
59,56	37,24
59,58	37,35
59,60	37,44
59,63	37,54
59,65	37,61
59,68	37,72
59,70	37,80
59,73	37,93
59,75	38,07
59,78	38,22
59,80	38,39
59,82	38,57
59,85	38,74
59,87	38,90
59,90	39,07
59,92	39,22
59,95	39,36
59,97	39,48
59,99	39,56
