U1/V	IA/nA
0,02	0,28
0,04	0,27
0,07	0,25
0,09	0,23
0,12	0,22
0,14	0,25
0,17	0,23
0,19	0,24
0,21	0,27
0,24	0,27
0,26	0,27
0,29	0,27
0,31	0,27
0,34	0,27
0,36	0,28
0,39	0,26
0,41	0,28
0,43	0,26
0,46	0,27
0,48	0,27
0,51	0,28
0,53	0,28
0,56	0,28
0,58	0,26
0,61	0,30
0,63	0,28
0,65	0,28
0,68	0,28
0,70	0,26
0,73	0,25
0,75	0,26
0,78	0,23
0,80	0,25
0,83	0,23
0,85	0,24
0,87	0,25
0,90	0,26
0,92	0,24
0,95	0,28
0,97	0,27
1,00	0,29
1,02	0,27
1,05	0,29
1,07	0,27
1,09	0,30
1,12	0,26
1,14	0,28
1,17	0,25
1,19	0,27
1,22	0,25
1,24	0,27
1,26	0,25
1,29	0,26
1,31	0,24
1,34	0,29
1,36	0,28
1,39	0,29
1,41	0,27
1,44	0,25
1,46	0,24
1,48	0,25
1,51	0,22
1,53	0,24
1,56	0,22
1,58	0,23
1,61	0,25
1,63	0,27
1,66	0,26
1,68	0,28
1,70	0,25
1,73	0,27
1,75	0,26
1,78	0,26
1,80	0,26
1,83	0,26
1,85	0,25
1,88	0,27
1,90	0,26
1,92	0,26
1,95	0,26
1,97	0,25
2,00	0,25
2,02	0,25
2,05	0,24
2,07	0,28
2,10	0,28
2,12	0,27
2,14	0,27
2,17	0,25
2,19	0,25
2,22	0,25
2,24	0,23
2,27	0,22
2,29	0,22
2,31	0,22
2,34	0,25
2,36	0,24
2,39	0,25
2,41	0,24
2,44	0,25
2,46	0,26
2,49	0,26
2,51	0,25
2,53	0,26
2,56	0,25
2,58	0,26
2,61	0,26
2,63	0,26
2,66	0,25
2,68	0,27
2,71	0,25
2,73	0,27
2,75	0,25
2,78	0,26
2,80	0,28
2,83	0,29
2,85	0,26
2,88	0,28
2,90	0,24
2,93	0,26
2,95	0,25
2,97	0,25
3,00	0,24
3,02	0,25
3,05	0,25
3,07	0,28
3,10	0,26
3,12	0,27
3,15	0,26
3,17	0,27
3,19	0,27
3,22	0,27
3,24	0,25
3,27	0,28
3,29	0,27
3,32	0,28
3,34	0,28
3,36	0,27
3,39	0,27
3,41	0,27
3,44	0,26
3,46	0,28
3,49	0,27
3,51	0,27
3,54	0,30
3,56	0,29
3,58	0,29
3,61	0,29
3,63	0,28
3,66	0,28
3,68	0,28
3,71	0,25
3,73	0,27
3,76	0,25
3,78	0,26
3,80	0,26
3,83	0,26
3,85	0,24
3,88	0,26
3,90	0,26
3,93	0,28
3,95	0,26
3,98	0,26
4,00	0,25
4,02	0,28
4,05	0,26
4,07	0,27
4,10	0,24
4,12	0,27
4,15	0,26
4,17	0,27
4,20	0,26
4,22	0,27
4,24	0,25
4,27	0,30
4,29	0,28
4,32	0,29
4,34	0,27
4,37	0,29
4,39	0,27
4,42	0,28
4,44	0,24
4,46	0,26
4,49	0,23
4,51	0,25
4,54	0,23
4,56	0,26
4,59	0,24
4,61	0,26
4,63	0,24
4,66	0,27
4,68	0,25
4,71	0,26
4,73	0,25
4,76	0,26
4,78	0,24
4,81	0,26
4,83	0,24
4,85	0,25
4,88	0,24
4,90	0,24
4,93	0,23
4,95	0,25
4,98	0,23
5,00	0,28
5,03	0,26
5,05	0,26
5,07	0,26
5,10	0,27
5,12	0,27
5,15	0,27
5,17	0,26
5,20	0,27
5,22	0,25
5,25	0,24
5,27	0,26
5,29	0,26
5,32	0,26
5,34	0,25
5,37	0,25
5,39	0,26
5,42	0,28
5,44	0,26
5,47	0,27
5,49	0,26
5,51	0,27
5,54	0,28
5,56	0,27
5,59	0,27
5,61	0,28
5,64	0,27
5,66	0,28
5,68	0,27
5,71	0,26
5,73	0,27
5,76	0,28
5,78	0,26
5,81	0,27
5,83	0,25
5,86	0,26
5,88	0,25
5,90	0,27
5,93	0,25
5,95	0,25
5,98	0,23
6,00	0,25
6,03	0,24
6,05	0,26
6,08	0,24
6,10	0,25
6,12	0,26
6,15	0,28
6,17	0,25
6,20	0,27
6,22	0,24
6,25	0,27
6,27	0,28
6,30	0,28
6,32	0,26
6,34	0,29
6,37	0,27
6,39	0,31
6,42	0,29
6,44	0,29
6,47	0,28
6,49	0,28
6,52	0,26
6,54	0,28
6,56	0,27
6,59	0,28
6,61	0,26
6,64	0,27
6,66	0,27
6,69	0,26
6,71	0,24
6,73	0,26
6,76	0,24
6,78	0,25
6,81	0,26
6,83	0,27
6,86	0,29
6,88	0,30
6,91	0,28
6,93	0,29
6,95	0,29
6,98	0,29
7,00	0,30
7,03	0,30
7,05	0,29
7,08	0,28
7,10	0,29
7,13	0,31
7,15	0,31
7,17	0,29
7,20	0,30
7,22	0,29
7,25	0,31
7,27	0,31
7,30	0,29
7,32	0,28
7,35	0,29
7,37	0,27
7,39	0,30
7,42	0,26
7,44	0,28
7,47	0,27
7,49	0,29
7,52	0,27
7,54	0,29
7,57	0,27
7,59	0,31
7,61	0,30
7,64	0,30
7,66	0,29
7,69	0,31
7,71	0,29
7,74	0,32
7,76	0,30
7,78	0,31
7,81	0,30
7,83	0,31
7,86	0,31
7,88	0,32
7,91	0,28
7,93	0,31
7,96	0,28
7,98	0,30
8,00	0,29
8,03	0,30
8,05	0,29
8,08	0,30
8,10	0,29
8,13	0,31
8,15	0,27
8,18	0,28
8,20	0,28
8,22	0,30
8,25	0,29
8,27	0,30
8,30	0,29
8,32	0,33
8,35	0,32
8,37	0,33
8,40	0,32
8,42	0,32
8,44	0,32
8,47	0,34
8,49	0,35
8,52	0,36
8,54	0,35
8,57	0,34
8,59	0,36
8,62	0,35
8,64	0,34
8,66	0,34
8,69	0,33
8,71	0,33
8,74	0,33
8,76	0,31
8,79	0,33
8,81	0,32
8,84	0,32
8,86	0,33
8,88	0,32
8,91	0,30
8,93	0,33
8,96	0,32
8,98	0,34
9,01	0,33
9,03	0,34
9,05	0,34
9,08	0,37
9,10	0,34
9,13	0,37
9,15	0,35
9,18	0,36
9,20	0,37
9,23	0,38
9,25	0,38
9,27	0,41
9,30	0,38
9,32	0,41
9,35	0,40
9,37	0,40
9,40	0,40
9,42	0,40
9,45	0,38
9,47	0,40
9,49	0,38
9,52	0,40
9,54	0,37
9,57	0,38
9,59	0,38
9,62	0,40
9,64	0,38
9,67	0,42
9,69	0,40
9,71	0,42
9,74	0,41
9,76	0,42
9,79	0,40
9,81	0,42
9,84	0,39
9,86	0,42
9,89	0,40
9,91	0,42
9,93	0,44
9,96	0,45
9,98	0,44
10,01	0,45
10,03	0,44
10,06	0,46
10,08	0,45
10,10	0,43
10,13	0,43
10,15	0,43
10,18	0,42
10,20	0,43
10,23	0,43
10,25	0,43
10,28	0,43
10,30	0,42
10,32	0,44
10,35	0,44
10,37	0,43
10,40	0,45
10,42	0,45
10,45	0,45
10,47	0,47
10,50	0,46
10,52	0,48
10,54	0,47
10,57	0,46
10,59	0,46
10,62	0,47
10,64	0,46
10,67	0,50
10,69	0,48
10,72	0,49
10,74	0,48
10,76	0,49
10,79	0,50
10,81	0,52
10,84	0,48
10,86	0,51
10,89	0,47
10,91	0,49
10,94	0,48
10,96	0,48
10,98	0,46
11,01	0,47
11,03	0,46
11,06	0,51
11,08	0,49
11,11	0,51
11,13	0,51
11,15	0,53
11,18	0,53
11,20	0,55
11,23	0,52
11,25	0,54
11,28	0,53
11,30	0,53
11,33	0,52
11,35	0,52
11,37	0,50
11,40	0,55
11,42	0,54
11,45	0,56
11,47	0,56
11,50	0,56
11,52	0,57
11,55	0,59
11,57	0,56
11,59	0,57
11,62	0,55
11,64	0,55
11,67	0,55
11,69	0,56
11,72	0,55
11,74	0,57
11,77	0,57
11,79	0,60
11,81	0,59
11,84	0,59
11,86	0,62
11,89	0,63
11,91	0,62
11,94	0,61
11,96	0,60
11,99	0,61
12,01	0,62
12,03	0,60
12,06	0,61
12,08	0,60
12,11	0,61
12,13	0,62
12,16	0,63
12,18	0,63
12,21	0,64
12,23	0,62
12,25	0,66
12,28	0,66
12,30	0,65
12,33	0,65
12,35	0,64
12,38	0,63
12,40	0,65
12,42	0,62
12,45	0,64
12,47	0,63
12,50	0,64
12,52	0,65
12,55	0,66
12,57	0,65
12,60	0,70
12,62	0,68
12,64	0,71
12,67	0,70
12,69	0,72
12,72	0,71
12,74	0,72
12,77	0,68
12,79	0,71
12,82	0,68
12,84	0,70
12,86	0,70
12,89	0,73
12,91	0,72
12,94	0,74
12,96	0,73
12,99	0,77
13,01	0,76
13,04	0,77
13,06	0,74
13,08	0,74
13,11	0,72
13,13	0,74
13,16	0,71
13,18	0,73
13,21	0,71
13,23	0,73
13,26	0,75
13,28	0,77
13,30	0,76
13,33	0,80
13,35	0,79
13,38	0,80
13,40	0,80
13,43	0,80
13,45	0,80
13,47	0,81
13,50	0,77
13,52	0,79
13,55	0,79
13,57	0,79
13,60	0,80
13,62	0,79
13,65	0,80
13,67	0,80
13,69	0,81
13,72	0,84
13,74	0,85
13,77	0,84
13,79	0,85
13,82	0,82
13,84	0,85
13,87	0,84
13,89	0,82
13,91	0,82
13,94	0,82
13,96	0,81
13,99	0,85
14,01	0,83
14,04	0,85
14,06	0,85
14,09	0,86
14,11	0,86
14,13	0,88
14,16	0,87
14,18	0,88
14,21	0,87
14,23	0,87
14,26	0,87
14,28	0,87
14,31	0,86
14,33	0,88
14,35	0,87
14,38	0,90
14,40	0,89
14,43	0,90
14,45	0,92
14,48	0,93
14,50	0,92
14,52	0,94
14,55	0,90
14,57	0,91
14,60	0,90
14,62	0,89
14,65	0,88
14,67	0,89
14,70	0,88
14,72	0,92
14,74	0,91
14,77	0,93
14,79	0,94
14,82	0,97
14,84	0,97
14,87	0,98
14,89	0,96
14,92	0,98
14,94	0,97
14,96	0,97
14,99	0,97
15,01	0,96
15,04	0,94
15,06	0,95
15,09	0,95
15,11	0,96
15,14	0,97
15,16	0,95
15,18	0,99
15,21	0,99
15,23	1,00
15,26	1,00
15,28	0,98
15,31	0,97
15,33	0,98
15,36	0,95
15,38	0,97
15,40	0,95
15,43	0,95
15,45	0,97
15,48	0,97
15,50	0,96
15,53	0,98
15,55	0,97
15,57	1,00
15,60	0,99
15,62	1,00
15,65	0,99
15,67	1,01
15,70	1,00
15,72	1,03
15,75	0,98
15,77	1,00
15,79	0,99
15,82	1,01
15,84	1,00
15,87	1,02
15,89	0,99
15,92	1,07
15,94	1,05
15,97	1,06
15,99	1,05
16,01	1,05
16,04	1,03
16,06	1,05
16,09	1,01
16,11	1,04
16,14	1,02
16,16	1,03
16,19	1,05
16,21	1,07
16,23	1,06
16,26	1,08
16,28	1,06
16,31	1,09
16,33	1,08
16,36	1,09
16,38	1,07
16,41	1,08
16,43	1,07
16,45	1,09
16,48	1,08
16,50	1,09
16,53	1,10
16,55	1,12
16,58	1,12
16,60	1,12
16,63	1,12
16,65	1,16
16,67	1,16
16,70	1,15
16,72	1,15
16,75	1,14
16,77	1,15
16,80	1,16
16,82	1,14
16,84	1,14
16,87	1,15
16,89	1,15
16,92	1,19
16,94	1,19
16,97	1,20
16,99	1,20
17,02	1,22
17,04	1,24
17,06	1,26
17,09	1,25
17,11	1,28
17,14	1,27
17,16	1,28
17,19	1,28
17,21	1,27
17,24	1,25
17,26	1,27
17,28	1,25
17,31	1,28
17,33	1,28
17,36	1,29
17,38	1,33
17,41	1,35
17,43	1,34
17,46	1,36
17,48	1,35
17,50	1,37
17,53	1,36
17,55	1,37
17,58	1,36
17,60	1,37
17,63	1,36
17,65	1,39
17,68	1,38
17,70	1,41
17,72	1,41
17,75	1,44
17,77	1,45
17,80	1,48
17,82	1,46
17,85	1,49
17,87	1,48
17,89	1,51
17,92	1,51
17,94	1,51
17,97	1,51
17,99	1,53
18,02	1,52
18,04	1,55
18,07	1,55
18,09	1,55
18,11	1,56
18,14	1,57
18,16	1,56
18,19	1,58
18,21	1,57
18,24	1,57
18,26	1,57
18,29	1,57
18,31	1,58
18,33	1,57
18,36	1,58
18,38	1,60
18,41	1,60
18,43	1,60
18,46	1,62
18,48	1,62
18,51	1,64
18,53	1,63
18,55	1,63
18,58	1,64
18,60	1,65
18,63	1,64
18,65	1,67
18,68	1,65
18,70	1,66
18,73	1,66
18,75	1,66
18,77	1,66
18,80	1,68
18,82	1,65
18,85	1,69
18,87	1,67
18,90	1,70
18,92	1,69
18,94	1,70
18,97	1,68
18,99	1,70
19,02	1,68
19,04	1,70
19,07	1,66
19,09	1,68
19,12	1,67
19,14	1,69
19,16	1,68
19,19	1,70
19,21	1,68
19,24	1,71
19,26	1,70
19,29	1,71
19,31	1,69
19,34	1,69
19,36	1,67
19,38	1,70
19,41	1,67
19,43	1,69
19,46	1,67
19,48	1,69
19,51	1,68
19,53	1,70
19,56	1,68
19,58	1,70
19,60	1,69
19,63	1,70
19,65	1,68
19,68	1,68
19,70	1,67
19,73	1,68
19,75	1,67
19,78	1,68
19,80	1,65
19,82	1,66
19,85	1,68
19,87	1,68
19,90	1,68
19,92	1,68
19,95	1,67
19,97	1,69
19,99	1,70
20,02	1,68
20,04	1,68
20,07	1,67
20,09	1,67
20,12	1,69
20,14	1,70
20,17	1,68
20,19	1,70
20,21	1,68
20,24	1,70
20,26	1,70
20,29	1,69
20,31	1,68
20,34	1,69
20,36	1,67
20,39	1,69
20,41	1,67
20,43	1,69
20,46	1,67
20,48	1,69
20,51	1,67
20,53	1,68
20,56	1,66
20,58	1,70
20,61	1,68
20,63	1,70
20,65	1,69
20,68	1,71
20,70	1,71
20,73	1,74
20,75	1,71
20,78	1,73
20,80	1,71
20,83	1,74
20,85	1,75
20,87	1,77
20,90	1,76
20,92	1,79
20,95	1,78
20,97	1,81
21,00	1,80
21,02	1,80
21,05	1,80
21,07	1,81
21,09	1,80
21,12	1,82
21,14	1,80
21,17	1,82
21,19	1,81
21,22	1,84
21,24	1,84
21,26	1,85
21,29	1,86
21,31	1,90
21,34	1,90
21,36	1,92
21,39	1,93
21,41	1,95
21,44	1,96
21,46	1,97
21,48	1,96
21,51	1,98
21,53	2,00
21,56	2,00
21,58	2,04
21,61	2,05
21,63	2,07
21,66	2,09
21,68	2,10
21,70	2,12
21,73	2,14
21,75	2,12
21,78	2,15
21,80	2,15
21,83	2,17
21,85	2,18
21,88	2,21
21,90	2,21
21,92	2,24
21,95	2,24
21,97	2,27
22,00	2,26
22,02	2,27
22,05	2,29
22,07	2,32
22,10	2,32
22,12	2,36
22,14	2,36
22,17	2,41
22,19	2,42
22,22	2,42
22,24	2,42
22,27	2,46
22,29	2,45
22,31	2,50
22,34	2,50
22,36	2,53
22,39	2,53
22,41	2,56
22,44	2,57
22,46	2,60
22,49	2,58
22,51	2,61
22,53	2,60
22,56	2,63
22,58	2,63
22,61	2,65
22,63	2,65
22,66	2,67
22,68	2,67
22,71	2,69
22,73	2,68
22,75	2,69
22,78	2,72
22,80	2,74
22,83	2,75
22,85	2,77
22,88	2,77
22,90	2,79
22,93	2,79
22,95	2,79
22,97	2,80
23,00	2,80
23,02	2,80
23,05	2,83
23,07	2,84
23,10	2,85
23,12	2,86
23,15	2,85
23,17	2,88
23,19	2,88
23,22	2,87
23,24	2,86
23,27	2,86
23,29	2,84
23,32	2,85
23,34	2,83
23,36	2,84
23,39	2,83
23,41	2,83
23,44	2,83
23,46	2,84
23,49	2,83
23,51	2,86
23,54	2,84
23,56	2,86
23,58	2,84
23,61	2,85
23,63	2,85
23,66	2,87
23,68	2,83
23,71	2,85
23,73	2,82
23,76	2,83
23,78	2,84
23,80	2,84
23,83	2,81
23,85	2,83
23,88	2,79
23,90	2,83
23,93	2,81
23,95	2,81
23,98	2,79
24,00	2,77
24,02	2,76
24,05	2,77
24,07	2,73
24,10	2,74
24,12	2,70
24,15	2,70
24,17	2,70
24,20	2,70
24,22	2,68
24,24	2,71
24,27	2,69
24,29	2,69
24,32	2,68
24,34	2,68
24,37	2,67
24,39	2,67
24,42	2,63
24,44	2,64
24,46	2,62
24,49	2,63
24,51	2,64
24,54	2,63
24,56	2,61
24,59	2,62
24,61	2,62
24,63	2,64
24,66	2,63
24,68	2,61
24,71	2,61
24,73	2,59
24,76	2,58
24,78	2,58
24,81	2,56
24,83	2,55
24,85	2,54
24,88	2,53
24,90	2,56
24,93	2,54
24,95	2,53
24,98	2,55
25,00	2,56
25,03	2,56
25,05	2,58
25,07	2,56
25,10	2,59
25,12	2,58
25,15	2,57
25,17	2,56
25,20	2,57
25,22	2,55
25,25	2,59
25,27	2,57
25,29	2,60
25,32	2,60
25,34	2,61
25,37	2,62
25,39	2,65
25,42	2,62
25,44	2,65
25,47	2,63
25,49	2,65
25,51	2,64
25,54	2,66
25,56	2,65
25,59	2,67
25,61	2,66
25,64	2,70
25,66	2,69
25,68	2,73
25,71	2,76
25,73	2,78
25,76	2,80
25,78	2,83
25,81	2,83
25,83	2,87
25,86	2,86
25,88	2,86
25,90	2,88
25,93	2,88
25,95	2,88
25,98	2,92
26,00	2,93
26,03	2,97
26,05	2,99
26,08	3,02
26,10	3,07
26,12	3,09
26,15	3,11
26,17	3,13
26,20	3,13
26,22	3,15
26,25	3,17
26,27	3,17
26,30	3,21
26,32	3,23
26,34	3,26
26,37	3,30
26,39	3,33
26,42	3,35
26,44	3,42
26,47	3,43
26,49	3,46
26,52	3,47
26,54	3,51
26,56	3,53
26,59	3,57
26,61	3,57
26,64	3,62
26,66	3,63
26,69	3,68
26,71	3,71
26,73	3,76
26,76	3,78
26,78	3,82
26,81	3,83
26,83	3,92
26,86	3,93
26,88	3,97
26,91	3,99
26,93	4,01
26,95	4,02
26,98	4,06
27,00	4,05
27,03	4,11
27,05	4,11
27,08	4,14
27,10	4,17
27,13	4,22
27,15	4,24
27,17	4,31
27,20	4,30
27,22	4,35
27,25	4,36
27,27	4,39
27,30	4,39
27,32	4,41
27,35	4,39
27,37	4,44
27,39	4,43
27,42	4,46
27,44	4,47
27,47	4,51
27,49	4,52
27,52	4,55
27,54	4,55
27,57	4,61
27,59	4,62
27,61	4,62
27,64	4,62
27,66	4,61
27,69	4,61
27,71	4,63
27,74	4,61
27,76	4,61
27,78	4,61
27,81	4,61
27,83	4,65
27,86	4,65
27,88	4,65
27,91	4,66
27,93	4,66
27,96	4,66
27,98	4,67
28,00	4,65
28,03	4,65
28,05	4,64
28,08	4,62
28,10	4,61
28,13	4,60
28,15	4,58
28,18	4,59
28,20	4,56
28,22	4,56
28,25	4,54
28,27	4,53
28,30	4,54
28,32	4,54
28,35	4,50
28,37	4,51
28,40	4,46
28,42	4,46
28,44	4,43
28,47	4,41
28,49	4,37
28,52	4,37
28,54	4,33
28,57	4,36
28,59	4,32
28,62	4,32
28,64	4,30
28,66	4,31
28,69	4,28
28,71	4,30
28,74	4,24
28,76	4,24
28,79	4,20
28,81	4,18
28,84	4,14
28,86	4,12
28,88	4,08
28,91	4,08
28,93	4,06
28,96	4,07
28,98	4,05
29,01	4,03
29,03	4,05
29,05	4,04
29,08	3,99
29,10	3,99
29,13	3,93
29,15	3,92
29,18	3,89
29,20	3,87
29,23	3,85
29,25	3,85
29,27	3,84
29,30	3,85
29,32	3,83
29,35	3,83
29,37	3,83
29,40	3,81
29,42	3,82
29,45	3,80
29,47	3,79
29,49	3,78
29,52	3,78
29,54	3,77
29,57	3,79
29,59	3,76
29,62	3,77
29,64	3,77
29,67	3,78
29,69	3,78
29,71	3,78
29,74	3,76
29,76	3,81
29,79	3,78
29,81	3,80
29,84	3,78
29,86	3,78
29,89	3,77
29,91	3,78
29,93	3,75
29,96	3,78
29,98	3,76
30,01	3,78
30,03	3,79
30,06	3,81
30,08	3,82
30,10	3,85
30,13	3,84
30,15	3,89
30,18	3,89
30,20	3,92
30,23	3,93
30,25	3,97
30,28	3,98
30,30	4,02
30,32	4,00
30,35	4,04
30,37	4,05
30,40	4,08
30,42	4,09
30,45	4,13
30,47	4,14
30,50	4,22
30,52	4,24
30,54	4,28
30,57	4,31
30,59	4,33
30,62	4,38
30,64	4,42
30,67	4,41
30,69	4,45
30,72	4,46
30,74	4,49
30,76	4,53
30,79	4,55
30,81	4,59
30,84	4,64
30,86	4,68
30,89	4,73
30,91	4,78
30,94	4,82
30,96	4,87
30,98	4,91
31,01	4,94
31,03	4,98
31,06	5,02
31,08	5,07
31,11	5,12
31,13	5,15
31,15	5,20
31,18	5,25
31,20	5,30
31,23	5,38
31,25	5,43
31,28	5,46
31,30	5,53
31,33	5,57
31,35	5,63
31,37	5,66
31,40	5,70
31,42	5,74
31,45	5,79
31,47	5,83
31,50	5,90
31,52	5,94
31,55	6,01
31,57	6,05
31,59	6,11
31,62	6,17
31,64	6,24
31,67	6,27
31,69	6,33
31,72	6,36
31,74	6,41
31,77	6,45
31,79	6,48
31,81	6,50
31,84	6,55
31,86	6,57
31,89	6,63
31,91	6,66
31,94	6,70
31,96	6,74
31,99	6,78
32,01	6,81
32,03	6,87
32,06	6,89
32,08	6,93
32,11	6,96
32,13	6,99
32,16	7,02
32,18	7,03
32,20	7,03
32,23	7,07
32,25	7,07
32,28	7,09
32,30	7,11
32,33	7,14
32,35	7,16
32,38	7,18
32,40	7,18
32,42	7,19
32,45	7,19
32,47	7,20
32,50	7,21
32,52	7,19
32,55	7,18
32,57	7,18
32,60	7,19
32,62	7,20
32,64	7,19
32,67	7,17
32,69	7,18
32,72	7,16
32,74	7,15
32,77	7,13
32,79	7,11
32,82	7,08
32,84	7,07
32,86	7,04
32,89	7,05
32,91	7,00
32,94	6,98
32,96	6,95
32,99	6,93
33,01	6,90
33,04	6,88
33,06	6,83
33,08	6,83
33,11	6,79
33,13	6,75
33,16	6,71
33,18	6,69
33,21	6,65
33,23	6,65
33,26	6,60
33,28	6,57
33,30	6,51
33,33	6,48
33,35	6,45
33,38	6,42
33,40	6,35
33,43	6,34
33,45	6,28
33,47	6,28
33,50	6,23
33,52	6,20
33,55	6,14
33,57	6,12
33,60	6,06
33,62	6,05
33,65	5,97
33,67	5,95
33,69	5,91
33,72	5,89
33,74	5,85
33,77	5,83
33,79	5,79
33,82	5,79
33,84	5,75
33,87	5,71
33,89	5,68
33,91	5,64
33,94	5,61
33,96	5,61
33,99	5,58
34,01	5,57
34,04	5,54
34,06	5,51
34,09	5,50
34,11	5,48
34,13	5,45
34,16	5,43
34,18	5,41
34,21	5,40
34,23	5,39
34,26	5,38
34,28	5,37
34,31	5,36
34,33	5,35
34,35	5,35
34,38	5,33
34,40	5,32
34,43	5,34
34,45	5,33
34,48	5,33
34,50	5,32
34,52	5,33
34,55	5,34
34,57	5,36
34,60	5,34
34,62	5,37
34,65	5,36
34,67	5,39
34,70	5,41
34,72	5,43
34,74	5,43
34,77	5,47
34,79	5,46
34,82	5,51
34,84	5,52
34,87	5,53
34,89	5,55
34,92	5,57
34,94	5,58
34,96	5,63
34,99	5,63
35,01	5,68
35,04	5,70
35,06	5,74
35,09	5,78
35,11	5,81
35,14	5,83
35,16	5,89
35,18	5,91
35,21	5,97
35,23	6,00
35,26	6,04
35,28	6,09
35,31	6,14
35,33	6,16
35,36	6,22
35,38	6,24
35,40	6,29
35,43	6,36
35,45	6,41
35,48	6,46
35,50	6,53
35,53	6,59
35,55	6,67
35,57	6,72
35,60	6,76
35,62	6,81
35,65	6,86
35,67	6,91
35,70	6,98
35,72	7,03
35,75	7,09
35,77	7,15
35,79	7,21
35,82	7,30
35,84	7,35
35,87	7,42
35,89	7,49
35,92	7,56
35,94	7,61
35,97	7,70
35,99	7,75
36,01	7,84
36,04	7,88
36,06	7,96
36,09	8,03
36,11	8,12
36,14	8,18
36,16	8,29
36,19	8,36
36,21	8,46
36,23	8,51
36,26	8,59
36,28	8,66
36,31	8,74
36,33	8,76
36,36	8,85
36,38	8,88
36,41	8,97
36,43	9,02
36,45	9,10
36,48	9,16
36,50	9,24
36,53	9,28
36,55	9,39
36,58	9,44
36,60	9,50
36,62	9,55
36,65	9,62
36,67	9,66
36,70	9,73
36,72	9,76
36,75	9,82
36,77	9,86
36,80	9,92
36,82	9,96
36,84	10,01
36,87	10,03
36,89	10,11
36,92	10,14
36,94	10,19
36,97	10,21
36,99	10,24
37,02	10,27
37,04	10,31
37,06	10,31
37,09	10,33
37,11	10,33
37,14	10,35
37,16	10,36
37,19	10,36
37,21	10,36
37,24	10,37
37,26	10,36
37,28	10,38
37,31	10,37
37,33	10,38
37,36	10,38
37,38	10,38
37,41	10,36
37,43	10,34
37,46	10,31
37,48	10,28
37,50	10,26
37,53	10,22
37,55	10,20
37,58	10,16
37,60	10,13
37,63	10,13
37,65	10,10
37,68	10,06
37,70	10,03
37,72	9,98
37,75	9,96
37,77	9,91
37,80	9,84
37,82	9,79
37,85	9,73
37,87	9,67
37,89	9,62
37,92	9,54
37,94	9,51
37,97	9,44
37,99	9,41
38,02	9,36
38,04	9,31
38,07	9,24
38,09	9,23
38,11	9,16
38,14	9,12
38,16	9,03
38,19	8,98
38,21	8,90
38,24	8,86
38,26	8,75
38,29	8,70
38,31	8,61
38,33	8,59
38,36	8,55
38,38	8,51
38,41	8,44
38,43	8,41
38,46	8,33
38,48	8,32
38,51	8,24
38,53	8,18
38,55	8,10
38,58	8,06
38,60	8,00
38,63	7,97
38,65	7,90
38,68	7,88
38,70	7,82
38,73	7,80
38,75	7,77
38,77	7,74
38,80	7,70
38,82	7,71
38,85	7,66
38,87	7,65
38,90	7,62
38,92	7,60
38,94	7,57
38,97	7,55
38,99	7,49
39,02	7,48
39,04	7,45
39,07	7,44
39,09	7,45
39,12	7,44
39,14	7,43
39,16	7,42
39,19	7,42
39,21	7,44
39,24	7,43
39,26	7,40
39,29	7,41
39,31	7,40
39,34	7,41
39,36	7,42
39,38	7,42
39,41	7,43
39,43	7,45
39,46	7,45
39,48	7,51
39,51	7,52
39,53	7,54
39,56	7,58
39,58	7,61
39,60	7,64
39,63	7,70
39,65	7,72
39,68	7,77
39,70	7,80
39,73	7,82
39,75	7,85
39,78	7,88
39,80	7,89
39,82	7,95
39,85	7,99
39,87	8,05
39,90	8,08
39,92	8,14
39,95	8,21
39,97	8,29
39,99	8,34
40,02	8,41
40,04	8,45
40,07	8,53
40,09	8,58
40,12	8,63
40,14	8,68
40,17	8,74
40,19	8,79
40,21	8,88
40,24	8,94
40,26	9,02
40,29	9,11
40,31	9,19
40,34	9,26
40,36	9,35
40,39	9,42
40,41	9,51
40,43	9,58
40,46	9,65
40,48	9,73
40,51	9,81
40,53	9,87
40,56	9,96
40,58	10,04
40,61	10,14
40,63	10,24
40,65	10,33
40,68	10,46
40,70	10,55
40,73	10,66
40,75	10,76
40,78	10,84
40,80	10,91
40,83	10,99
40,85	11,05
40,87	11,16
40,90	11,22
40,92	11,32
40,95	11,43
40,97	11,55
41,00	11,64
41,02	11,78
41,05	11,86
41,07	12,00
41,09	12,08
41,12	12,18
41,14	12,26
41,17	12,37
41,19	12,41
41,22	12,51
41,24	12,55
41,26	12,65
41,29	12,73
41,31	12,82
41,34	12,91
41,36	13,02
41,39	13,08
41,41	13,22
41,44	13,29
41,46	13,39
41,48	13,45
41,51	13,51
41,53	13,56
41,56	13,64
41,58	13,67
41,61	13,74
41,63	13,78
41,66	13,84
41,68	13,91
41,70	13,98
41,73	14,01
41,75	14,09
41,78	14,11
41,80	14,17
41,83	14,21
41,85	14,25
41,88	14,26
41,90	14,29
41,92	14,27
41,95	14,32
41,97	14,30
42,00	14,32
42,02	14,33
42,05	14,36
42,07	14,36
42,10	14,37
42,12	14,36
42,14	14,40
42,17	14,38
42,19	14,37
42,22	14,33
42,24	14,30
42,27	14,27
42,29	14,26
42,31	14,20
42,34	14,17
42,36	14,12
42,39	14,09
42,41	14,07
42,44	14,03
42,46	13,98
42,49	13,94
42,51	13,90
42,53	13,86
42,56	13,82
42,58	13,76
42,61	13,70
42,63	13,64
42,66	13,56
42,68	13,50
42,71	13,42
42,73	13,34
42,75	13,28
42,78	13,20
42,80	13,13
42,83	13,04
42,85	12,96
42,88	12,91
42,90	12,84
42,93	12,75
42,95	12,68
42,97	12,56
43,00	12,51
43,02	12,42
43,05	12,32
43,07	12,22
43,10	12,14
43,12	12,02
43,15	11,98
43,17	11,87
43,19	11,81
43,22	11,73
43,24	11,67
43,27	11,60
43,29	11,56
43,32	11,46
43,34	11,41
43,36	11,33
43,39	11,27
43,41	11,18
43,44	11,10
43,46	11,02
43,49	10,97
43,51	10,89
43,54	10,85
43,56	10,79
43,58	10,74
43,61	10,72
43,63	10,69
43,66	10,64
43,68	10,61
43,71	10,53
43,73	10,49
43,76	10,44
43,78	10,38
43,80	10,34
43,83	10,31
43,85	10,28
43,88	10,28
43,90	10,25
43,93	10,23
43,95	10,23
43,98	10,21
44,00	10,21
44,02	10,19
44,05	10,19
44,07	10,18
44,10	10,18
44,12	10,18
44,15	10,19
44,17	10,18
44,20	10,20
44,22	10,21
44,24	10,24
44,27	10,26
44,29	10,28
44,32	10,28
44,34	10,36
44,37	10,36
44,39	10,41
44,41	10,44
44,44	10,46
44,46	10,49
44,49	10,56
44,51	10,57
44,54	10,65
44,56	10,67
44,59	10,74
44,61	10,80
44,63	10,85
44,66	10,88
44,68	10,96
44,71	10,99
44,73	11,08
44,76	11,13
44,78	11,20
44,81	11,29
44,83	11,38
44,85	11,43
44,88	11,55
44,90	11,60
44,93	11,71
44,95	11,78
44,98	11,85
45,00	11,93
45,03	12,03
45,05	12,08
45,07	12,21
45,10	12,28
45,12	12,39
45,15	12,48
45,17	12,57
45,20	12,65
45,22	12,77
45,25	12,84
45,27	12,96
45,29	13,04
45,32	13,14
45,34	13,27
45,37	13,37
45,39	13,46
45,42	13,57
45,44	13,67
45,47	13,78
45,49	13,91
45,51	14,03
45,54	14,15
45,56	14,28
45,59	14,39
45,61	14,51
45,64	14,64
45,66	14,75
45,68	14,87
45,71	14,95
45,73	15,07
45,76	15,17
45,78	15,28
45,81	15,40
45,83	15,51
45,86	15,60
45,88	15,74
45,90	15,85
45,93	16,00
45,95	16,11
45,98	16,25
46,00	16,35
46,03	16,47
46,05	16,55
46,08	16,68
46,10	16,77
46,12	16,88
46,15	16,97
46,17	17,09
46,20	17,19
46,22	17,33
46,25	17,40
46,27	17,53
46,30	17,61
46,32	17,73
46,34	17,84
46,37	17,93
46,39	18,00
46,42	18,10
46,44	18,16
46,47	18,26
46,49	18,31
46,52	18,37
46,54	18,44
46,56	18,51
46,59	18,57
46,61	18,66
46,64	18,69
46,66	18,75
46,69	18,79
46,71	18,83
46,73	18,86
46,76	18,88
46,78	18,90
46,81	18,95
46,83	18,97
46,86	19,00
46,88	19,02
46,91	19,05
46,93	19,06
46,95	19,09
46,98	19,06
47,00	19,08
47,03	19,07
47,05	19,07
47,08	19,08
47,10	19,08
47,13	19,05
47,15	19,04
47,17	19,01
47,20	19,00
47,22	18,97
47,25	18,91
47,27	18,88
47,30	18,82
47,32	18,79
47,35	18,75
47,37	18,70
47,39	18,65
47,42	18,59
47,44	18,53
47,47	18,48
47,49	18,39
47,52	18,32
47,54	18,26
47,57	18,18
47,59	18,09
47,61	18,01
47,64	17,92
47,66	17,87
47,69	17,77
47,71	17,67
47,74	17,57
47,76	17,50
47,78	17,42
47,81	17,35
47,83	17,24
47,86	17,17
47,88	17,05
47,91	16,97
47,93	16,86
47,96	16,76
47,98	16,60
48,00	16,52
48,03	16,39
48,05	16,29
48,08	16,16
48,10	16,06
48,13	15,95
48,15	15,88
48,18	15,77
48,20	15,71
48,22	15,58
48,25	15,51
48,27	15,41
48,30	15,33
48,32	15,22
48,35	15,15
48,37	15,03
48,40	14,98
48,42	14,89
48,44	14,82
48,47	14,73
48,49	14,68
48,52	14,59
48,54	14,56
48,57	14,50
48,59	14,46
48,62	14,39
48,64	14,35
48,66	14,29
48,69	14,25
48,71	14,18
48,74	14,15
48,76	14,11
48,79	14,02
48,81	13,99
48,84	13,97
48,86	13,96
48,88	13,95
48,91	13,92
48,93	13,93
48,96	13,96
48,98	13,96
49,01	13,95
49,03	13,93
49,05	13,94
49,08	13,94
49,10	13,95
49,13	13,99
49,15	14,00
49,18	14,03
49,20	14,07
49,23	14,10
49,25	14,15
49,27	14,18
49,30	14,21
49,32	14,25
49,35	14,31
49,37	14,35
49,40	14,43
49,42	14,45
49,45	14,52
49,47	14,58
49,49	14,66
49,52	14,71
49,54	14,78
49,57	14,83
49,59	14,95
49,62	15,01
49,64	15,09
49,67	15,17
49,69	15,25
49,71	15,34
49,74	15,45
49,76	15,51
49,79	15,62
49,81	15,69
49,84	15,80
49,86	15,90
49,89	16,00
49,91	16,08
49,93	16,19
49,96	16,28
49,98	16,41
50,01	16,52
50,03	16,65
50,06	16,78
50,08	16,91
50,10	17,02
50,13	17,17
50,15	17,27
50,18	17,40
50,20	17,50
50,23	17,61
50,25	17,73
50,28	17,87
50,30	17,96
50,32	18,13
50,35	18,24
50,37	18,39
50,40	18,52
50,42	18,67
50,45	18,81
50,47	18,96
50,50	19,08
50,52	19,24
50,54	19,34
50,57	19,46
50,59	19,60
50,62	19,73
50,64	19,87
50,67	19,99
50,69	20,10
50,72	20,26
50,74	20,43
50,76	20,57
50,79	20,73
50,81	20,85
50,84	21,00
50,86	21,18
50,89	21,32
50,91	21,43
50,94	21,57
50,96	21,68
50,98	21,80
51,01	21,92
51,03	22,02
51,06	22,15
51,08	22,29
51,11	22,39
51,13	22,53
51,15	22,65
51,18	22,80
51,20	22,91
51,23	23,05
51,25	23,15
51,28	23,26
51,30	23,34
51,33	23,46
51,35	23,51
51,37	23,61
51,40	23,68
51,42	23,78
51,45	23,86
51,47	23,96
51,50	24,02
51,52	24,12
51,55	24,18
51,57	24,26
51,59	24,33
51,62	24,38
51,64	24,42
51,67	24,48
51,69	24,51
51,72	24,59
51,74	24,62
51,77	24,65
51,79	24,67
51,81	24,71
51,84	24,72
51,86	24,76
51,89	24,75
51,91	24,77
51,94	24,76
51,96	24,79
51,99	24,79
52,01	24,78
52,03	24,76
52,06	24,77
52,08	24,74
52,11	24,72
52,13	24,69
52,16	24,65
52,18	24,61
52,20	24,58
52,23	24,51
52,25	24,47
52,28	24,42
52,30	24,37
52,33	24,34
52,35	24,27
52,38	24,21
52,40	24,16
52,42	24,09
52,45	24,02
52,47	23,92
52,50	23,81
52,52	23,75
52,55	23,64
52,57	23,55
52,60	23,46
52,62	23,36
52,64	23,28
52,67	23,21
52,69	23,10
52,72	23,03
52,74	22,90
52,77	22,80
52,79	22,70
52,82	22,59
52,84	22,45
52,86	22,34
52,89	22,20
52,91	22,11
52,94	21,98
52,96	21,84
52,99	21,73
53,01	21,64
53,04	21,52
53,06	21,45
53,08	21,32
53,11	21,23
53,13	21,12
53,16	21,00
53,18	20,87
53,21	20,77
53,23	20,61
53,26	20,54
53,28	20,41
53,30	20,32
53,33	20,21
53,35	20,14
53,38	20,04
53,40	19,97
53,43	19,87
53,45	19,80
53,47	19,69
53,50	19,62
53,52	19,54
53,55	19,48
53,57	19,40
53,60	19,34
53,62	19,26
53,65	19,23
53,67	19,18
53,69	19,12
53,72	19,07
53,74	19,03
53,77	18,98
53,79	18,98
53,82	18,96
53,84	18,95
53,87	18,94
53,89	18,92
53,91	18,92
53,94	18,94
53,96	18,92
53,99	18,94
54,01	18,93
54,04	18,93
54,06	18,94
54,09	18,95
54,11	18,97
54,13	19,00
54,16	19,02
54,18	19,07
54,21	19,10
54,23	19,14
54,26	19,23
54,28	19,27
54,31	19,34
54,33	19,39
54,35	19,47
54,38	19,55
54,40	19,63
54,43	19,68
54,45	19,77
54,48	19,83
54,50	19,92
54,52	20,00
54,55	20,10
54,57	20,18
54,60	20,28
54,62	20,36
54,65	20,49
54,67	20,59
54,70	20,67
54,72	20,75
54,74	20,85
54,77	20,95
54,79	21,07
54,82	21,14
54,84	21,27
54,87	21,38
54,89	21,52
54,92	21,65
54,94	21,79
54,96	21,92
54,99	22,11
55,01	22,24
55,04	22,40
55,06	22,56
55,09	22,70
55,11	22,84
55,14	22,98
55,16	23,09
55,18	23,23
55,21	23,35
55,23	23,49
55,26	23,67
55,28	23,82
55,31	23,98
55,33	24,14
55,36	24,31
55,38	24,50
55,40	24,67
55,43	24,79
55,45	24,93
55,48	25,04
55,50	25,18
55,53	25,33
55,55	25,47
55,57	25,59
55,60	25,76
55,62	25,93
55,65	26,14
55,67	26,29
55,70	26,46
55,72	26,61
55,75	26,78
55,77	26,91
55,79	27,06
55,82	27,19
55,84	27,35
55,87	27,48
55,89	27,61
55,92	27,75
55,94	27,92
55,97	28,05
55,99	28,22
56,01	28,34
56,04	28,51
56,06	28,65
56,09	28,80
56,11	28,94
56,14	29,08
56,16	29,18
56,19	29,32
56,21	29,40
56,23	29,51
56,26	29,60
56,28	29,69
56,31	29,82
56,33	29,93
56,36	30,02
56,38	30,14
56,41	30,25
56,43	30,38
56,45	30,51
56,48	30,59
56,50	30,67
56,53	30,77
56,55	30,84
56,58	30,91
56,60	30,97
56,62	31,01
56,65	31,08
56,67	31,15
56,70	31,19
56,72	31,26
56,75	31,30
56,77	31,34
56,80	31,37
56,82	31,39
56,84	31,41
56,87	31,44
56,89	31,43
56,92	31,44
56,94	31,44
56,97	31,46
56,99	31,47
57,02	31,46
57,04	31,46
57,06	31,47
57,09	31,47
57,11	31,47
57,14	31,46
57,16	31,44
57,19	31,44
57,21	31,41
57,24	31,39
57,26	31,36
57,28	31,33
57,31	31,29
57,33	31,24
57,36	31,18
57,38	31,13
57,41	31,06
57,43	30,99
57,46	30,92
57,48	30,84
57,50	30,73
57,53	30,65
57,55	30,55
57,58	30,49
57,60	30,38
57,63	30,26
57,65	30,17
57,68	30,08
57,70	29,95
57,72	29,84
57,75	29,69
57,77	29,59
57,80	29,45
57,82	29,33
57,85	29,19
57,87	29,08
57,89	28,94
57,92	28,86
57,94	28,72
57,97	28,62
57,99	28,51
58,02	28,43
58,04	28,30
58,07	28,20
58,09	28,04
58,11	27,93
58,14	27,78
58,16	27,64
58,19	27,50
58,21	27,39
58,24	27,26
58,26	27,15
58,29	27,02
58,31	26,96
58,33	26,87
58,36	26,77
58,38	26,66
58,41	26,55
58,43	26,45
58,46	26,37
58,48	26,26
58,51	26,17
58,53	26,07
58,55	25,99
58,58	25,95
58,60	25,88
58,63	25,81
58,65	25,78
58,68	25,73
58,70	25,69
58,73	25,65
58,75	25,58
58,77	25,54
58,80	25,48
58,82	25,41
58,85	25,38
58,87	25,34
58,90	25,32
58,92	25,32
58,94	25,30
58,97	25,32
58,99	25,32
59,02	25,34
59,04	25,38
59,07	25,40
59,09	25,42
59,12	25,48
59,14	25,48
59,16	25,52
59,19	25,54
59,21	25,58
59,24	25,64
59,26	25,68
59,29	25,71
59,31	25,82
59,34	25,86
59,36	25,94
59,38	26,03
59,41	26,11
59,43	26,19
59,46	26,31
59,48	26,38
59,51	26,49
59,53	26,57
59,56	26,64
59,58	26,74
59,60	26,84
59,63	26,91
59,65	27,02
59,68	27,13
59,70	27,25
59,73	27,38
59,75	27,49
59,78	27,64
59,80	27,80
59,82	27,92
59,85	28,05
59,87	28,15
59,90	28,29
59,92	28,44
59,95	28,55
59,97	28,65
59,99	28,75
