U1/V	IA/nA
0,02	0,26
0,04	0,26
0,07	0,27
0,09	0,28
0,12	0,29
0,14	0,26
0,17	0,29
0,19	0,28
0,21	0,30
0,24	0,29
0,26	0,30
0,29	0,29
0,31	0,31
0,34	0,29
0,36	0,32
0,39	0,28
0,41	0,29
0,43	0,28
0,46	0,29
0,48	0,27
0,51	0,29
0,53	0,27
0,56	0,31
0,58	0,31
0,61	0,32
0,63	0,30
0,65	0,33
0,68	0,30
0,70	0,33
0,73	0,28
0,75	0,29
0,78	0,27
0,80	0,29
0,83	0,28
0,85	0,29
0,87	0,26
0,90	0,31
0,92	0,28
0,95	0,28
0,97	0,28
1,00	0,29
1,02	0,28
1,05	0,31
1,07	0,28
1,09	0,31
1,12	0,28
1,14	0,28
1,17	0,28
1,19	0,28
1,22	0,27
1,24	0,28
1,26	0,26
1,29	0,30
1,31	0,28
1,34	0,29
1,36	0,30
1,39	0,30
1,41	0,28
1,44	0,30
1,46	0,29
1,48	0,30
1,51	0,29
1,53	0,27
1,56	0,28
1,58	0,28
1,61	0,28
1,63	0,29
1,66	0,30
1,68	0,29
1,70	0,29
1,73	0,28
1,75	0,30
1,78	0,28
1,80	0,28
1,83	0,27
1,85	0,26
1,88	0,25
1,90	0,28
1,92	0,26
1,95	0,29
1,97	0,27
2,00	0,28
2,02	0,28
2,05	0,32
2,07	0,29
2,10	0,31
2,12	0,28
2,14	0,31
2,17	0,30
2,19	0,33
2,22	0,30
2,24	0,33
2,27	0,29
2,29	0,33
2,31	0,30
2,34	0,32
2,36	0,29
2,39	0,31
2,41	0,27
2,44	0,30
2,46	0,27
2,49	0,29
2,51	0,25
2,53	0,28
2,56	0,26
2,58	0,28
2,61	0,26
2,63	0,29
2,66	0,26
2,68	0,29
2,71	0,26
2,73	0,29
2,75	0,29
2,78	0,30
2,80	0,26
2,83	0,29
2,85	0,28
2,88	0,30
2,90	0,30
2,93	0,30
2,95	0,29
2,97	0,31
3,00	0,30
3,02	0,32
3,05	0,31
3,07	0,29
3,10	0,29
3,12	0,29
3,15	0,29
3,17	0,30
3,19	0,30
3,22	0,29
3,24	0,30
3,27	0,28
3,29	0,31
3,32	0,28
3,34	0,29
3,36	0,28
3,39	0,28
3,41	0,27
3,44	0,30
3,46	0,27
3,49	0,30
3,51	0,28
3,54	0,29
3,56	0,27
3,58	0,29
3,61	0,26
3,63	0,31
3,66	0,29
3,68	0,31
3,71	0,29
3,73	0,32
3,76	0,31
3,78	0,33
3,80	0,28
3,83	0,31
3,85	0,26
3,88	0,28
3,90	0,26
3,93	0,28
3,95	0,24
3,98	0,27
4,00	0,25
4,02	0,30
4,05	0,26
4,07	0,28
4,10	0,26
4,12	0,29
4,15	0,26
4,17	0,30
4,20	0,27
4,22	0,32
4,24	0,30
4,27	0,32
4,29	0,30
4,32	0,32
4,34	0,29
4,37	0,33
4,39	0,31
4,42	0,33
4,44	0,31
4,46	0,32
4,49	0,32
4,51	0,33
4,54	0,30
4,56	0,32
4,59	0,29
4,61	0,30
4,63	0,28
4,66	0,27
4,68	0,27
4,71	0,27
4,73	0,26
4,76	0,27
4,78	0,26
4,81	0,26
4,83	0,29
4,85	0,30
4,88	0,31
4,90	0,30
4,93	0,30
4,95	0,29
4,98	0,32
5,00	0,30
5,03	0,31
5,05	0,28
5,07	0,29
5,10	0,30
5,12	0,32
5,15	0,30
5,17	0,32
5,20	0,28
5,22	0,31
5,25	0,30
5,27	0,31
5,29	0,30
5,32	0,31
5,34	0,27
5,37	0,30
5,39	0,27
5,42	0,29
5,44	0,26
5,47	0,28
5,49	0,27
5,51	0,31
5,54	0,27
5,56	0,34
5,59	0,30
5,61	0,33
5,64	0,30
5,66	0,32
5,68	0,29
5,71	0,32
5,73	0,26
5,76	0,25
5,78	0,21
5,81	0,24
5,83	0,24
5,86	0,27
5,88	0,26
5,90	0,29
5,93	0,31
5,95	0,37
5,98	0,34
6,00	0,34
6,03	0,31
6,05	0,30
6,08	0,28
6,10	0,32
6,12	0,28
6,15	0,31
6,17	0,28
6,20	0,29
6,22	0,30
6,25	0,31
6,27	0,29
6,30	0,31
6,32	0,30
6,34	0,31
6,37	0,32
6,39	0,32
6,42	0,33
6,44	0,33
6,47	0,32
6,49	0,32
6,52	0,32
6,54	0,31
6,56	0,34
6,59	0,32
6,61	0,32
6,64	0,31
6,66	0,32
6,69	0,34
6,71	0,34
6,73	0,31
6,76	0,34
6,78	0,32
6,81	0,33
6,83	0,31
6,86	0,29
6,88	0,28
6,91	0,29
6,93	0,27
6,95	0,30
6,98	0,28
7,00	0,30
7,03	0,31
7,05	0,32
7,08	0,32
7,10	0,33
7,13	0,31
7,15	0,31
7,17	0,31
7,20	0,31
7,22	0,30
7,25	0,30
7,27	0,29
7,30	0,32
7,32	0,34
7,35	0,35
7,37	0,34
7,39	0,34
7,42	0,35
7,44	0,36
7,47	0,33
7,49	0,35
7,52	0,32
7,54	0,31
7,57	0,32
7,59	0,30
7,61	0,31
7,64	0,30
7,66	0,29
7,69	0,31
7,71	0,32
7,74	0,31
7,76	0,33
7,78	0,33
7,81	0,35
7,83	0,35
7,86	0,34
7,88	0,34
7,91	0,35
7,93	0,33
7,96	0,33
7,98	0,31
8,00	0,32
8,03	0,33
8,05	0,34
8,08	0,33
8,10	0,35
8,13	0,33
8,15	0,37
8,18	0,36
8,20	0,36
8,22	0,35
8,25	0,34
8,27	0,33
8,30	0,35
8,32	0,32
8,35	0,34
8,37	0,32
8,40	0,32
8,42	0,33
8,44	0,35
8,47	0,33
8,49	0,37
8,52	0,35
8,54	0,36
8,57	0,36
8,59	0,37
8,62	0,35
8,64	0,37
8,66	0,33
8,69	0,35
8,71	0,34
8,74	0,35
8,76	0,35
8,79	0,37
8,81	0,35
8,84	0,37
8,86	0,36
8,88	0,40
8,91	0,39
8,93	0,38
8,96	0,38
8,98	0,37
9,01	0,36
9,03	0,37
9,05	0,35
9,08	0,36
9,10	0,35
9,13	0,35
9,15	0,38
9,18	0,39
9,20	0,39
9,23	0,41
9,25	0,41
9,27	0,42
9,30	0,43
9,32	0,42
9,35	0,43
9,37	0,42
9,40	0,41
9,42	0,41
9,45	0,41
9,47	0,39
9,49	0,40
9,52	0,38
9,54	0,39
9,57	0,38
9,59	0,38
9,62	0,42
9,64	0,43
9,67	0,42
9,69	0,44
9,71	0,42
9,74	0,44
9,76	0,43
9,79	0,42
9,81	0,41
9,84	0,41
9,86	0,40
9,89	0,43
9,91	0,42
9,93	0,44
9,96	0,45
9,98	0,46
10,01	0,46
10,03	0,49
10,06	0,47
10,08	0,48
10,10	0,46
10,13	0,46
10,15	0,46
10,18	0,46
10,20	0,44
10,23	0,46
10,25	0,45
10,28	0,48
10,30	0,47
10,32	0,46
10,35	0,49
10,37	0,50
10,40	0,48
10,42	0,49
10,45	0,46
10,47	0,46
10,50	0,46
10,52	0,45
10,54	0,45
10,57	0,45
10,59	0,45
10,62	0,48
10,64	0,47
10,67	0,48
10,69	0,50
10,72	0,50
10,74	0,51
10,76	0,51
10,79	0,50
10,81	0,51
10,84	0,52
10,86	0,50
10,89	0,50
10,91	0,49
10,94	0,50
10,96	0,50
10,98	0,50
11,01	0,50
11,03	0,51
11,06	0,49
11,08	0,54
11,11	0,53
11,13	0,53
11,15	0,53
11,18	0,53
11,20	0,52
11,23	0,54
11,25	0,50
11,28	0,52
11,30	0,51
11,33	0,52
11,35	0,53
11,37	0,53
11,40	0,52
11,42	0,54
11,45	0,53
11,47	0,56
11,50	0,55
11,52	0,56
11,55	0,55
11,57	0,56
11,59	0,55
11,62	0,57
11,64	0,54
11,67	0,55
11,69	0,54
11,72	0,56
11,74	0,56
11,77	0,58
11,79	0,56
11,81	0,62
11,84	0,60
11,86	0,63
11,89	0,61
11,91	0,60
11,94	0,59
11,96	0,61
11,99	0,58
12,01	0,60
12,03	0,58
12,06	0,59
12,08	0,61
12,11	0,62
12,13	0,61
12,16	0,63
12,18	0,62
12,21	0,63
12,23	0,63
12,25	0,64
12,28	0,64
12,30	0,65
12,33	0,64
12,35	0,66
12,38	0,65
12,40	0,66
12,42	0,67
12,45	0,67
12,47	0,68
12,50	0,68
12,52	0,67
12,55	0,71
12,57	0,71
12,60	0,70
12,62	0,71
12,64	0,69
12,67	0,71
12,69	0,71
12,72	0,69
12,74	0,70
12,77	0,69
12,79	0,68
12,82	0,72
12,84	0,71
12,86	0,72
12,89	0,71
12,91	0,72
12,94	0,72
12,96	0,75
12,99	0,73
13,01	0,75
13,04	0,74
13,06	0,75
13,08	0,74
13,11	0,74
13,13	0,72
13,16	0,74
13,18	0,73
13,21	0,76
13,23	0,75
13,26	0,77
13,28	0,80
13,30	0,82
13,33	0,79
13,35	0,81
13,38	0,79
13,40	0,81
13,43	0,79
13,45	0,79
13,47	0,78
13,50	0,80
13,52	0,79
13,55	0,82
13,57	0,80
13,60	0,81
13,62	0,80
13,65	0,82
13,67	0,81
13,69	0,82
13,72	0,80
13,74	0,82
13,77	0,81
13,79	0,82
13,82	0,83
13,84	0,83
13,87	0,83
13,89	0,84
13,91	0,84
13,94	0,87
13,96	0,87
13,99	0,87
14,01	0,89
14,04	0,88
14,06	0,88
14,09	0,89
14,11	0,88
14,13	0,88
14,16	0,88
14,18	0,86
14,21	0,89
14,23	0,87
14,26	0,87
14,28	0,88
14,31	0,88
14,33	0,89
14,35	0,89
14,38	0,89
14,40	0,92
14,43	0,92
14,45	0,91
14,48	0,91
14,50	0,92
14,52	0,92
14,55	0,93
14,57	0,89
14,60	0,91
14,62	0,91
14,65	0,92
14,67	0,92
14,70	0,95
14,72	0,93
14,74	0,97
14,77	0,95
14,79	0,95
14,82	0,95
14,84	0,95
14,87	0,92
14,89	0,94
14,92	0,92
14,94	0,95
14,96	0,93
14,99	0,94
15,01	0,95
15,04	0,98
15,06	0,97
15,09	0,99
15,11	0,97
15,14	1,00
15,16	1,00
15,18	1,00
15,21	0,98
15,23	0,99
15,26	0,98
15,28	1,00
15,31	0,98
15,33	1,00
15,36	0,99
15,38	1,00
15,40	1,00
15,43	1,01
15,45	1,00
15,48	1,02
15,50	1,01
15,53	1,01
15,55	1,01
15,57	1,00
15,60	1,01
15,62	1,00
15,65	1,00
15,67	1,01
15,70	0,99
15,72	0,99
15,75	1,00
15,77	1,00
15,79	1,00
15,82	0,99
15,84	1,00
15,87	1,02
15,89	1,03
15,92	1,02
15,94	1,03
15,97	1,03
15,99	1,03
16,01	1,05
16,04	1,05
16,06	1,05
16,09	1,06
16,11	1,05
16,14	1,08
16,16	1,07
16,19	1,07
16,21	1,07
16,23	1,09
16,26	1,08
16,28	1,10
16,31	1,08
16,33	1,10
16,36	1,08
16,38	1,08
16,41	1,07
16,43	1,06
16,45	1,04
16,48	1,07
16,50	1,06
16,53	1,08
16,55	1,08
16,58	1,10
16,60	1,11
16,63	1,13
16,65	1,11
16,67	1,14
16,70	1,12
16,72	1,14
16,75	1,16
16,77	1,18
16,80	1,17
16,82	1,19
16,84	1,18
16,87	1,21
16,89	1,21
16,92	1,21
16,94	1,21
16,97	1,22
16,99	1,21
17,02	1,23
17,04	1,23
17,06	1,24
17,09	1,23
17,11	1,23
17,14	1,25
17,16	1,25
17,19	1,24
17,21	1,26
17,24	1,25
17,26	1,26
17,28	1,27
17,31	1,27
17,33	1,30
17,36	1,31
17,38	1,30
17,41	1,31
17,43	1,32
17,46	1,33
17,48	1,36
17,50	1,36
17,53	1,38
17,55	1,39
17,58	1,40
17,60	1,41
17,63	1,43
17,65	1,40
17,68	1,42
17,70	1,41
17,72	1,42
17,75	1,42
17,77	1,43
17,80	1,43
17,82	1,45
17,85	1,44
17,87	1,46
17,89	1,45
17,92	1,47
17,94	1,48
17,97	1,50
17,99	1,49
18,02	1,52
18,04	1,51
18,07	1,55
18,09	1,55
18,11	1,55
18,14	1,53
18,16	1,55
18,19	1,54
18,21	1,58
18,24	1,56
18,26	1,58
18,29	1,58
18,31	1,60
18,33	1,60
18,36	1,63
18,38	1,60
18,41	1,62
18,43	1,60
18,46	1,61
18,48	1,60
18,51	1,61
18,53	1,60
18,55	1,62
18,58	1,62
18,60	1,64
18,63	1,62
18,65	1,64
18,68	1,65
18,70	1,66
18,73	1,65
18,75	1,65
18,77	1,64
18,80	1,67
18,82	1,67
18,85	1,66
18,87	1,68
18,90	1,67
18,92	1,67
18,94	1,70
18,97	1,71
18,99	1,71
19,02	1,71
19,04	1,70
19,07	1,72
19,09	1,72
19,12	1,70
19,14	1,70
19,16	1,69
19,19	1,68
19,21	1,69
19,24	1,67
19,26	1,68
19,29	1,67
19,31	1,67
19,34	1,66
19,36	1,67
19,38	1,65
19,41	1,69
19,43	1,68
19,46	1,69
19,48	1,68
19,51	1,69
19,53	1,69
19,56	1,70
19,58	1,66
19,60	1,69
19,63	1,66
19,65	1,68
19,68	1,69
19,70	1,70
19,73	1,69
19,75	1,72
19,78	1,69
19,80	1,73
19,82	1,72
19,85	1,71
19,87	1,69
19,90	1,68
19,92	1,67
19,95	1,69
19,97	1,65
19,99	1,67
20,02	1,65
20,04	1,67
20,07	1,68
20,09	1,68
20,12	1,67
20,14	1,70
20,17	1,69
20,19	1,70
20,21	1,69
20,24	1,70
20,26	1,69
20,29	1,69
20,31	1,67
20,34	1,69
20,36	1,67
20,39	1,68
20,41	1,71
20,43	1,70
20,46	1,70
20,48	1,71
20,51	1,71
20,53	1,74
20,56	1,74
20,58	1,71
20,61	1,73
20,63	1,71
20,65	1,70
20,68	1,71
20,70	1,69
20,73	1,70
20,75	1,70
20,78	1,70
20,80	1,73
20,83	1,74
20,85	1,75
20,87	1,76
20,90	1,77
20,92	1,77
20,95	1,78
20,97	1,78
21,00	1,79
21,02	1,79
21,05	1,79
21,07	1,79
21,09	1,81
21,12	1,80
21,14	1,84
21,17	1,84
21,19	1,86
21,22	1,86
21,24	1,87
21,26	1,89
21,29	1,92
21,31	1,90
21,34	1,92
21,36	1,91
21,39	1,93
21,41	1,93
21,44	1,94
21,46	1,94
21,48	1,96
21,51	1,96
21,53	2,00
21,56	1,99
21,58	2,01
21,61	2,03
21,63	2,05
21,66	2,04
21,68	2,07
21,70	2,06
21,73	2,09
21,75	2,10
21,78	2,09
21,80	2,11
21,83	2,13
21,85	2,13
21,88	2,17
21,90	2,19
21,92	2,21
21,95	2,22
21,97	2,23
22,00	2,26
22,02	2,27
22,05	2,32
22,07	2,34
22,10	2,34
22,12	2,36
22,14	2,37
22,17	2,38
22,19	2,41
22,22	2,36
22,24	2,37
22,27	2,40
22,29	2,41
22,31	2,43
22,34	2,46
22,36	2,47
22,39	2,49
22,41	2,50
22,44	2,52
22,46	2,53
22,49	2,56
22,51	2,54
22,53	2,57
22,56	2,57
22,58	2,58
22,61	2,58
22,63	2,60
22,66	2,60
22,68	2,63
22,71	2,62
22,73	2,67
22,75	2,67
22,78	2,70
22,80	2,70
22,83	2,70
22,85	2,69
22,88	2,71
22,90	2,69
22,93	2,71
22,95	2,70
22,97	2,71
23,00	2,72
23,02	2,75
23,05	2,75
23,07	2,79
23,10	2,78
23,12	2,80
23,15	2,80
23,17	2,82
23,19	2,82
23,22	2,83
23,24	2,79
23,27	2,83
23,29	2,80
23,32	2,81
23,34	2,81
23,36	2,82
23,39	2,80
23,41	2,83
23,44	2,81
23,46	2,85
23,49	2,84
23,51	2,85
23,54	2,84
23,56	2,82
23,58	2,80
23,61	2,80
23,63	2,78
23,66	2,78
23,68	2,76
23,71	2,76
23,73	2,80
23,76	2,80
23,78	2,80
23,80	2,81
23,83	2,80
23,85	2,81
23,88	2,81
23,90	2,79
23,93	2,80
23,95	2,78
23,98	2,77
24,00	2,77
24,02	2,76
24,05	2,74
24,07	2,75
24,10	2,73
24,12	2,74
24,15	2,72
24,17	2,71
24,20	2,73
24,22	2,73
24,24	2,71
24,27	2,72
24,29	2,68
24,32	2,69
24,34	2,67
24,37	2,65
24,39	2,63
24,42	2,63
24,44	2,61
24,46	2,64
24,49	2,63
24,51	2,63
24,54	2,61
24,56	2,62
24,59	2,61
24,61	2,62
24,63	2,60
24,66	2,61
24,68	2,61
24,71	2,62
24,73	2,61
24,76	2,60
24,78	2,57
24,81	2,58
24,83	2,56
24,85	2,56
24,88	2,55
24,90	2,55
24,93	2,58
24,95	2,60
24,98	2,58
25,00	2,60
25,03	2,56
25,05	2,56
25,07	2,55
25,10	2,53
25,12	2,52
25,15	2,53
25,17	2,52
25,20	2,57
25,22	2,56
25,25	2,57
25,27	2,58
25,29	2,59
25,32	2,60
25,34	2,59
25,37	2,58
25,39	2,59
25,42	2,60
25,44	2,60
25,47	2,62
25,49	2,60
25,51	2,62
25,54	2,63
25,56	2,65
25,59	2,66
25,61	2,68
25,64	2,67
25,66	2,73
25,68	2,73
25,71	2,74
25,73	2,75
25,76	2,75
25,78	2,75
25,81	2,77
25,83	2,75
25,86	2,79
25,88	2,78
25,90	2,80
25,93	2,83
25,95	2,86
25,98	2,86
26,00	2,90
26,03	2,90
26,05	2,95
26,08	2,97
26,10	3,00
26,12	3,00
26,15	3,05
26,17	3,05
26,20	3,10
26,22	3,08
26,25	3,11
26,27	3,12
26,30	3,15
26,32	3,17
26,34	3,21
26,37	3,22
26,39	3,29
26,42	3,31
26,44	3,36
26,47	3,37
26,49	3,39
26,52	3,40
26,54	3,43
26,56	3,43
26,59	3,46
26,61	3,45
26,64	3,48
26,66	3,52
26,69	3,57
26,71	3,60
26,73	3,64
26,76	3,66
26,78	3,72
26,81	3,75
26,83	3,77
26,86	3,80
26,88	3,82
26,91	3,85
26,93	3,89
26,95	3,91
26,98	3,94
27,00	3,97
27,03	4,00
27,05	4,04
27,08	4,07
27,10	4,09
27,13	4,15
27,15	4,17
27,17	4,18
27,20	4,21
27,22	4,22
27,25	4,26
27,27	4,27
27,30	4,28
27,32	4,28
27,35	4,30
27,37	4,31
27,39	4,34
27,42	4,35
27,44	4,38
27,47	4,39
27,49	4,42
27,52	4,44
27,54	4,48
27,57	4,47
27,59	4,50
27,61	4,50
27,64	4,52
27,66	4,53
27,69	4,54
27,71	4,53
27,74	4,55
27,76	4,54
27,78	4,57
27,81	4,56
27,83	4,56
27,86	4,57
27,88	4,58
27,91	4,56
27,93	4,58
27,96	4,57
27,98	4,58
28,00	4,57
28,03	4,56
28,05	4,56
28,08	4,55
28,10	4,53
28,13	4,55
28,15	4,52
28,18	4,52
28,20	4,51
28,22	4,51
28,25	4,53
28,27	4,53
28,30	4,50
28,32	4,50
28,35	4,48
28,37	4,48
28,40	4,48
28,42	4,43
28,44	4,40
28,47	4,40
28,49	4,38
28,52	4,38
28,54	4,35
28,57	4,31
28,59	4,32
28,62	4,30
28,64	4,27
28,66	4,26
28,69	4,24
28,71	4,23
28,74	4,21
28,76	4,19
28,79	4,18
28,81	4,14
28,84	4,13
28,86	4,11
28,88	4,08
28,91	4,07
28,93	4,06
28,96	4,04
28,98	4,05
29,01	4,04
29,03	4,03
29,05	4,01
29,08	4,00
29,10	3,98
29,13	3,99
29,15	3,97
29,18	3,95
29,20	3,93
29,23	3,92
29,25	3,91
29,27	3,91
29,30	3,87
29,32	3,87
29,35	3,85
29,37	3,85
29,40	3,83
29,42	3,83
29,45	3,81
29,47	3,82
29,49	3,79
29,52	3,80
29,54	3,74
29,57	3,75
29,59	3,73
29,62	3,74
29,64	3,73
29,67	3,75
29,69	3,73
29,71	3,78
29,74	3,76
29,76	3,77
29,79	3,77
29,81	3,77
29,84	3,75
29,86	3,78
29,89	3,78
29,91	3,80
29,93	3,80
29,96	3,80
29,98	3,81
30,01	3,83
30,03	3,82
30,06	3,84
30,08	3,83
30,10	3,84
30,13	3,86
30,15	3,86
30,18	3,88
30,20	3,91
30,23	3,91
30,25	3,94
30,28	3,93
30,30	3,95
30,32	3,99
30,35	3,99
30,37	4,01
30,40	4,03
30,42	4,05
30,45	4,08
30,47	4,12
30,50	4,13
30,52	4,16
30,54	4,18
30,57	4,21
30,59	4,25
30,62	4,29
30,64	4,31
30,67	4,35
30,69	4,36
30,72	4,41
30,74	4,44
30,76	4,47
30,79	4,49
30,81	4,54
30,84	4,56
30,86	4,62
30,89	4,64
30,91	4,69
30,94	4,71
30,96	4,76
30,98	4,80
31,01	4,83
31,03	4,86
31,06	4,93
31,08	4,95
31,11	5,01
31,13	5,04
31,15	5,09
31,18	5,14
31,20	5,20
31,23	5,21
31,25	5,28
31,28	5,32
31,30	5,38
31,33	5,44
31,35	5,48
31,37	5,52
31,40	5,58
31,42	5,61
31,45	5,67
31,47	5,70
31,50	5,74
31,52	5,78
31,55	5,83
31,57	5,86
31,59	5,93
31,62	5,98
31,64	6,03
31,67	6,07
31,69	6,12
31,72	6,19
31,74	6,22
31,77	6,25
31,79	6,31
31,81	6,35
31,84	6,39
31,86	6,45
31,89	6,48
31,91	6,54
31,94	6,58
31,96	6,60
31,99	6,64
32,01	6,68
32,03	6,70
32,06	6,77
32,08	6,80
32,11	6,82
32,13	6,85
32,16	6,88
32,18	6,91
32,20	6,94
32,23	6,92
32,25	6,96
32,28	6,96
32,30	6,99
32,33	7,00
32,35	7,01
32,38	7,02
32,40	7,04
32,42	7,03
32,45	7,06
32,47	7,05
32,50	7,06
32,52	7,07
32,55	7,09
32,57	7,07
32,60	7,09
32,62	7,07
32,64	7,09
32,67	7,08
32,69	7,07
32,72	7,05
32,74	7,06
32,77	7,03
32,79	7,06
32,82	7,02
32,84	7,03
32,86	6,99
32,89	6,99
32,91	6,97
32,94	6,96
32,96	6,90
32,99	6,89
33,01	6,84
33,04	6,82
33,06	6,78
33,08	6,75
33,11	6,71
33,13	6,69
33,16	6,65
33,18	6,64
33,21	6,60
33,23	6,57
33,26	6,56
33,28	6,53
33,30	6,49
33,33	6,46
33,35	6,41
33,38	6,39
33,40	6,36
33,43	6,31
33,45	6,28
33,47	6,24
33,50	6,21
33,52	6,20
33,55	6,17
33,57	6,14
33,60	6,11
33,62	6,06
33,65	6,04
33,67	6,00
33,69	5,94
33,72	5,92
33,74	5,87
33,77	5,83
33,79	5,80
33,82	5,74
33,84	5,73
33,87	5,69
33,89	5,67
33,91	5,64
33,94	5,63
33,96	5,59
33,99	5,60
34,01	5,57
34,04	5,57
34,06	5,53
34,09	5,53
34,11	5,49
34,13	5,49
34,16	5,43
34,18	5,43
34,21	5,39
34,23	5,38
34,26	5,37
34,28	5,37
34,31	5,35
34,33	5,36
34,35	5,33
34,38	5,37
34,40	5,35
34,43	5,34
34,45	5,33
34,48	5,32
34,50	5,30
34,52	5,32
34,55	5,29
34,57	5,31
34,60	5,29
34,62	5,30
34,65	5,32
34,67	5,34
34,70	5,34
34,72	5,38
34,74	5,38
34,77	5,42
34,79	5,43
34,82	5,46
34,84	5,47
34,87	5,49
34,89	5,47
34,92	5,51
34,94	5,52
34,96	5,54
34,99	5,57
35,01	5,61
35,04	5,64
35,06	5,68
35,09	5,71
35,11	5,77
35,14	5,81
35,16	5,82
35,18	5,86
35,21	5,88
35,23	5,91
35,26	5,94
35,28	5,97
35,31	6,00
35,33	6,04
35,36	6,08
35,38	6,15
35,40	6,19
35,43	6,23
35,45	6,30
35,48	6,36
35,50	6,41
35,53	6,47
35,55	6,50
35,57	6,57
35,60	6,61
35,62	6,66
35,65	6,70
35,67	6,75
35,70	6,78
35,72	6,87
35,75	6,91
35,77	6,99
35,79	7,05
35,82	7,13
35,84	7,21
35,87	7,30
35,89	7,34
35,92	7,42
35,94	7,45
35,97	7,52
35,99	7,55
36,01	7,61
36,04	7,66
36,06	7,74
36,09	7,80
36,11	7,91
36,14	7,97
36,16	8,06
36,19	8,15
36,21	8,23
36,23	8,29
36,26	8,36
36,28	8,40
36,31	8,48
36,33	8,54
36,36	8,59
36,38	8,65
36,41	8,72
36,43	8,78
36,45	8,86
36,48	8,92
36,50	9,00
36,53	9,07
36,55	9,12
36,58	9,22
36,60	9,27
36,62	9,33
36,65	9,38
36,67	9,42
36,70	9,46
36,72	9,52
36,75	9,55
36,77	9,63
36,80	9,67
36,82	9,72
36,84	9,78
36,87	9,83
36,89	9,86
36,92	9,93
36,94	9,95
36,97	9,99
36,99	10,02
37,02	10,04
37,04	10,07
37,06	10,11
37,09	10,09
37,11	10,12
37,14	10,12
37,16	10,14
37,19	10,15
37,21	10,16
37,24	10,16
37,26	10,18
37,28	10,16
37,31	10,21
37,33	10,20
37,36	10,21
37,38	10,20
37,41	10,18
37,43	10,16
37,46	10,16
37,48	10,10
37,50	10,10
37,53	10,05
37,55	10,04
37,58	10,02
37,60	10,01
37,63	9,98
37,65	9,98
37,68	9,92
37,70	9,91
37,72	9,87
37,75	9,83
37,77	9,79
37,80	9,75
37,82	9,68
37,85	9,66
37,87	9,58
37,89	9,54
37,92	9,48
37,94	9,43
37,97	9,38
37,99	9,35
38,02	9,29
38,04	9,29
38,07	9,23
38,09	9,18
38,11	9,13
38,14	9,05
38,16	8,98
38,19	8,93
38,21	8,85
38,24	8,79
38,26	8,71
38,29	8,65
38,31	8,62
38,33	8,57
38,36	8,52
38,38	8,47
38,41	8,42
38,43	8,39
38,46	8,34
38,48	8,27
38,51	8,23
38,53	8,17
38,55	8,10
38,58	8,07
38,60	8,00
38,63	7,96
38,65	7,93
38,68	7,87
38,70	7,86
38,73	7,82
38,75	7,77
38,77	7,78
38,80	7,75
38,82	7,70
38,85	7,68
38,87	7,60
38,90	7,59
38,92	7,55
38,94	7,51
38,97	7,47
38,99	7,44
39,02	7,41
39,04	7,45
39,07	7,41
39,09	7,41
39,12	7,39
39,14	7,39
39,16	7,38
39,19	7,39
39,21	7,36
39,24	7,37
39,26	7,36
39,29	7,36
39,31	7,36
39,34	7,36
39,36	7,36
39,38	7,39
39,41	7,38
39,43	7,41
39,46	7,42
39,48	7,44
39,51	7,49
39,53	7,50
39,56	7,51
39,58	7,55
39,60	7,55
39,63	7,58
39,65	7,61
39,68	7,62
39,70	7,67
39,73	7,69
39,75	7,72
39,78	7,78
39,80	7,80
39,82	7,84
39,85	7,89
39,87	7,92
39,90	7,99
39,92	8,03
39,95	8,07
39,97	8,14
39,99	8,20
40,02	8,25
40,04	8,33
40,07	8,35
40,09	8,42
40,12	8,47
40,14	8,53
40,17	8,59
40,19	8,67
40,21	8,70
40,24	8,82
40,26	8,87
40,29	8,96
40,31	9,02
40,34	9,09
40,36	9,15
40,39	9,25
40,41	9,30
40,43	9,37
40,46	9,42
40,48	9,50
40,51	9,58
40,53	9,66
40,56	9,72
40,58	9,81
40,61	9,89
40,63	10,01
40,65	10,10
40,68	10,19
40,70	10,28
40,73	10,39
40,75	10,48
40,78	10,59
40,80	10,64
40,83	10,73
40,85	10,81
40,87	10,90
40,90	10,99
40,92	11,09
40,95	11,17
40,97	11,33
41,00	11,41
41,02	11,53
41,05	11,62
41,07	11,70
41,09	11,79
41,12	11,89
41,14	11,94
41,17	12,02
41,19	12,08
41,22	12,15
41,24	12,25
41,26	12,33
41,29	12,42
41,31	12,50
41,34	12,59
41,36	12,68
41,39	12,78
41,41	12,86
41,44	12,93
41,46	13,00
41,48	13,08
41,51	13,17
41,53	13,23
41,56	13,29
41,58	13,37
41,61	13,44
41,63	13,51
41,66	13,56
41,68	13,62
41,70	13,71
41,73	13,77
41,75	13,80
41,78	13,87
41,80	13,90
41,83	13,95
41,85	13,98
41,88	13,99
41,90	14,00
41,92	14,03
41,95	14,03
41,97	14,08
42,00	14,08
42,02	14,11
42,05	14,11
42,07	14,14
42,10	14,14
42,12	14,16
42,14	14,12
42,17	14,14
42,19	14,11
42,22	14,12
42,24	14,10
42,27	14,07
42,29	14,03
42,31	14,03
42,34	13,97
42,36	13,97
42,39	13,92
42,41	13,89
42,44	13,87
42,46	13,84
42,49	13,77
42,51	13,75
42,53	13,69
42,56	13,65
42,58	13,58
42,61	13,54
42,63	13,48
42,66	13,44
42,68	13,35
42,71	13,31
42,73	13,23
42,75	13,17
42,78	13,09
42,80	13,04
42,83	12,97
42,85	12,89
42,88	12,81
42,90	12,74
42,93	12,67
42,95	12,61
42,97	12,53
43,00	12,44
43,02	12,36
43,05	12,28
43,07	12,19
43,10	12,12
43,12	12,03
43,15	11,93
43,17	11,87
43,19	11,79
43,22	11,71
43,24	11,65
43,27	11,57
43,29	11,49
43,32	11,43
43,34	11,36
43,36	11,32
43,39	11,23
43,41	11,15
43,44	11,09
43,46	11,03
43,49	10,94
43,51	10,89
43,54	10,81
43,56	10,79
43,58	10,73
43,61	10,68
43,63	10,62
43,66	10,60
43,68	10,54
43,71	10,52
43,73	10,44
43,76	10,42
43,78	10,37
43,80	10,35
43,83	10,30
43,85	10,29
43,88	10,24
43,90	10,24
43,93	10,20
43,95	10,20
43,98	10,17
44,00	10,16
44,02	10,14
44,05	10,14
44,07	10,12
44,10	10,14
44,12	10,11
44,15	10,12
44,17	10,12
44,20	10,14
44,22	10,14
44,24	10,17
44,27	10,17
44,29	10,22
44,32	10,23
44,34	10,25
44,37	10,27
44,39	10,30
44,41	10,31
44,44	10,37
44,46	10,40
44,49	10,45
44,51	10,48
44,54	10,53
44,56	10,59
44,59	10,64
44,61	10,68
44,63	10,73
44,66	10,78
44,68	10,83
44,71	10,90
44,73	10,94
44,76	11,01
44,78	11,07
44,81	11,15
44,83	11,21
44,85	11,24
44,88	11,31
44,90	11,41
44,93	11,49
44,95	11,56
44,98	11,62
45,00	11,70
45,03	11,82
45,05	11,91
45,07	11,97
45,10	12,06
45,12	12,16
45,15	12,26
45,17	12,37
45,20	12,48
45,22	12,56
45,25	12,68
45,27	12,76
45,29	12,89
45,32	12,96
45,34	13,04
45,37	13,12
45,39	13,23
45,42	13,32
45,44	13,43
45,47	13,50
45,49	13,63
45,51	13,74
45,54	13,86
45,56	13,97
45,59	14,09
45,61	14,20
45,64	14,34
45,66	14,43
45,68	14,54
45,71	14,65
45,73	14,75
45,76	14,87
45,78	14,98
45,81	15,06
45,83	15,20
45,86	15,31
45,88	15,43
45,90	15,56
45,93	15,67
45,95	15,79
45,98	15,91
46,00	16,00
46,03	16,12
46,05	16,22
46,08	16,31
46,10	16,43
46,12	16,51
46,15	16,61
46,17	16,72
46,20	16,82
46,22	16,93
46,25	17,03
46,27	17,13
46,30	17,26
46,32	17,33
46,34	17,44
46,37	17,53
46,39	17,61
46,42	17,68
46,44	17,78
46,47	17,84
46,49	17,95
46,52	18,00
46,54	18,07
46,56	18,14
46,59	18,23
46,61	18,27
46,64	18,38
46,66	18,42
46,69	18,48
46,71	18,52
46,73	18,57
46,76	18,62
46,78	18,67
46,81	18,65
46,83	18,69
46,86	18,70
46,88	18,73
46,91	18,74
46,93	18,76
46,95	18,76
46,98	18,80
47,00	18,80
47,03	18,82
47,05	18,81
47,08	18,82
47,10	18,80
47,13	18,80
47,15	18,77
47,17	18,78
47,20	18,75
47,22	18,73
47,25	18,70
47,27	18,67
47,30	18,62
47,32	18,58
47,35	18,51
47,37	18,50
47,39	18,43
47,42	18,40
47,44	18,34
47,47	18,29
47,49	18,24
47,52	18,18
47,54	18,09
47,57	18,03
47,59	17,92
47,61	17,85
47,64	17,77
47,66	17,67
47,69	17,58
47,71	17,50
47,74	17,41
47,76	17,35
47,78	17,26
47,81	17,19
47,83	17,13
47,86	17,05
47,88	16,96
47,91	16,87
47,93	16,76
47,96	16,67
47,98	16,56
48,00	16,45
48,03	16,35
48,05	16,24
48,08	16,13
48,10	16,05
48,13	15,96
48,15	15,87
48,18	15,79
48,20	15,69
48,22	15,63
48,25	15,54
48,27	15,44
48,30	15,33
48,32	15,23
48,35	15,13
48,37	15,05
48,40	14,92
48,42	14,86
48,44	14,76
48,47	14,71
48,49	14,62
48,52	14,57
48,54	14,49
48,57	14,47
48,59	14,40
48,62	14,36
48,64	14,29
48,66	14,25
48,69	14,19
48,71	14,16
48,74	14,08
48,76	14,05
48,79	13,99
48,81	13,98
48,84	13,95
48,86	13,93
48,88	13,90
48,91	13,90
48,93	13,88
48,96	13,91
48,98	13,87
49,01	13,87
49,03	13,87
49,05	13,89
49,08	13,90
49,10	13,91
49,13	13,90
49,15	13,94
49,18	13,94
49,20	13,97
49,23	13,99
49,25	14,01
49,27	14,03
49,30	14,07
49,32	14,10
49,35	14,16
49,37	14,17
49,40	14,23
49,42	14,30
49,45	14,37
49,47	14,43
49,49	14,50
49,52	14,56
49,54	14,64
49,57	14,70
49,59	14,75
49,62	14,81
49,64	14,87
49,67	14,95
49,69	15,06
49,71	15,15
49,74	15,23
49,76	15,33
49,79	15,43
49,81	15,54
49,84	15,62
49,86	15,69
49,89	15,77
49,91	15,87
49,93	15,94
49,96	16,05
49,98	16,13
50,01	16,27
50,03	16,37
50,06	16,51
50,08	16,62
50,10	16,75
50,13	16,85
50,15	17,01
50,18	17,11
50,20	17,23
50,23	17,32
50,25	17,44
50,28	17,55
50,30	17,68
50,32	17,76
50,35	17,90
50,37	18,02
50,40	18,19
50,42	18,35
50,45	18,50
50,47	18,63
50,50	18,79
50,52	18,92
50,54	19,06
50,57	19,17
50,59	19,27
50,62	19,40
50,64	19,53
50,67	19,64
50,69	19,78
50,72	19,92
50,74	20,06
50,76	20,20
50,79	20,34
50,81	20,47
50,84	20,60
50,86	20,73
50,89	20,86
50,91	20,98
50,94	21,11
50,96	21,23
50,98	21,36
51,01	21,50
51,03	21,62
51,06	21,74
51,08	21,87
51,11	21,99
51,13	22,12
51,15	22,27
51,18	22,39
51,20	22,50
51,23	22,61
51,25	22,72
51,28	22,85
51,30	22,94
51,33	23,01
51,35	23,11
51,37	23,18
51,40	23,27
51,42	23,35
51,45	23,42
51,47	23,49
51,50	23,57
51,52	23,64
51,55	23,75
51,57	23,81
51,59	23,88
51,62	23,96
51,64	24,01
51,67	24,07
51,69	24,13
51,72	24,16
51,74	24,21
51,77	24,24
51,79	24,26
51,81	24,30
51,84	24,33
51,86	24,34
51,89	24,40
51,91	24,39
51,94	24,41
51,96	24,41
51,99	24,43
52,01	24,44
52,03	24,44
52,06	24,38
52,08	24,40
52,11	24,36
52,13	24,35
52,16	24,31
52,18	24,28
52,20	24,24
52,23	24,23
52,25	24,17
52,28	24,15
52,30	24,11
52,33	24,08
52,35	24,03
52,38	24,00
52,40	23,93
52,42	23,88
52,45	23,79
52,47	23,73
52,50	23,64
52,52	23,54
52,55	23,45
52,57	23,36
52,60	23,28
52,62	23,22
52,64	23,12
52,67	23,04
52,69	22,96
52,72	22,86
52,74	22,77
52,77	22,69
52,79	22,55
52,82	22,45
52,84	22,33
52,86	22,21
52,89	22,10
52,91	21,97
52,94	21,85
52,96	21,73
52,99	21,62
53,01	21,52
53,04	21,42
53,06	21,31
53,08	21,21
53,11	21,10
53,13	21,00
53,16	20,88
53,18	20,77
53,21	20,65
53,23	20,55
53,26	20,44
53,28	20,35
53,30	20,22
53,33	20,14
53,35	20,07
53,38	19,99
53,40	19,90
53,43	19,82
53,45	19,71
53,47	19,68
53,50	19,58
53,52	19,48
53,55	19,40
53,57	19,33
53,60	19,24
53,62	19,20
53,65	19,11
53,67	19,08
53,69	19,01
53,72	18,97
53,74	18,94
53,77	18,92
53,79	18,88
53,82	18,88
53,84	18,85
53,87	18,85
53,89	18,84
53,91	18,82
53,94	18,81
53,96	18,81
53,99	18,79
54,01	18,81
54,04	18,80
54,06	18,82
54,09	18,83
54,11	18,85
54,13	18,86
54,16	18,89
54,18	18,91
54,21	18,97
54,23	18,99
54,26	19,04
54,28	19,09
54,31	19,13
54,33	19,19
54,35	19,27
54,38	19,31
54,40	19,37
54,43	19,43
54,45	19,48
54,48	19,58
54,50	19,65
54,52	19,72
54,55	19,82
54,57	19,91
54,60	20,01
54,62	20,12
54,65	20,21
54,67	20,33
54,70	20,42
54,72	20,49
54,74	20,58
54,77	20,68
54,79	20,78
54,82	20,92
54,84	20,99
54,87	21,11
54,89	21,25
54,92	21,40
54,94	21,55
54,96	21,68
54,99	21,78
55,01	21,95
55,04	22,06
55,06	22,21
55,09	22,30
55,11	22,41
55,14	22,54
55,16	22,68
55,18	22,80
55,21	22,97
55,23	23,08
55,26	23,25
55,28	23,41
55,31	23,58
55,33	23,74
55,36	23,90
55,38	24,04
55,40	24,22
55,43	24,37
55,45	24,49
55,48	24,63
55,50	24,76
55,53	24,90
55,55	25,06
55,57	25,19
55,60	25,35
55,62	25,51
55,65	25,68
55,67	25,86
55,70	26,03
55,72	26,19
55,75	26,36
55,77	26,47
55,79	26,59
55,82	26,72
55,84	26,83
55,87	26,96
55,89	27,10
55,92	27,23
55,94	27,39
55,97	27,56
55,99	27,71
56,01	27,89
56,04	28,02
56,06	28,17
56,09	28,31
56,11	28,44
56,14	28,55
56,16	28,68
56,19	28,76
56,21	28,90
56,23	28,96
56,26	29,08
56,28	29,19
56,31	29,33
56,33	29,43
56,36	29,54
56,38	29,61
56,41	29,78
56,43	29,85
56,45	29,95
56,48	30,02
56,50	30,09
56,53	30,16
56,55	30,26
56,58	30,30
56,60	30,40
56,62	30,44
56,65	30,52
56,67	30,59
56,70	30,67
56,72	30,72
56,75	30,80
56,77	30,81
56,80	30,90
56,82	30,92
56,84	30,98
56,87	31,00
56,89	31,06
56,92	31,06
56,94	31,12
56,97	31,11
56,99	31,15
57,02	31,14
57,04	31,15
57,06	31,13
57,09	31,13
57,11	31,10
57,14	31,14
57,16	31,10
57,19	31,08
57,21	31,04
57,24	31,01
57,26	30,96
57,28	30,94
57,31	30,85
57,33	30,81
57,36	30,74
57,38	30,70
57,41	30,66
57,43	30,62
57,46	30,53
57,48	30,48
57,50	30,36
57,53	30,28
57,55	30,20
57,58	30,10
57,60	30,00
57,63	29,93
57,65	29,82
57,68	29,76
57,70	29,66
57,72	29,56
57,75	29,47
57,77	29,34
57,80	29,21
57,82	29,08
57,85	28,94
57,87	28,86
57,89	28,73
57,92	28,60
57,94	28,48
57,97	28,36
57,99	28,26
58,02	28,15
58,04	28,02
58,07	27,90
58,09	27,78
58,11	27,64
58,14	27,54
58,16	27,39
58,19	27,26
58,21	27,11
58,24	27,01
58,26	26,91
58,29	26,82
58,31	26,71
58,33	26,64
58,36	26,53
58,38	26,46
58,41	26,35
58,43	26,24
58,46	26,11
58,48	26,03
58,51	25,91
58,53	25,85
58,55	25,72
58,58	25,65
58,60	25,61
58,63	25,57
58,65	25,48
58,68	25,43
58,70	25,36
58,73	25,35
58,75	25,29
58,77	25,23
58,80	25,19
58,82	25,16
58,85	25,13
58,87	25,13
58,90	25,11
58,92	25,09
58,94	25,09
58,97	25,09
58,99	25,11
59,02	25,12
59,04	25,12
59,07	25,13
59,09	25,16
59,12	25,17
59,14	25,20
59,16	25,20
59,19	25,22
59,21	25,25
59,24	25,30
59,26	25,35
59,29	25,40
59,31	25,44
59,34	25,55
59,36	25,61
59,38	25,69
59,41	25,75
59,43	25,83
59,46	25,90
59,48	26,01
59,51	26,06
59,53	26,20
59,56	26,27
59,58	26,39
59,60	26,47
59,63	26,57
59,65	26,63
59,68	26,74
59,70	26,81
59,73	26,95
59,75	27,06
59,78	27,20
59,80	27,33
59,82	27,49
59,85	27,60
59,87	27,77
59,90	27,88
59,92	28,02
59,95	28,13
59,97	28,24
59,99	28,32
