U1/V	IA/nA
0,02	0,49
0,04	0,50
0,07	0,51
0,09	0,52
0,12	0,51
0,14	0,50
0,17	0,49
0,19	0,46
0,21	0,45
0,24	0,44
0,26	0,42
0,29	0,44
0,31	0,42
0,34	0,43
0,36	0,44
0,39	0,45
0,41	0,43
0,43	0,47
0,46	0,46
0,48	0,49
0,51	0,48
0,53	0,48
0,56	0,47
0,58	0,50
0,61	0,47
0,63	0,50
0,65	0,46
0,68	0,48
0,70	0,46
0,73	0,48
0,75	0,46
0,78	0,49
0,80	0,45
0,83	0,51
0,85	0,49
0,87	0,52
0,90	0,50
0,92	0,51
0,95	0,47
0,97	0,50
1,00	0,46
1,02	0,49
1,05	0,45
1,07	0,47
1,09	0,45
1,12	0,48
1,14	0,46
1,17	0,47
1,19	0,45
1,22	0,47
1,24	0,45
1,26	0,47
1,29	0,44
1,31	0,46
1,34	0,45
1,36	0,47
1,39	0,45
1,41	0,47
1,44	0,47
1,46	0,48
1,48	0,46
1,51	0,46
1,53	0,45
1,56	0,51
1,58	0,49
1,61	0,47
1,63	0,47
1,66	0,47
1,68	0,48
1,70	0,45
1,73	0,43
1,75	0,45
1,78	0,44
1,80	0,44
1,83	0,46
1,85	0,45
1,88	0,47
1,90	0,45
1,92	0,45
1,95	0,44
1,97	0,47
2,00	0,45
2,02	0,48
2,05	0,47
2,07	0,48
2,10	0,48
2,12	0,49
2,14	0,47
2,17	0,49
2,19	0,46
2,22	0,48
2,24	0,46
2,27	0,47
2,29	0,47
2,31	0,49
2,34	0,45
2,36	0,47
2,39	0,44
2,41	0,48
2,44	0,45
2,46	0,47
2,49	0,44
2,51	0,47
2,53	0,44
2,56	0,49
2,58	0,46
2,61	0,49
2,63	0,46
2,66	0,49
2,68	0,48
2,71	0,51
2,73	0,46
2,75	0,49
2,78	0,46
2,80	0,50
2,83	0,48
2,85	0,48
2,88	0,46
2,90	0,50
2,93	0,47
2,95	0,49
2,97	0,49
3,00	0,51
3,02	0,50
3,05	0,52
3,07	0,51
3,10	0,53
3,12	0,52
3,15	0,50
3,17	0,48
3,19	0,49
3,22	0,47
3,24	0,47
3,27	0,47
3,29	0,46
3,32	0,44
3,34	0,44
3,36	0,44
3,39	0,47
3,41	0,46
3,44	0,45
3,46	0,46
3,49	0,46
3,51	0,48
3,54	0,47
3,56	0,47
3,58	0,44
3,61	0,46
3,63	0,44
3,66	0,45
3,68	0,45
3,71	0,47
3,73	0,43
3,76	0,47
3,78	0,45
3,80	0,47
3,83	0,47
3,85	0,49
3,88	0,46
3,90	0,48
3,93	0,45
3,95	0,49
3,98	0,45
4,00	0,46
4,02	0,45
4,05	0,48
4,07	0,46
4,10	0,49
4,12	0,45
4,15	0,49
4,17	0,45
4,20	0,46
4,22	0,43
4,24	0,46
4,27	0,44
4,29	0,49
4,32	0,47
4,34	0,50
4,37	0,49
4,39	0,52
4,42	0,49
4,44	0,51
4,46	0,47
4,49	0,51
4,51	0,48
4,54	0,49
4,56	0,46
4,59	0,48
4,61	0,47
4,63	0,50
4,66	0,48
4,68	0,51
4,71	0,47
4,73	0,51
4,76	0,51
4,78	0,50
4,81	0,50
4,83	0,52
4,85	0,49
4,88	0,54
4,90	0,51
4,93	0,51
4,95	0,52
4,98	0,50
5,00	0,48
5,03	0,50
5,05	0,49
5,07	0,51
5,10	0,53
5,12	0,53
5,15	0,55
5,17	0,53
5,20	0,53
5,22	0,54
5,25	0,53
5,27	0,49
5,29	0,49
5,32	0,46
5,34	0,48
5,37	0,45
5,39	0,45
5,42	0,44
5,44	0,44
5,47	0,43
5,49	0,48
5,51	0,46
5,54	0,49
5,56	0,47
5,59	0,48
5,61	0,48
5,64	0,51
5,66	0,47
5,68	0,50
5,71	0,45
5,73	0,48
5,76	0,48
5,78	0,52
5,81	0,49
5,83	0,52
5,86	0,49
5,88	0,53
5,90	0,52
5,93	0,52
5,95	0,49
5,98	0,51
6,00	0,47
6,03	0,51
6,05	0,48
6,08	0,50
6,10	0,47
6,12	0,49
6,15	0,47
6,17	0,49
6,20	0,45
6,22	0,49
6,25	0,46
6,27	0,47
6,30	0,45
6,32	0,48
6,34	0,47
6,37	0,51
6,39	0,46
6,42	0,50
6,44	0,47
6,47	0,48
6,49	0,49
6,52	0,51
6,54	0,50
6,56	0,53
6,59	0,49
6,61	0,54
6,64	0,53
6,66	0,50
6,69	0,47
6,71	0,45
6,73	0,44
6,76	0,47
6,78	0,46
6,81	0,45
6,83	0,44
6,86	0,44
6,88	0,46
6,91	0,46
6,93	0,45
6,95	0,46
6,98	0,47
7,00	0,47
7,03	0,50
7,05	0,49
7,08	0,50
7,10	0,48
7,13	0,48
7,15	0,48
7,17	0,48
7,20	0,47
7,22	0,52
7,25	0,49
7,27	0,51
7,30	0,49
7,32	0,52
7,35	0,51
7,37	0,53
7,39	0,47
7,42	0,50
7,44	0,46
7,47	0,48
7,49	0,46
7,52	0,48
7,54	0,45
7,57	0,48
7,59	0,45
7,61	0,51
7,64	0,48
7,66	0,50
7,69	0,49
7,71	0,53
7,74	0,51
7,76	0,53
7,78	0,49
7,81	0,51
7,83	0,49
7,86	0,50
7,88	0,49
7,91	0,51
7,93	0,48
7,96	0,51
7,98	0,51
8,00	0,53
8,03	0,53
8,05	0,52
8,08	0,52
8,10	0,53
8,13	0,52
8,15	0,54
8,18	0,51
8,20	0,52
8,22	0,51
8,25	0,52
8,27	0,54
8,30	0,53
8,32	0,51
8,35	0,53
8,37	0,49
8,40	0,51
8,42	0,52
8,44	0,51
8,47	0,53
8,49	0,54
8,52	0,55
8,54	0,56
8,57	0,56
8,59	0,54
8,62	0,54
8,64	0,53
8,66	0,53
8,69	0,53
8,71	0,55
8,74	0,55
8,76	0,56
8,79	0,53
8,81	0,57
8,84	0,55
8,86	0,55
8,88	0,53
8,91	0,53
8,93	0,50
8,96	0,54
8,98	0,50
9,01	0,52
9,03	0,51
9,05	0,53
9,08	0,51
9,10	0,54
9,13	0,51
9,15	0,56
9,18	0,54
9,20	0,56
9,23	0,53
9,25	0,56
9,27	0,54
9,30	0,58
9,32	0,52
9,35	0,55
9,37	0,53
9,40	0,56
9,42	0,56
9,45	0,59
9,47	0,56
9,49	0,58
9,52	0,55
9,54	0,59
9,57	0,56
9,59	0,55
9,62	0,52
9,64	0,50
9,67	0,49
9,69	0,52
9,71	0,50
9,74	0,51
9,76	0,49
9,79	0,50
9,81	0,53
9,84	0,53
9,86	0,52
9,89	0,54
9,91	0,54
9,93	0,54
9,96	0,56
9,98	0,59
10,01	0,61
10,03	0,62
10,06	0,57
10,08	0,58
10,10	0,58
10,13	0,60
10,15	0,59
10,18	0,56
10,20	0,56
10,23	0,57
10,25	0,57
10,28	0,59
10,30	0,59
10,32	0,56
10,35	0,58
10,37	0,55
10,40	0,57
10,42	0,56
10,45	0,56
10,47	0,52
10,50	0,54
10,52	0,52
10,54	0,58
10,57	0,56
10,59	0,58
10,62	0,58
10,64	0,60
10,67	0,58
10,69	0,62
10,72	0,58
10,74	0,61
10,76	0,58
10,79	0,58
10,81	0,58
10,84	0,59
10,86	0,56
10,89	0,60
10,91	0,57
10,94	0,60
10,96	0,59
10,98	0,61
11,01	0,62
11,03	0,66
11,06	0,61
11,08	0,65
11,11	0,62
11,13	0,63
11,15	0,62
11,18	0,62
11,20	0,61
11,23	0,64
11,25	0,59
11,28	0,64
11,30	0,62
11,33	0,63
11,35	0,63
11,37	0,64
11,40	0,65
11,42	0,71
11,45	0,67
11,47	0,67
11,50	0,68
11,52	0,66
11,55	0,66
11,57	0,64
11,59	0,60
11,62	0,62
11,64	0,63
11,67	0,62
11,69	0,63
11,72	0,63
11,74	0,64
11,77	0,65
11,79	0,66
11,81	0,66
11,84	0,65
11,86	0,63
11,89	0,63
11,91	0,61
11,94	0,62
11,96	0,60
11,99	0,62
12,01	0,63
12,03	0,67
12,06	0,65
12,08	0,70
12,11	0,69
12,13	0,71
12,16	0,69
12,18	0,71
12,21	0,68
12,23	0,71
12,25	0,66
12,28	0,69
12,30	0,64
12,33	0,66
12,35	0,64
12,38	0,68
12,40	0,66
12,42	0,69
12,45	0,65
12,47	0,72
12,50	0,69
12,52	0,72
12,55	0,69
12,57	0,69
12,60	0,65
12,62	0,70
12,64	0,65
12,67	0,68
12,69	0,65
12,72	0,67
12,74	0,67
12,77	0,71
12,79	0,67
12,82	0,72
12,84	0,68
12,86	0,73
12,89	0,72
12,91	0,75
12,94	0,72
12,96	0,76
12,99	0,72
13,01	0,77
13,04	0,73
13,06	0,75
13,08	0,72
13,11	0,75
13,13	0,73
13,16	0,76
13,18	0,74
13,21	0,80
13,23	0,79
13,26	0,81
13,28	0,79
13,30	0,77
13,33	0,77
13,35	0,75
13,38	0,73
13,40	0,73
13,43	0,72
13,45	0,73
13,47	0,76
13,50	0,78
13,52	0,79
13,55	0,79
13,57	0,80
13,60	0,79
13,62	0,81
13,65	0,80
13,67	0,79
13,69	0,78
13,72	0,79
13,74	0,79
13,77	0,80
13,79	0,79
13,82	0,81
13,84	0,79
13,87	0,80
13,89	0,78
13,91	0,80
13,94	0,83
13,96	0,84
13,99	0,81
14,01	0,84
14,04	0,80
14,06	0,83
14,09	0,80
14,11	0,81
14,13	0,78
14,16	0,80
14,18	0,77
14,21	0,84
14,23	0,81
14,26	0,84
14,28	0,80
14,31	0,83
14,33	0,83
14,35	0,86
14,38	0,81
14,40	0,85
14,43	0,83
14,45	0,86
14,48	0,85
14,50	0,86
14,52	0,82
14,55	0,86
14,57	0,82
14,60	0,85
14,62	0,84
14,65	0,87
14,67	0,88
14,70	0,91
14,72	0,91
14,74	0,94
14,77	0,93
14,79	0,93
14,82	0,89
14,84	0,90
14,87	0,90
14,89	0,89
14,92	0,86
14,94	0,88
14,96	0,87
14,99	0,90
15,01	0,90
15,04	0,89
15,06	0,88
15,09	0,89
15,11	0,85
15,14	0,84
15,16	0,85
15,18	0,83
15,21	0,86
15,23	0,83
15,26	0,85
15,28	0,86
15,31	0,88
15,33	0,86
15,36	0,89
15,38	0,84
15,40	0,87
15,43	0,84
15,45	0,87
15,48	0,86
15,50	0,87
15,53	0,85
15,55	0,88
15,57	0,86
15,60	0,90
15,62	0,85
15,65	0,87
15,67	0,86
15,70	0,86
15,72	0,83
15,75	0,86
15,77	0,83
15,79	0,87
15,82	0,83
15,84	0,85
15,87	0,84
15,89	0,88
15,92	0,85
15,94	0,90
15,97	0,86
15,99	0,90
16,01	0,88
16,04	0,91
16,06	0,89
16,09	0,92
16,11	0,89
16,14	0,93
16,16	0,90
16,19	0,92
16,21	0,89
16,23	0,90
16,26	0,87
16,28	0,89
16,31	0,86
16,33	0,90
16,36	0,86
16,38	0,89
16,41	0,88
16,43	0,90
16,45	0,89
16,48	0,89
16,50	0,87
16,53	0,90
16,55	0,88
16,58	0,89
16,60	0,89
16,63	0,91
16,65	0,91
16,67	0,93
16,70	0,91
16,72	0,92
16,75	0,92
16,77	0,89
16,80	0,88
16,82	0,88
16,84	0,87
16,87	0,88
16,89	0,90
16,92	0,89
16,94	0,93
16,97	0,93
16,99	0,95
17,02	0,95
17,04	0,97
17,06	0,96
17,09	0,96
17,11	0,93
17,14	0,97
17,16	0,95
17,19	0,97
17,21	0,96
17,24	0,97
17,26	0,97
17,28	1,00
17,31	0,97
17,33	1,01
17,36	0,97
17,38	1,00
17,41	1,00
17,43	1,03
17,46	1,01
17,48	1,04
17,50	1,00
17,53	1,05
17,55	1,02
17,58	1,04
17,60	1,02
17,63	1,05
17,65	1,01
17,68	1,05
17,70	1,03
17,72	1,07
17,75	1,04
17,77	1,07
17,80	1,05
17,82	1,07
17,85	1,04
17,87	1,07
17,89	1,04
17,92	1,08
17,94	1,06
17,97	1,08
17,99	1,07
18,02	1,12
18,04	1,09
18,07	1,11
18,09	1,08
18,11	1,10
18,14	1,09
18,16	1,12
18,19	1,09
18,21	1,12
18,24	1,14
18,26	1,19
18,29	1,18
18,31	1,19
18,33	1,16
18,36	1,17
18,38	1,14
18,41	1,16
18,43	1,13
18,46	1,14
18,48	1,11
18,51	1,12
18,53	1,14
18,55	1,15
18,58	1,14
18,60	1,14
18,63	1,15
18,65	1,17
18,68	1,20
18,70	1,19
18,73	1,20
18,75	1,17
18,77	1,17
18,80	1,16
18,82	1,18
18,85	1,15
18,87	1,18
18,90	1,16
18,92	1,19
18,94	1,19
18,97	1,21
18,99	1,19
19,02	1,22
19,04	1,18
19,07	1,21
19,09	1,16
19,12	1,19
19,14	1,17
19,16	1,18
19,19	1,15
19,21	1,17
19,24	1,14
19,26	1,19
19,29	1,13
19,31	1,16
19,34	1,15
19,36	1,18
19,38	1,17
19,41	1,20
19,43	1,18
19,46	1,22
19,48	1,19
19,51	1,20
19,53	1,18
19,56	1,20
19,58	1,15
19,60	1,19
19,63	1,18
19,65	1,21
19,68	1,19
19,70	1,22
19,73	1,20
19,75	1,23
19,78	1,19
19,80	1,20
19,82	1,15
19,85	1,16
19,87	1,13
19,90	1,15
19,92	1,14
19,95	1,17
19,97	1,14
19,99	1,17
20,02	1,14
20,04	1,13
20,07	1,15
20,09	1,15
20,12	1,13
20,14	1,14
20,17	1,15
20,19	1,16
20,21	1,18
20,24	1,15
20,26	1,17
20,29	1,15
20,31	1,16
20,34	1,18
20,36	1,19
20,39	1,19
20,41	1,21
20,43	1,18
20,46	1,21
20,48	1,19
20,51	1,18
20,53	1,17
20,56	1,15
20,58	1,13
20,61	1,15
20,63	1,13
20,65	1,16
20,68	1,15
20,70	1,18
20,73	1,17
20,75	1,20
20,78	1,17
20,80	1,22
20,83	1,19
20,85	1,21
20,87	1,18
20,90	1,20
20,92	1,17
20,95	1,20
20,97	1,16
21,00	1,20
21,02	1,18
21,05	1,21
21,07	1,21
21,09	1,24
21,12	1,22
21,14	1,24
21,17	1,20
21,19	1,25
21,22	1,22
21,24	1,21
21,26	1,19
21,29	1,19
21,31	1,17
21,34	1,21
21,36	1,16
21,39	1,20
21,41	1,18
21,44	1,20
21,46	1,21
21,48	1,25
21,51	1,21
21,53	1,27
21,56	1,25
21,58	1,27
21,61	1,29
21,63	1,30
21,66	1,29
21,68	1,31
21,70	1,27
21,73	1,27
21,75	1,25
21,78	1,28
21,80	1,30
21,83	1,29
21,85	1,30
21,88	1,32
21,90	1,35
21,92	1,40
21,95	1,39
21,97	1,36
22,00	1,38
22,02	1,37
22,05	1,37
22,07	1,38
22,10	1,37
22,12	1,37
22,14	1,38
22,17	1,38
22,19	1,43
22,22	1,44
22,24	1,45
22,27	1,46
22,29	1,47
22,31	1,47
22,34	1,50
22,36	1,47
22,39	1,50
22,41	1,47
22,44	1,47
22,46	1,47
22,49	1,50
22,51	1,49
22,53	1,55
22,56	1,53
22,58	1,56
22,61	1,54
22,63	1,58
22,66	1,58
22,68	1,62
22,71	1,58
22,73	1,63
22,75	1,60
22,78	1,64
22,80	1,61
22,83	1,63
22,85	1,60
22,88	1,62
22,90	1,59
22,93	1,64
22,95	1,62
22,97	1,63
23,00	1,63
23,02	1,68
23,05	1,65
23,07	1,68
23,10	1,66
23,12	1,67
23,15	1,69
23,17	1,69
23,19	1,65
23,22	1,66
23,24	1,63
23,27	1,66
23,29	1,64
23,32	1,65
23,34	1,62
23,36	1,62
23,39	1,64
23,41	1,66
23,44	1,65
23,46	1,69
23,49	1,66
23,51	1,68
23,54	1,69
23,56	1,68
23,58	1,68
23,61	1,67
23,63	1,66
23,66	1,66
23,68	1,65
23,71	1,64
23,73	1,68
23,76	1,66
23,78	1,67
23,80	1,65
23,83	1,66
23,85	1,66
23,88	1,67
23,90	1,63
23,93	1,66
23,95	1,62
23,98	1,64
24,00	1,63
24,02	1,64
24,05	1,63
24,07	1,65
24,10	1,61
24,12	1,66
24,15	1,62
24,17	1,64
24,20	1,61
24,22	1,61
24,24	1,57
24,27	1,60
24,29	1,54
24,32	1,59
24,34	1,54
24,37	1,58
24,39	1,57
24,42	1,60
24,44	1,56
24,46	1,61
24,49	1,56
24,51	1,60
24,54	1,56
24,56	1,57
24,59	1,54
24,61	1,58
24,63	1,53
24,66	1,56
24,68	1,52
24,71	1,54
24,73	1,51
24,76	1,53
24,78	1,50
24,81	1,51
24,83	1,49
24,85	1,54
24,88	1,50
24,90	1,51
24,93	1,49
24,95	1,48
24,98	1,49
25,00	1,50
25,03	1,46
25,05	1,49
25,07	1,49
25,10	1,48
25,12	1,49
25,15	1,50
25,17	1,48
25,20	1,50
25,22	1,50
25,25	1,50
25,27	1,53
25,29	1,53
25,32	1,52
25,34	1,52
25,37	1,52
25,39	1,50
25,42	1,51
25,44	1,50
25,47	1,51
25,49	1,49
25,51	1,49
25,54	1,48
25,56	1,49
25,59	1,52
25,61	1,53
25,64	1,50
25,66	1,55
25,68	1,51
25,71	1,54
25,73	1,53
25,76	1,52
25,78	1,51
25,81	1,52
25,83	1,49
25,86	1,56
25,88	1,54
25,90	1,57
25,93	1,55
25,95	1,58
25,98	1,57
26,00	1,62
26,03	1,59
26,05	1,61
26,08	1,59
26,10	1,62
26,12	1,61
26,15	1,63
26,17	1,60
26,20	1,63
26,22	1,61
26,25	1,66
26,27	1,64
26,30	1,67
26,32	1,69
26,34	1,72
26,37	1,71
26,39	1,75
26,42	1,71
26,44	1,74
26,47	1,73
26,49	1,74
26,52	1,73
26,54	1,75
26,56	1,77
26,59	1,81
26,61	1,80
26,64	1,83
26,66	1,84
26,69	1,89
26,71	1,93
26,73	1,95
26,76	1,94
26,78	1,97
26,81	2,00
26,83	2,01
26,86	2,00
26,88	1,97
26,91	1,95
26,93	1,97
26,95	1,98
26,98	1,98
27,00	1,98
27,03	1,98
27,05	2,03
27,08	2,05
27,10	2,08
27,13	2,08
27,15	2,09
27,17	2,09
27,20	2,13
27,22	2,11
27,25	2,15
27,27	2,13
27,30	2,17
27,32	2,17
27,35	2,19
27,37	2,18
27,39	2,22
27,42	2,20
27,44	2,25
27,47	2,23
27,49	2,26
27,52	2,24
27,54	2,28
27,57	2,25
27,59	2,30
27,61	2,26
27,64	2,29
27,66	2,27
27,69	2,31
27,71	2,29
27,74	2,33
27,76	2,30
27,78	2,37
27,81	2,34
27,83	2,38
27,86	2,36
27,88	2,38
27,91	2,35
27,93	2,37
27,96	2,32
27,98	2,35
28,00	2,30
28,03	2,32
28,05	2,32
28,08	2,35
28,10	2,32
28,13	2,34
28,15	2,31
28,18	2,35
28,20	2,33
28,22	2,33
28,25	2,30
28,27	2,28
28,30	2,26
28,32	2,30
28,35	2,27
28,37	2,27
28,40	2,24
28,42	2,24
28,44	2,25
28,47	2,27
28,49	2,24
28,52	2,26
28,54	2,26
28,57	2,27
28,59	2,27
28,62	2,27
28,64	2,26
28,66	2,27
28,69	2,26
28,71	2,23
28,74	2,21
28,76	2,18
28,79	2,19
28,81	2,17
28,84	2,16
28,86	2,13
28,88	2,15
28,91	2,15
28,93	2,16
28,96	2,12
28,98	2,11
29,01	2,08
29,03	2,08
29,05	2,06
29,08	2,05
29,10	2,03
29,13	2,06
29,15	2,02
29,18	2,05
29,20	2,02
29,23	2,01
29,25	2,00
29,27	2,01
29,30	1,96
29,32	1,99
29,35	1,94
29,37	1,97
29,40	1,94
29,42	1,97
29,45	1,93
29,47	1,93
29,49	1,89
29,52	1,92
29,54	1,89
29,57	1,90
29,59	1,86
29,62	1,90
29,64	1,88
29,67	1,90
29,69	1,84
29,71	1,86
29,74	1,83
29,76	1,85
29,79	1,81
29,81	1,82
29,84	1,80
29,86	1,83
29,89	1,82
29,91	1,85
29,93	1,82
29,96	1,84
29,98	1,84
30,01	1,87
30,03	1,83
30,06	1,84
30,08	1,82
30,10	1,86
30,13	1,83
30,15	1,84
30,18	1,82
30,20	1,83
30,23	1,82
30,25	1,83
30,28	1,79
30,30	1,80
30,32	1,83
30,35	1,82
30,37	1,85
30,40	1,83
30,42	1,83
30,45	1,85
30,47	1,87
30,50	1,87
30,52	1,92
30,54	1,90
30,57	1,94
30,59	1,95
30,62	1,97
30,64	1,99
30,67	2,00
30,69	1,96
30,72	2,00
30,74	1,98
30,76	2,02
30,79	2,02
30,81	2,04
30,84	2,03
30,86	2,07
30,89	2,05
30,91	2,11
30,94	2,07
30,96	2,10
30,98	2,09
31,01	2,13
31,03	2,12
31,06	2,16
31,08	2,15
31,11	2,21
31,13	2,20
31,15	2,25
31,18	2,25
31,20	2,30
31,23	2,29
31,25	2,34
31,28	2,33
31,30	2,39
31,33	2,38
31,35	2,42
31,37	2,42
31,40	2,45
31,42	2,45
31,45	2,51
31,47	2,50
31,50	2,54
31,52	2,53
31,55	2,58
31,57	2,57
31,59	2,61
31,62	2,61
31,64	2,63
31,67	2,60
31,69	2,66
31,72	2,68
31,74	2,73
31,77	2,76
31,79	2,78
31,81	2,79
31,84	2,85
31,86	2,86
31,89	2,87
31,91	2,87
31,94	2,88
31,96	2,91
31,99	2,95
32,01	2,96
32,03	2,97
32,06	2,99
32,08	3,00
32,11	3,03
32,13	3,01
32,16	3,02
32,18	3,03
32,20	3,04
32,23	3,03
32,25	3,05
32,28	3,04
32,30	3,08
32,33	3,07
32,35	3,10
32,38	3,10
32,40	3,11
32,42	3,10
32,45	3,14
32,47	3,13
32,50	3,16
32,52	3,13
32,55	3,16
32,57	3,16
32,60	3,19
32,62	3,15
32,64	3,17
32,67	3,13
32,69	3,17
32,72	3,15
32,74	3,18
32,77	3,15
32,79	3,17
32,82	3,14
32,84	3,17
32,86	3,14
32,89	3,15
32,91	3,11
32,94	3,12
32,96	3,09
32,99	3,11
33,01	3,07
33,04	3,09
33,06	3,04
33,08	3,04
33,11	3,01
33,13	3,02
33,16	2,98
33,18	3,01
33,21	2,97
33,23	2,98
33,26	2,97
33,28	2,99
33,30	2,96
33,33	2,97
33,35	2,91
33,38	2,93
33,40	2,87
33,43	2,86
33,45	2,85
33,47	2,83
33,50	2,80
33,52	2,78
33,55	2,74
33,57	2,78
33,60	2,76
33,62	2,70
33,65	2,68
33,67	2,65
33,69	2,65
33,72	2,66
33,74	2,62
33,77	2,61
33,79	2,60
33,82	2,60
33,84	2,61
33,87	2,57
33,89	2,54
33,91	2,53
33,94	2,51
33,96	2,50
33,99	2,49
34,01	2,45
34,04	2,47
34,06	2,44
34,09	2,42
34,11	2,39
34,13	2,39
34,16	2,36
34,18	2,38
34,21	2,34
34,23	2,35
34,26	2,31
34,28	2,33
34,31	2,32
34,33	2,33
34,35	2,27
34,38	2,28
34,40	2,24
34,43	2,28
34,45	2,24
34,48	2,24
34,50	2,20
34,52	2,23
34,55	2,19
34,57	2,22
34,60	2,18
34,62	2,21
34,65	2,20
34,67	2,24
34,70	2,21
34,72	2,25
34,74	2,21
34,77	2,23
34,79	2,20
34,82	2,22
34,84	2,20
34,87	2,21
34,89	2,19
34,92	2,25
34,94	2,25
34,96	2,28
34,99	2,25
35,01	2,27
35,04	2,28
35,06	2,31
35,09	2,29
35,11	2,32
35,14	2,31
35,16	2,36
35,18	2,35
35,21	2,36
35,23	2,35
35,26	2,35
35,28	2,37
35,31	2,39
35,33	2,38
35,36	2,40
35,38	2,44
35,40	2,48
35,43	2,50
35,45	2,50
35,48	2,52
35,50	2,53
35,53	2,57
35,55	2,57
35,57	2,59
35,60	2,59
35,62	2,60
35,65	2,63
35,67	2,67
35,70	2,67
35,72	2,68
35,75	2,66
35,77	2,73
35,79	2,74
35,82	2,75
35,84	2,75
35,87	2,78
35,89	2,78
35,92	2,84
35,94	2,81
35,97	2,88
35,99	2,88
36,01	2,93
36,04	2,94
36,06	2,99
36,09	3,00
36,11	3,08
36,14	3,08
36,16	3,13
36,19	3,14
36,21	3,20
36,23	3,20
36,26	3,25
36,28	3,23
36,31	3,28
36,33	3,28
36,36	3,34
36,38	3,37
36,41	3,42
36,43	3,42
36,45	3,48
36,48	3,50
36,50	3,58
36,53	3,59
36,55	3,60
36,58	3,61
36,60	3,64
36,62	3,64
36,65	3,68
36,67	3,65
36,70	3,69
36,72	3,69
36,75	3,74
36,77	3,76
36,80	3,81
36,82	3,80
36,84	3,86
36,87	3,85
36,89	3,90
36,92	3,91
36,94	3,94
36,97	3,93
36,99	3,96
37,02	3,94
37,04	3,98
37,06	3,98
37,09	3,97
37,11	4,02
37,14	4,02
37,16	4,03
37,19	4,03
37,21	4,03
37,24	4,05
37,26	4,08
37,28	4,05
37,31	4,08
37,33	4,07
37,36	4,11
37,38	4,10
37,41	4,11
37,43	4,10
37,46	4,10
37,48	4,07
37,50	4,11
37,53	4,08
37,55	4,10
37,58	4,07
37,60	4,07
37,63	4,06
37,65	4,09
37,68	4,04
37,70	4,06
37,72	4,01
37,75	4,01
37,77	3,98
37,80	3,98
37,82	3,92
37,85	3,95
37,87	3,89
37,89	3,91
37,92	3,85
37,94	3,85
37,97	3,83
37,99	3,83
38,02	3,78
38,04	3,80
38,07	3,72
38,09	3,73
38,11	3,68
38,14	3,67
38,16	3,62
38,19	3,61
38,21	3,56
38,24	3,58
38,26	3,53
38,29	3,54
38,31	3,51
38,33	3,52
38,36	3,46
38,38	3,46
38,41	3,40
38,43	3,42
38,46	3,38
38,48	3,36
38,51	3,31
38,53	3,31
38,55	3,25
38,58	3,23
38,60	3,19
38,63	3,17
38,65	3,14
38,68	3,13
38,70	3,10
38,73	3,09
38,75	3,07
38,77	3,04
38,80	3,00
38,82	2,97
38,85	2,93
38,87	2,90
38,90	2,89
38,92	2,87
38,94	2,86
38,97	2,84
38,99	2,83
39,02	2,80
39,04	2,82
39,07	2,80
39,09	2,80
39,12	2,77
39,14	2,78
39,16	2,75
39,19	2,77
39,21	2,73
39,24	2,74
39,26	2,69
39,29	2,71
39,31	2,68
39,34	2,68
39,36	2,67
39,38	2,69
39,41	2,63
39,43	2,70
39,46	2,65
39,48	2,69
39,51	2,67
39,53	2,67
39,56	2,64
39,58	2,68
39,60	2,63
39,63	2,66
39,65	2,61
39,68	2,64
39,70	2,63
39,73	2,66
39,75	2,64
39,78	2,67
39,80	2,66
39,82	2,72
39,85	2,71
39,87	2,75
39,90	2,76
39,92	2,80
39,95	2,77
39,97	2,82
39,99	2,78
40,02	2,82
40,04	2,83
40,07	2,86
40,09	2,85
40,12	2,91
40,14	2,89
40,17	2,98
40,19	2,97
40,21	2,96
40,24	2,96
40,26	3,00
40,29	2,99
40,31	3,02
40,34	3,00
40,36	3,06
40,39	3,09
40,41	3,14
40,43	3,18
40,46	3,21
40,48	3,24
40,51	3,27
40,53	3,29
40,56	3,31
40,58	3,34
40,61	3,38
40,63	3,43
40,65	3,46
40,68	3,51
40,70	3,54
40,73	3,58
40,75	3,60
40,78	3,62
40,80	3,64
40,83	3,69
40,85	3,70
40,87	3,74
40,90	3,80
40,92	3,84
40,95	3,87
40,97	3,92
41,00	3,91
41,02	3,98
41,05	3,99
41,07	4,03
41,09	4,04
41,12	4,08
41,14	4,09
41,17	4,18
41,19	4,19
41,22	4,26
41,24	4,27
41,26	4,34
41,29	4,37
41,31	4,45
41,34	4,45
41,36	4,51
41,39	4,52
41,41	4,58
41,44	4,60
41,46	4,65
41,48	4,64
41,51	4,71
41,53	4,71
41,56	4,78
41,58	4,78
41,61	4,83
41,63	4,86
41,66	4,93
41,68	4,93
41,70	4,99
41,73	4,95
41,75	4,99
41,78	5,00
41,80	5,00
41,83	5,00
41,85	5,03
41,88	5,00
41,90	5,04
41,92	5,04
41,95	5,04
41,97	5,04
42,00	5,05
42,02	5,05
42,05	5,09
42,07	5,11
42,10	5,11
42,12	5,12
42,14	5,13
42,17	5,15
42,19	5,14
42,22	5,13
42,24	5,11
42,27	5,11
42,29	5,12
42,31	5,14
42,34	5,10
42,36	5,16
42,39	5,13
42,41	5,16
42,44	5,15
42,46	5,11
42,49	5,06
42,51	5,08
42,53	5,01
42,56	5,01
42,58	4,95
42,61	4,94
42,63	4,93
42,66	4,92
42,68	4,86
42,71	4,86
42,73	4,80
42,75	4,82
42,78	4,76
42,80	4,74
42,83	4,69
42,85	4,69
42,88	4,64
42,90	4,65
42,93	4,57
42,95	4,57
42,97	4,52
43,00	4,53
43,02	4,48
43,05	4,48
43,07	4,39
43,10	4,43
43,12	4,35
43,15	4,34
43,17	4,27
43,19	4,26
43,22	4,19
43,24	4,20
43,27	4,12
43,29	4,13
43,32	4,04
43,34	4,03
43,36	3,98
43,39	3,97
43,41	3,91
43,44	3,89
43,46	3,82
43,49	3,85
43,51	3,78
43,54	3,77
43,56	3,74
43,58	3,73
43,61	3,68
43,63	3,70
43,66	3,65
43,68	3,67
43,71	3,63
43,73	3,60
43,76	3,55
43,78	3,56
43,80	3,50
43,83	3,51
43,85	3,47
43,88	3,45
43,90	3,44
43,93	3,42
43,95	3,40
43,98	3,37
44,00	3,35
44,02	3,33
44,05	3,29
44,07	3,26
44,10	3,27
44,12	3,25
44,15	3,26
44,17	3,23
44,20	3,24
44,22	3,25
44,24	3,26
44,27	3,23
44,29	3,26
44,32	3,22
44,34	3,23
44,37	3,22
44,39	3,22
44,41	3,19
44,44	3,22
44,46	3,19
44,49	3,23
44,51	3,21
44,54	3,24
44,56	3,24
44,59	3,28
44,61	3,24
44,63	3,28
44,66	3,25
44,68	3,30
44,71	3,29
44,73	3,32
44,76	3,31
44,78	3,35
44,81	3,34
44,83	3,41
44,85	3,39
44,88	3,43
44,90	3,43
44,93	3,48
44,95	3,49
44,98	3,53
45,00	3,51
45,03	3,56
45,05	3,56
45,07	3,61
45,10	3,63
45,12	3,70
45,15	3,70
45,17	3,77
45,20	3,78
45,22	3,84
45,25	3,85
45,27	3,87
45,29	3,88
45,32	3,94
45,34	3,97
45,37	4,04
45,39	4,08
45,42	4,12
45,44	4,14
45,47	4,19
45,49	4,22
45,51	4,24
45,54	4,29
45,56	4,31
45,59	4,36
45,61	4,42
45,64	4,48
45,66	4,52
45,68	4,57
45,71	4,59
45,73	4,64
45,76	4,68
45,78	4,73
45,81	4,75
45,83	4,82
45,86	4,85
45,88	4,92
45,90	4,96
45,93	5,03
45,95	5,06
45,98	5,13
46,00	5,13
46,03	5,20
46,05	5,21
46,08	5,27
46,10	5,30
46,12	5,36
46,15	5,38
46,17	5,44
46,20	5,47
46,22	5,55
46,25	5,55
46,27	5,61
46,30	5,64
46,32	5,70
46,34	5,72
46,37	5,79
46,39	5,78
46,42	5,87
46,44	5,88
46,47	5,93
46,49	5,95
46,52	6,00
46,54	6,01
46,56	6,10
46,59	6,10
46,61	6,16
46,64	6,17
46,66	6,22
46,69	6,23
46,71	6,28
46,73	6,26
46,76	6,31
46,78	6,28
46,81	6,32
46,83	6,30
46,86	6,31
46,88	6,31
46,91	6,33
46,93	6,31
46,95	6,35
46,98	6,31
47,00	6,33
47,03	6,35
47,05	6,36
47,08	6,36
47,10	6,35
47,13	6,33
47,15	6,37
47,17	6,35
47,20	6,32
47,22	6,29
47,25	6,26
47,27	6,28
47,30	6,28
47,32	6,25
47,35	6,23
47,37	6,23
47,39	6,21
47,42	6,18
47,44	6,14
47,47	6,11
47,49	6,08
47,52	6,07
47,54	6,03
47,57	5,99
47,59	5,96
47,61	5,96
47,64	5,92
47,66	5,89
47,69	5,84
47,71	5,80
47,74	5,76
47,76	5,77
47,78	5,71
47,81	5,69
47,83	5,63
47,86	5,61
47,88	5,57
47,91	5,56
47,93	5,47
47,96	5,45
47,98	5,37
48,00	5,35
48,03	5,29
48,05	5,27
48,08	5,20
48,10	5,19
48,13	5,11
48,15	5,12
48,18	5,05
48,20	5,02
48,22	4,95
48,25	4,92
48,27	4,84
48,30	4,83
48,32	4,74
48,35	4,73
48,37	4,63
48,40	4,62
48,42	4,56
48,44	4,56
48,47	4,51
48,49	4,51
48,52	4,44
48,54	4,43
48,57	4,38
48,59	4,38
48,62	4,35
48,64	4,33
48,66	4,27
48,69	4,28
48,71	4,24
48,74	4,23
48,76	4,22
48,79	4,21
48,81	4,16
48,84	4,16
48,86	4,09
48,88	4,11
48,91	4,05
48,93	4,02
48,96	3,97
48,98	3,98
49,01	3,95
49,03	3,98
49,05	3,96
49,08	4,02
49,10	4,00
49,13	4,03
49,15	4,00
49,18	4,02
49,20	4,00
49,23	3,98
49,25	3,97
49,27	3,97
49,30	3,91
49,32	3,92
49,35	3,94
49,37	3,95
49,40	3,98
49,42	3,96
49,45	3,98
49,47	4,03
49,49	4,05
49,52	4,06
49,54	4,08
49,57	4,07
49,59	4,09
49,62	4,10
49,64	4,11
49,67	4,13
49,69	4,16
49,71	4,16
49,74	4,21
49,76	4,22
49,79	4,26
49,81	4,31
49,84	4,34
49,86	4,34
49,89	4,40
49,91	4,40
49,93	4,45
49,96	4,46
49,98	4,49
50,01	4,51
50,03	4,55
50,06	4,56
50,08	4,65
50,10	4,66
50,13	4,74
50,15	4,76
50,18	4,83
50,20	4,86
50,23	4,94
50,25	4,94
50,28	5,01
50,30	5,02
50,32	5,09
50,35	5,11
50,37	5,17
50,40	5,19
50,42	5,27
50,45	5,29
50,47	5,39
50,50	5,42
50,52	5,48
50,54	5,53
50,57	5,60
50,59	5,63
50,62	5,70
50,64	5,71
50,67	5,76
50,69	5,79
50,72	5,87
50,74	5,89
50,76	5,94
50,79	5,97
50,81	6,06
50,84	6,12
50,86	6,19
50,89	6,22
50,91	6,30
50,94	6,37
50,96	6,44
50,98	6,45
51,01	6,50
51,03	6,55
51,06	6,63
51,08	6,69
51,11	6,72
51,13	6,79
51,15	6,85
51,18	6,92
51,20	6,97
51,23	7,02
51,25	7,04
51,28	7,11
51,30	7,12
51,33	7,18
51,35	7,19
51,37	7,23
51,40	7,24
51,42	7,29
51,45	7,30
51,47	7,37
51,50	7,37
51,52	7,43
51,55	7,44
51,57	7,49
51,59	7,49
51,62	7,55
51,64	7,53
51,67	7,60
51,69	7,60
51,72	7,64
51,74	7,64
51,77	7,69
51,79	7,68
51,81	7,75
51,84	7,73
51,86	7,77
51,89	7,74
51,91	7,78
51,94	7,76
51,96	7,79
51,99	7,73
52,01	7,76
52,03	7,72
52,06	7,73
52,08	7,69
52,11	7,70
52,13	7,65
52,16	7,68
52,18	7,62
52,20	7,64
52,23	7,57
52,25	7,56
52,28	7,53
52,30	7,53
52,33	7,46
52,35	7,48
52,38	7,43
52,40	7,46
52,42	7,44
52,45	7,41
52,47	7,37
52,50	7,34
52,52	7,27
52,55	7,26
52,57	7,17
52,60	7,14
52,62	7,09
52,64	7,03
52,67	7,00
52,69	6,95
52,72	6,88
52,74	6,86
52,77	6,79
52,79	6,72
52,82	6,70
52,84	6,64
52,86	6,60
52,89	6,57
52,91	6,53
52,94	6,47
52,96	6,40
52,99	6,34
53,01	6,34
53,04	6,28
53,06	6,23
53,08	6,17
53,11	6,15
53,13	6,11
53,16	6,06
53,18	5,97
53,21	5,94
53,23	5,86
53,26	5,83
53,28	5,79
53,30	5,76
53,33	5,71
53,35	5,69
53,38	5,62
53,40	5,63
53,43	5,57
53,45	5,53
53,47	5,48
53,50	5,46
53,52	5,40
53,55	5,40
53,57	5,33
53,60	5,33
53,62	5,26
53,65	5,25
53,67	5,20
53,69	5,21
53,72	5,15
53,74	5,17
53,77	5,13
53,79	5,13
53,82	5,08
53,84	5,10
53,87	5,06
53,89	5,07
53,91	5,00
53,94	5,00
53,96	4,96
53,99	4,98
54,01	4,95
54,04	4,96
54,06	4,94
54,09	4,98
54,11	4,96
54,13	5,02
54,16	5,00
54,18	5,02
54,21	4,99
54,23	5,00
54,26	4,97
54,28	4,99
54,31	4,96
54,33	4,98
54,35	4,96
54,38	4,98
54,40	5,00
54,43	5,04
54,45	5,05
54,48	5,10
54,50	5,11
54,52	5,15
54,55	5,19
54,57	5,24
54,60	5,26
54,62	5,28
54,65	5,27
54,67	5,31
54,70	5,34
54,72	5,37
54,74	5,42
54,77	5,45
54,79	5,51
54,82	5,54
54,84	5,59
54,87	5,65
54,89	5,69
54,92	5,68
54,94	5,74
54,96	5,73
54,99	5,79
55,01	5,83
55,04	5,87
55,06	5,90
55,09	5,97
55,11	6,00
55,14	6,09
55,16	6,11
55,18	6,18
55,21	6,22
55,23	6,30
55,26	6,33
55,28	6,42
55,31	6,45
55,33	6,54
55,36	6,57
55,38	6,65
55,40	6,69
55,43	6,77
55,45	6,78
55,48	6,88
55,50	6,91
55,53	6,98
55,55	7,03
55,57	7,09
55,60	7,15
55,62	7,24
55,65	7,26
55,67	7,35
55,70	7,40
55,72	7,49
55,75	7,56
55,77	7,61
55,79	7,66
55,82	7,73
55,84	7,75
55,87	7,83
55,89	7,85
55,92	7,89
55,94	7,97
55,97	8,03
55,99	8,09
56,01	8,18
56,04	8,22
56,06	8,28
56,09	8,37
56,11	8,44
56,14	8,48
56,16	8,50
56,19	8,54
56,21	8,60
56,23	8,66
56,26	8,69
56,28	8,73
56,31	8,76
56,33	8,85
56,36	8,89
56,38	8,95
56,41	8,99
56,43	9,03
56,45	9,04
56,48	9,08
56,50	9,09
56,53	9,14
56,55	9,13
56,58	9,17
56,60	9,19
56,62	9,24
56,65	9,27
56,67	9,34
56,70	9,34
56,72	9,40
56,75	9,40
56,77	9,41
56,80	9,40
56,82	9,43
56,84	9,40
56,87	9,44
56,89	9,39
56,92	9,41
56,94	9,41
56,97	9,44
56,99	9,41
57,02	9,43
57,04	9,37
57,06	9,42
57,09	9,37
57,11	9,37
57,14	9,32
57,16	9,31
57,19	9,26
57,21	9,27
57,24	9,20
57,26	9,21
57,28	9,14
57,31	9,14
57,33	9,10
57,36	9,09
57,38	9,03
57,41	9,03
57,43	8,95
57,46	8,95
57,48	8,89
57,50	8,87
57,53	8,81
57,55	8,81
57,58	8,72
57,60	8,74
57,63	8,65
57,65	8,62
57,68	8,54
57,70	8,51
57,72	8,42
57,75	8,39
57,77	8,31
57,80	8,29
57,82	8,21
57,85	8,19
57,87	8,14
57,89	8,05
57,92	7,99
57,94	7,93
57,97	7,86
57,99	7,83
58,02	7,74
58,04	7,66
58,07	7,66
58,09	7,63
58,11	7,59
58,14	7,56
58,16	7,49
58,19	7,45
58,21	7,42
58,24	7,37
58,26	7,31
58,29	7,24
58,31	7,19
58,33	7,16
58,36	7,12
58,38	7,06
58,41	7,02
58,43	6,96
58,46	6,95
58,48	6,89
58,51	6,86
58,53	6,85
58,55	6,83
58,58	6,78
58,60	6,76
58,63	6,69
58,65	6,70
58,68	6,65
58,70	6,62
58,73	6,58
58,75	6,56
58,77	6,51
58,80	6,53
58,82	6,49
58,85	6,51
58,87	6,47
58,90	6,49
58,92	6,47
58,94	6,50
58,97	6,46
58,99	6,48
59,02	6,45
59,04	6,45
59,07	6,42
59,09	6,43
59,12	6,39
59,14	6,41
59,16	6,39
59,19	6,43
59,21	6,42
59,24	6,44
59,26	6,46
59,29	6,50
59,31	6,48
59,34	6,52
59,36	6,51
59,38	6,54
59,41	6,55
59,43	6,57
59,46	6,61
59,48	6,66
59,51	6,67
59,53	6,73
59,56	6,76
59,58	6,80
59,60	6,86
59,63	6,90
59,65	6,93
59,68	6,97
59,70	6,98
59,73	7,01
59,75	7,06
59,78	7,09
59,80	7,14
59,82	7,16
59,85	7,22
59,87	7,26
59,90	7,33
59,92	7,37
59,95	7,38
59,97	7,39
59,99	7,45
