U1/V	IA/nA
0,02	0,53
0,04	0,53
0,07	0,50
0,09	0,49
0,12	0,48
0,14	0,47
0,17	0,46
0,19	0,49
0,21	0,47
0,24	0,50
0,26	0,49
0,29	0,49
0,31	0,51
0,34	0,53
0,36	0,50
0,39	0,52
0,41	0,48
0,43	0,50
0,46	0,48
0,48	0,48
0,51	0,46
0,53	0,47
0,56	0,46
0,58	0,51
0,61	0,49
0,63	0,51
0,65	0,52
0,68	0,54
0,70	0,53
0,73	0,53
0,75	0,50
0,78	0,54
0,80	0,54
0,83	0,53
0,85	0,51
0,87	0,51
0,90	0,49
0,92	0,52
0,95	0,50
0,97	0,50
1,00	0,51
1,02	0,52
1,05	0,54
1,07	0,55
1,09	0,54
1,12	0,52
1,14	0,50
1,17	0,46
1,19	0,45
1,22	0,44
1,24	0,44
1,26	0,45
1,29	0,46
1,31	0,48
1,34	0,48
1,36	0,49
1,39	0,49
1,41	0,48
1,44	0,48
1,46	0,48
1,48	0,46
1,51	0,47
1,53	0,46
1,56	0,45
1,58	0,47
1,61	0,44
1,63	0,45
1,66	0,47
1,68	0,47
1,70	0,46
1,73	0,47
1,75	0,45
1,78	0,50
1,80	0,46
1,83	0,47
1,85	0,47
1,88	0,48
1,90	0,47
1,92	0,49
1,95	0,46
1,97	0,50
2,00	0,47
2,02	0,48
2,05	0,47
2,07	0,48
2,10	0,47
2,12	0,50
2,14	0,47
2,17	0,50
2,19	0,48
2,22	0,50
2,24	0,48
2,27	0,49
2,29	0,47
2,31	0,50
2,34	0,46
2,36	0,49
2,39	0,47
2,41	0,48
2,44	0,47
2,46	0,49
2,49	0,45
2,51	0,52
2,53	0,51
2,56	0,51
2,58	0,50
2,61	0,50
2,63	0,48
2,66	0,49
2,68	0,44
2,71	0,42
2,73	0,41
2,75	0,42
2,78	0,43
2,80	0,44
2,83	0,44
2,85	0,47
2,88	0,49
2,90	0,52
2,93	0,53
2,95	0,56
2,97	0,57
3,00	0,56
3,02	0,52
3,05	0,53
3,07	0,49
3,10	0,48
3,12	0,47
3,15	0,47
3,17	0,49
3,19	0,50
3,22	0,49
3,24	0,54
3,27	0,53
3,29	0,51
3,32	0,51
3,34	0,48
3,36	0,49
3,39	0,50
3,41	0,49
3,44	0,48
3,46	0,48
3,49	0,47
3,51	0,51
3,54	0,51
3,56	0,50
3,58	0,49
3,61	0,50
3,63	0,50
3,66	0,52
3,68	0,50
3,71	0,52
3,73	0,50
3,76	0,51
3,78	0,51
3,80	0,50
3,83	0,47
3,85	0,48
3,88	0,44
3,90	0,47
3,93	0,45
3,95	0,45
3,98	0,47
4,00	0,48
4,02	0,46
4,05	0,50
4,07	0,47
4,10	0,50
4,12	0,48
4,15	0,49
4,17	0,49
4,20	0,49
4,22	0,46
4,24	0,48
4,27	0,47
4,29	0,47
4,32	0,44
4,34	0,44
4,37	0,46
4,39	0,48
4,42	0,45
4,44	0,49
4,46	0,48
4,49	0,50
4,51	0,49
4,54	0,46
4,56	0,46
4,59	0,47
4,61	0,45
4,63	0,48
4,66	0,48
4,68	0,49
4,71	0,52
4,73	0,52
4,76	0,52
4,78	0,54
4,81	0,51
4,83	0,51
4,85	0,49
4,88	0,47
4,90	0,48
4,93	0,48
4,95	0,46
4,98	0,48
5,00	0,45
5,03	0,46
5,05	0,48
5,07	0,47
5,10	0,49
5,12	0,48
5,15	0,48
5,17	0,50
5,20	0,51
5,22	0,51
5,25	0,53
5,27	0,50
5,29	0,50
5,32	0,49
5,34	0,50
5,37	0,48
5,39	0,49
5,42	0,46
5,44	0,50
5,47	0,48
5,49	0,50
5,51	0,50
5,54	0,52
5,56	0,50
5,59	0,52
5,61	0,49
5,64	0,52
5,66	0,49
5,68	0,49
5,71	0,49
5,73	0,50
5,76	0,49
5,78	0,51
5,81	0,49
5,83	0,51
5,86	0,49
5,88	0,50
5,90	0,49
5,93	0,50
5,95	0,47
5,98	0,50
6,00	0,47
6,03	0,49
6,05	0,47
6,08	0,49
6,10	0,49
6,12	0,49
6,15	0,45
6,17	0,49
6,20	0,47
6,22	0,50
6,25	0,48
6,27	0,50
6,30	0,50
6,32	0,51
6,34	0,51
6,37	0,51
6,39	0,47
6,42	0,48
6,44	0,49
6,47	0,52
6,49	0,53
6,52	0,51
6,54	0,50
6,56	0,52
6,59	0,51
6,61	0,49
6,64	0,49
6,66	0,49
6,69	0,48
6,71	0,50
6,73	0,51
6,76	0,50
6,78	0,51
6,81	0,48
6,83	0,50
6,86	0,50
6,88	0,49
6,91	0,49
6,93	0,49
6,95	0,48
6,98	0,48
7,00	0,46
7,03	0,48
7,05	0,48
7,08	0,50
7,10	0,49
7,13	0,47
7,15	0,46
7,17	0,49
7,20	0,47
7,22	0,49
7,25	0,46
7,27	0,48
7,30	0,49
7,32	0,50
7,35	0,48
7,37	0,51
7,39	0,49
7,42	0,51
7,44	0,52
7,47	0,54
7,49	0,53
7,52	0,54
7,54	0,51
7,57	0,53
7,59	0,51
7,61	0,51
7,64	0,49
7,66	0,48
7,69	0,46
7,71	0,48
7,74	0,45
7,76	0,48
7,78	0,46
7,81	0,46
7,83	0,48
7,86	0,49
7,88	0,50
7,91	0,51
7,93	0,48
7,96	0,49
7,98	0,49
8,00	0,48
8,03	0,48
8,05	0,46
8,08	0,46
8,10	0,48
8,13	0,48
8,15	0,51
8,18	0,54
8,20	0,53
8,22	0,56
8,25	0,56
8,27	0,57
8,30	0,60
8,32	0,58
8,35	0,54
8,37	0,56
8,40	0,53
8,42	0,54
8,44	0,52
8,47	0,50
8,49	0,50
8,52	0,51
8,54	0,48
8,57	0,50
8,59	0,48
8,62	0,49
8,64	0,50
8,66	0,50
8,69	0,50
8,71	0,53
8,74	0,53
8,76	0,55
8,79	0,55
8,81	0,53
8,84	0,52
8,86	0,55
8,88	0,54
8,91	0,57
8,93	0,54
8,96	0,56
8,98	0,57
9,01	0,58
9,03	0,58
9,05	0,60
9,08	0,55
9,10	0,58
9,13	0,55
9,15	0,55
9,18	0,53
9,20	0,54
9,23	0,51
9,25	0,53
9,27	0,51
9,30	0,54
9,32	0,53
9,35	0,55
9,37	0,54
9,40	0,57
9,42	0,56
9,45	0,59
9,47	0,56
9,49	0,58
9,52	0,57
9,54	0,58
9,57	0,56
9,59	0,56
9,62	0,54
9,64	0,60
9,67	0,57
9,69	0,59
9,71	0,57
9,74	0,59
9,76	0,59
9,79	0,60
9,81	0,54
9,84	0,56
9,86	0,52
9,89	0,52
9,91	0,53
9,93	0,50
9,96	0,50
9,98	0,52
10,01	0,52
10,03	0,56
10,06	0,58
10,08	0,56
10,10	0,61
10,13	0,62
10,15	0,62
10,18	0,60
10,20	0,58
10,23	0,56
10,25	0,57
10,28	0,55
10,30	0,55
10,32	0,54
10,35	0,56
10,37	0,60
10,40	0,61
10,42	0,60
10,45	0,60
10,47	0,59
10,50	0,62
10,52	0,60
10,54	0,58
10,57	0,58
10,59	0,59
10,62	0,58
10,64	0,59
10,67	0,56
10,69	0,58
10,72	0,57
10,74	0,58
10,76	0,57
10,79	0,59
10,81	0,58
10,84	0,62
10,86	0,61
10,89	0,63
10,91	0,61
10,94	0,63
10,96	0,61
10,98	0,63
11,01	0,59
11,03	0,61
11,06	0,58
11,08	0,60
11,11	0,61
11,13	0,63
11,15	0,60
11,18	0,62
11,20	0,61
11,23	0,65
11,25	0,63
11,28	0,63
11,30	0,61
11,33	0,61
11,35	0,60
11,37	0,62
11,40	0,61
11,42	0,62
11,45	0,60
11,47	0,63
11,50	0,64
11,52	0,65
11,55	0,63
11,57	0,66
11,59	0,65
11,62	0,65
11,64	0,64
11,67	0,65
11,69	0,65
11,72	0,66
11,74	0,61
11,77	0,63
11,79	0,63
11,81	0,66
11,84	0,68
11,86	0,68
11,89	0,70
11,91	0,70
11,94	0,70
11,96	0,73
11,99	0,71
12,01	0,67
12,03	0,69
12,06	0,66
12,08	0,68
12,11	0,66
12,13	0,65
12,16	0,65
12,18	0,66
12,21	0,63
12,23	0,66
12,25	0,65
12,28	0,67
12,30	0,69
12,33	0,70
12,35	0,70
12,38	0,72
12,40	0,71
12,42	0,72
12,45	0,71
12,47	0,68
12,50	0,67
12,52	0,68
12,55	0,66
12,57	0,68
12,60	0,66
12,62	0,69
12,64	0,68
12,67	0,71
12,69	0,72
12,72	0,75
12,74	0,72
12,77	0,75
12,79	0,70
12,82	0,72
12,84	0,70
12,86	0,70
12,89	0,68
12,91	0,70
12,94	0,67
12,96	0,72
12,99	0,70
13,01	0,70
13,04	0,72
13,06	0,74
13,08	0,75
13,11	0,77
13,13	0,75
13,16	0,79
13,18	0,78
13,21	0,76
13,23	0,77
13,26	0,77
13,28	0,75
13,30	0,75
13,33	0,73
13,35	0,75
13,38	0,73
13,40	0,69
13,43	0,71
13,45	0,73
13,47	0,75
13,50	0,76
13,52	0,75
13,55	0,76
13,57	0,76
13,60	0,74
13,62	0,74
13,65	0,73
13,67	0,73
13,69	0,74
13,72	0,75
13,74	0,77
13,77	0,80
13,79	0,81
13,82	0,83
13,84	0,84
13,87	0,83
13,89	0,83
13,91	0,84
13,94	0,81
13,96	0,81
13,99	0,77
14,01	0,79
14,04	0,78
14,06	0,79
14,09	0,79
14,11	0,80
14,13	0,78
14,16	0,83
14,18	0,81
14,21	0,83
14,23	0,82
14,26	0,81
14,28	0,80
14,31	0,82
14,33	0,78
14,35	0,80
14,38	0,77
14,40	0,79
14,43	0,79
14,45	0,81
14,48	0,80
14,50	0,84
14,52	0,83
14,55	0,86
14,57	0,84
14,60	0,87
14,62	0,85
14,65	0,86
14,67	0,83
14,70	0,85
14,72	0,81
14,74	0,83
14,77	0,81
14,79	0,83
14,82	0,82
14,84	0,83
14,87	0,82
14,89	0,89
14,92	0,89
14,94	0,88
14,96	0,88
14,99	0,87
15,01	0,88
15,04	0,88
15,06	0,87
15,09	0,85
15,11	0,85
15,14	0,85
15,16	0,86
15,18	0,86
15,21	0,85
15,23	0,82
15,26	0,82
15,28	0,83
15,31	0,84
15,33	0,85
15,36	0,84
15,38	0,85
15,40	0,85
15,43	0,86
15,45	0,85
15,48	0,84
15,50	0,83
15,53	0,81
15,55	0,81
15,57	0,81
15,60	0,81
15,62	0,85
15,65	0,86
15,67	0,86
15,70	0,88
15,72	0,85
15,75	0,86
15,77	0,85
15,79	0,84
15,82	0,83
15,84	0,84
15,87	0,82
15,89	0,87
15,92	0,84
15,94	0,87
15,97	0,86
15,99	0,89
16,01	0,87
16,04	0,90
16,06	0,88
16,09	0,90
16,11	0,88
16,14	0,89
16,16	0,88
16,19	0,88
16,21	0,85
16,23	0,87
16,26	0,85
16,28	0,88
16,31	0,86
16,33	0,88
16,36	0,91
16,38	0,93
16,41	0,90
16,43	0,93
16,45	0,88
16,48	0,90
16,50	0,87
16,53	0,87
16,55	0,86
16,58	0,87
16,60	0,84
16,63	0,90
16,65	0,88
16,67	0,92
16,70	0,92
16,72	0,94
16,75	0,93
16,77	0,95
16,80	0,92
16,82	0,95
16,84	0,94
16,87	0,95
16,89	0,95
16,92	0,96
16,94	0,95
16,97	0,96
16,99	0,95
17,02	0,95
17,04	0,93
17,06	0,92
17,09	0,93
17,11	0,93
17,14	0,93
17,16	0,94
17,19	0,95
17,21	0,97
17,24	0,99
17,26	0,99
17,28	1,00
17,31	0,99
17,33	0,99
17,36	0,98
17,38	0,98
17,41	0,97
17,43	0,99
17,46	0,98
17,48	1,00
17,50	1,00
17,53	1,00
17,55	0,99
17,58	1,01
17,60	1,00
17,63	1,03
17,65	1,00
17,68	1,01
17,70	1,01
17,72	1,03
17,75	1,02
17,77	1,04
17,80	1,01
17,82	1,06
17,85	1,05
17,87	1,06
17,89	1,06
17,92	1,08
17,94	1,06
17,97	1,09
17,99	1,07
18,02	1,09
18,04	1,06
18,07	1,08
18,09	1,07
18,11	1,10
18,14	1,08
18,16	1,10
18,19	1,08
18,21	1,11
18,24	1,09
18,26	1,11
18,29	1,09
18,31	1,11
18,33	1,09
18,36	1,13
18,38	1,09
18,41	1,11
18,43	1,08
18,46	1,08
18,48	1,07
18,51	1,09
18,53	1,08
18,55	1,12
18,58	1,10
18,60	1,12
18,63	1,14
18,65	1,14
18,68	1,14
18,70	1,15
18,73	1,17
18,75	1,18
18,77	1,17
18,80	1,17
18,82	1,18
18,85	1,18
18,87	1,16
18,90	1,14
18,92	1,13
18,94	1,14
18,97	1,15
18,99	1,13
19,02	1,12
19,04	1,12
19,07	1,12
19,09	1,14
19,12	1,15
19,14	1,14
19,16	1,16
19,19	1,15
19,21	1,16
19,24	1,15
19,26	1,15
19,29	1,14
19,31	1,15
19,34	1,14
19,36	1,14
19,38	1,13
19,41	1,15
19,43	1,14
19,46	1,16
19,48	1,15
19,51	1,14
19,53	1,12
19,56	1,14
19,58	1,13
19,60	1,13
19,63	1,11
19,65	1,12
19,68	1,13
19,70	1,15
19,73	1,12
19,75	1,14
19,78	1,13
19,80	1,15
19,82	1,16
19,85	1,17
19,87	1,16
19,90	1,18
19,92	1,16
19,95	1,20
19,97	1,19
19,99	1,18
20,02	1,17
20,04	1,15
20,07	1,13
20,09	1,14
20,12	1,13
20,14	1,11
20,17	1,10
20,19	1,12
20,21	1,12
20,24	1,12
20,26	1,09
20,29	1,08
20,31	1,08
20,34	1,09
20,36	1,06
20,39	1,10
20,41	1,11
20,43	1,15
20,46	1,14
20,48	1,16
20,51	1,14
20,53	1,14
20,56	1,16
20,58	1,16
20,61	1,14
20,63	1,15
20,65	1,14
20,68	1,18
20,70	1,19
20,73	1,17
20,75	1,17
20,78	1,17
20,80	1,17
20,83	1,17
20,85	1,15
20,87	1,14
20,90	1,14
20,92	1,13
20,95	1,15
20,97	1,13
21,00	1,14
21,02	1,14
21,05	1,16
21,07	1,15
21,09	1,17
21,12	1,15
21,14	1,18
21,17	1,18
21,19	1,18
21,22	1,17
21,24	1,19
21,26	1,18
21,29	1,22
21,31	1,21
21,34	1,22
21,36	1,21
21,39	1,22
21,41	1,22
21,44	1,24
21,46	1,21
21,48	1,23
21,51	1,21
21,53	1,23
21,56	1,22
21,58	1,21
21,61	1,20
21,63	1,22
21,66	1,21
21,68	1,24
21,70	1,23
21,73	1,25
21,75	1,27
21,78	1,29
21,80	1,29
21,83	1,31
21,85	1,30
21,88	1,31
21,90	1,31
21,92	1,31
21,95	1,29
21,97	1,31
22,00	1,30
22,02	1,35
22,05	1,36
22,07	1,36
22,10	1,35
22,12	1,35
22,14	1,36
22,17	1,38
22,19	1,36
22,22	1,39
22,24	1,39
22,27	1,40
22,29	1,42
22,31	1,40
22,34	1,40
22,36	1,42
22,39	1,41
22,41	1,42
22,44	1,43
22,46	1,43
22,49	1,47
22,51	1,45
22,53	1,46
22,56	1,46
22,58	1,48
22,61	1,49
22,63	1,51
22,66	1,49
22,68	1,53
22,71	1,51
22,73	1,52
22,75	1,54
22,78	1,54
22,80	1,55
22,83	1,56
22,85	1,54
22,88	1,58
22,90	1,56
22,93	1,57
22,95	1,57
22,97	1,57
23,00	1,56
23,02	1,58
23,05	1,56
23,07	1,60
23,10	1,58
23,12	1,60
23,15	1,59
23,17	1,60
23,19	1,59
23,22	1,63
23,24	1,60
23,27	1,63
23,29	1,61
23,32	1,64
23,34	1,63
23,36	1,66
23,39	1,63
23,41	1,66
23,44	1,63
23,46	1,67
23,49	1,67
23,51	1,68
23,54	1,66
23,56	1,68
23,58	1,66
23,61	1,70
23,63	1,69
23,66	1,67
23,68	1,66
23,71	1,67
23,73	1,66
23,76	1,67
23,78	1,64
23,80	1,62
23,83	1,60
23,85	1,58
23,88	1,59
23,90	1,59
23,93	1,58
23,95	1,61
23,98	1,61
24,00	1,63
24,02	1,64
24,05	1,61
24,07	1,60
24,10	1,57
24,12	1,52
24,15	1,52
24,17	1,52
24,20	1,51
24,22	1,54
24,24	1,53
24,27	1,54
24,29	1,56
24,32	1,55
24,34	1,56
24,37	1,57
24,39	1,53
24,42	1,53
24,44	1,50
24,46	1,51
24,49	1,50
24,51	1,49
24,54	1,47
24,56	1,48
24,59	1,47
24,61	1,51
24,63	1,49
24,66	1,49
24,68	1,51
24,71	1,52
24,73	1,50
24,76	1,52
24,78	1,49
24,81	1,51
24,83	1,50
24,85	1,48
24,88	1,47
24,90	1,48
24,93	1,45
24,95	1,49
24,98	1,46
25,00	1,47
25,03	1,45
25,05	1,45
25,07	1,45
25,10	1,47
25,12	1,42
25,15	1,45
25,17	1,42
25,20	1,44
25,22	1,43
25,25	1,44
25,27	1,42
25,29	1,44
25,32	1,41
25,34	1,46
25,37	1,43
25,39	1,45
25,42	1,44
25,44	1,46
25,47	1,45
25,49	1,46
25,51	1,41
25,54	1,44
25,56	1,44
25,59	1,45
25,61	1,44
25,64	1,43
25,66	1,43
25,68	1,45
25,71	1,43
25,73	1,43
25,76	1,42
25,78	1,43
25,81	1,48
25,83	1,50
25,86	1,51
25,88	1,52
25,90	1,50
25,93	1,49
25,95	1,49
25,98	1,47
26,00	1,48
26,03	1,48
26,05	1,49
26,08	1,52
26,10	1,55
26,12	1,56
26,15	1,60
26,17	1,60
26,20	1,62
26,22	1,61
26,25	1,64
26,27	1,63
26,30	1,65
26,32	1,63
26,34	1,66
26,37	1,64
26,39	1,68
26,42	1,66
26,44	1,69
26,47	1,68
26,49	1,70
26,52	1,69
26,54	1,75
26,56	1,73
26,59	1,74
26,61	1,73
26,64	1,74
26,66	1,74
26,69	1,77
26,71	1,74
26,73	1,79
26,76	1,77
26,78	1,81
26,81	1,82
26,83	1,86
26,86	1,85
26,88	1,89
26,91	1,89
26,93	1,93
26,95	1,94
26,98	1,97
27,00	1,95
27,03	1,97
27,05	1,95
27,08	1,97
27,10	1,95
27,13	1,98
27,15	1,99
27,17	2,03
27,20	2,03
27,22	2,06
27,25	2,05
27,27	2,12
27,30	2,13
27,32	2,11
27,35	2,12
27,37	2,10
27,39	2,11
27,42	2,13
27,44	2,11
27,47	2,11
27,49	2,13
27,52	2,12
27,54	2,17
27,57	2,18
27,59	2,19
27,61	2,20
27,64	2,20
27,66	2,21
27,69	2,23
27,71	2,22
27,74	2,23
27,76	2,21
27,78	2,22
27,81	2,22
27,83	2,21
27,86	2,19
27,88	2,21
27,91	2,20
27,93	2,23
27,96	2,21
27,98	2,23
28,00	2,27
28,03	2,29
28,05	2,26
28,08	2,27
28,10	2,24
28,13	2,26
28,15	2,25
28,18	2,23
28,20	2,21
28,22	2,22
28,25	2,20
28,27	2,25
28,30	2,21
28,32	2,22
28,35	2,19
28,37	2,21
28,40	2,19
28,42	2,20
28,44	2,17
28,47	2,18
28,49	2,17
28,52	2,19
28,54	2,16
28,57	2,16
28,59	2,14
28,62	2,14
28,64	2,11
28,66	2,13
28,69	2,10
28,71	2,10
28,74	2,11
28,76	2,14
28,79	2,12
28,81	2,13
28,84	2,09
28,86	2,12
28,88	2,09
28,91	2,08
28,93	2,06
28,96	2,06
28,98	2,05
29,01	2,08
29,03	2,03
29,05	2,04
29,08	2,02
29,10	2,02
29,13	2,01
29,15	1,99
29,18	1,95
29,20	1,96
29,23	1,95
29,25	1,96
29,27	1,95
29,30	1,90
29,32	1,91
29,35	1,91
29,37	1,90
29,40	1,89
29,42	1,87
29,45	1,85
29,47	1,90
29,49	1,87
29,52	1,88
29,54	1,87
29,57	1,87
29,59	1,84
29,62	1,85
29,64	1,81
29,67	1,84
29,69	1,79
29,71	1,79
29,74	1,79
29,76	1,80
29,79	1,78
29,81	1,79
29,84	1,77
29,86	1,79
29,89	1,77
29,91	1,78
29,93	1,76
29,96	1,79
29,98	1,76
30,01	1,77
30,03	1,74
30,06	1,75
30,08	1,74
30,10	1,75
30,13	1,72
30,15	1,75
30,18	1,71
30,20	1,78
30,23	1,77
30,25	1,79
30,28	1,78
30,30	1,80
30,32	1,79
30,35	1,82
30,37	1,80
30,40	1,83
30,42	1,80
30,45	1,82
30,47	1,83
30,50	1,85
30,52	1,84
30,54	1,87
30,57	1,84
30,59	1,91
30,62	1,93
30,64	1,93
30,67	1,96
30,69	1,95
30,72	1,93
30,74	1,97
30,76	1,92
30,79	1,93
30,81	1,93
30,84	1,93
30,86	1,97
30,89	1,98
30,91	1,99
30,94	2,04
30,96	2,03
30,98	2,05
31,01	2,06
31,03	2,04
31,06	2,07
31,08	2,06
31,11	2,07
31,13	2,08
31,15	2,08
31,18	2,09
31,20	2,14
31,23	2,14
31,25	2,18
31,28	2,19
31,30	2,21
31,33	2,24
31,35	2,27
31,37	2,26
31,40	2,30
31,42	2,29
31,45	2,33
31,47	2,35
31,50	2,37
31,52	2,37
31,55	2,41
31,57	2,41
31,59	2,46
31,62	2,47
31,64	2,49
31,67	2,51
31,69	2,55
31,72	2,56
31,74	2,59
31,77	2,58
31,79	2,61
31,81	2,61
31,84	2,64
31,86	2,64
31,89	2,66
31,91	2,66
31,94	2,70
31,96	2,70
31,99	2,74
32,01	2,76
32,03	2,80
32,06	2,81
32,08	2,86
32,11	2,84
32,13	2,88
32,16	2,89
32,18	2,90
32,20	2,90
32,23	2,92
32,25	2,90
32,28	2,93
32,30	2,90
32,33	2,92
32,35	2,94
32,38	2,96
32,40	2,96
32,42	2,99
32,45	2,99
32,47	3,04
32,50	3,01
32,52	2,99
32,55	2,96
32,57	2,97
32,60	2,98
32,62	2,95
32,64	2,94
32,67	2,97
32,69	2,97
32,72	2,98
32,74	2,99
32,77	2,98
32,79	3,01
32,82	2,99
32,84	2,97
32,86	2,97
32,89	2,99
32,91	2,99
32,94	3,00
32,96	2,98
32,99	2,97
33,01	2,96
33,04	2,96
33,06	2,95
33,08	2,95
33,11	2,90
33,13	2,90
33,16	2,88
33,18	2,87
33,21	2,85
33,23	2,84
33,26	2,81
33,28	2,80
33,30	2,77
33,33	2,78
33,35	2,72
33,38	2,72
33,40	2,70
33,43	2,70
33,45	2,66
33,47	2,68
33,50	2,65
33,52	2,69
33,55	2,66
33,57	2,65
33,60	2,63
33,62	2,65
33,65	2,59
33,67	2,61
33,69	2,56
33,72	2,57
33,74	2,54
33,77	2,52
33,79	2,50
33,82	2,51
33,84	2,49
33,87	2,49
33,89	2,45
33,91	2,43
33,94	2,41
33,96	2,41
33,99	2,38
34,01	2,37
34,04	2,34
34,06	2,36
34,09	2,33
34,11	2,33
34,13	2,32
34,16	2,32
34,18	2,31
34,21	2,31
34,23	2,28
34,26	2,30
34,28	2,31
34,31	2,29
34,33	2,28
34,35	2,26
34,38	2,24
34,40	2,24
34,43	2,22
34,45	2,22
34,48	2,19
34,50	2,19
34,52	2,19
34,55	2,17
34,57	2,16
34,60	2,15
34,62	2,13
34,65	2,10
34,67	2,10
34,70	2,08
34,72	2,10
34,74	2,09
34,77	2,11
34,79	2,11
34,82	2,12
34,84	2,11
34,87	2,14
34,89	2,13
34,92	2,15
34,94	2,12
34,96	2,14
34,99	2,14
35,01	2,16
35,04	2,13
35,06	2,17
35,09	2,14
35,11	2,17
35,14	2,19
35,16	2,22
35,18	2,21
35,21	2,24
35,23	2,22
35,26	2,27
35,28	2,26
35,31	2,26
35,33	2,26
35,36	2,27
35,38	2,28
35,40	2,31
35,43	2,30
35,45	2,33
35,48	2,32
35,50	2,36
35,53	2,38
35,55	2,40
35,57	2,41
35,60	2,49
35,62	2,49
35,65	2,52
35,67	2,51
35,70	2,53
35,72	2,56
35,75	2,60
35,77	2,55
35,79	2,59
35,82	2,59
35,84	2,64
35,87	2,68
35,89	2,67
35,92	2,68
35,94	2,72
35,97	2,73
35,99	2,78
36,01	2,80
36,04	2,79
36,06	2,84
36,09	2,85
36,11	2,88
36,14	2,93
36,16	2,97
36,19	2,97
36,21	2,99
36,23	2,99
36,26	3,04
36,28	3,06
36,31	3,08
36,33	3,11
36,36	3,15
36,38	3,18
36,41	3,25
36,43	3,26
36,45	3,29
36,48	3,30
36,50	3,31
36,53	3,34
36,55	3,37
36,58	3,37
36,60	3,43
36,62	3,44
36,65	3,47
36,67	3,48
36,70	3,52
36,72	3,55
36,75	3,58
36,77	3,56
36,80	3,60
36,82	3,61
36,84	3,65
36,87	3,65
36,89	3,67
36,92	3,68
36,94	3,71
36,97	3,72
36,99	3,76
37,02	3,75
37,04	3,78
37,06	3,80
37,09	3,83
37,11	3,84
37,14	3,87
37,16	3,86
37,19	3,89
37,21	3,89
37,24	3,89
37,26	3,88
37,28	3,88
37,31	3,87
37,33	3,88
37,36	3,85
37,38	3,85
37,41	3,84
37,43	3,83
37,46	3,85
37,48	3,87
37,50	3,87
37,53	3,90
37,55	3,87
37,58	3,87
37,60	3,87
37,63	3,84
37,65	3,82
37,68	3,79
37,70	3,77
37,72	3,77
37,75	3,74
37,77	3,74
37,80	3,77
37,82	3,76
37,85	3,77
37,87	3,76
37,89	3,74
37,92	3,72
37,94	3,70
37,97	3,66
37,99	3,63
38,02	3,59
38,04	3,56
38,07	3,57
38,09	3,56
38,11	3,54
38,14	3,51
38,16	3,47
38,19	3,48
38,21	3,46
38,24	3,43
38,26	3,40
38,29	3,36
38,31	3,32
38,33	3,31
38,36	3,26
38,38	3,25
38,41	3,20
38,43	3,19
38,46	3,16
38,48	3,15
38,51	3,11
38,53	3,13
38,55	3,10
38,58	3,10
38,60	3,05
38,63	3,05
38,65	3,01
38,68	3,03
38,70	2,95
38,73	2,95
38,75	2,90
38,77	2,90
38,80	2,87
38,82	2,85
38,85	2,81
38,87	2,81
38,90	2,78
38,92	2,81
38,94	2,78
38,97	2,78
38,99	2,75
39,02	2,73
39,04	2,69
39,07	2,69
39,09	2,65
39,12	2,66
39,14	2,63
39,16	2,64
39,19	2,67
39,21	2,68
39,24	2,65
39,26	2,67
39,29	2,63
39,31	2,63
39,34	2,62
39,36	2,58
39,38	2,56
39,41	2,57
39,43	2,53
39,46	2,56
39,48	2,55
39,51	2,55
39,53	2,55
39,56	2,57
39,58	2,59
39,60	2,60
39,63	2,58
39,65	2,62
39,68	2,62
39,70	2,61
39,73	2,60
39,75	2,57
39,78	2,57
39,80	2,59
39,82	2,58
39,85	2,56
39,87	2,58
39,90	2,58
39,92	2,63
39,95	2,63
39,97	2,64
39,99	2,65
40,02	2,68
40,04	2,69
40,07	2,73
40,09	2,72
40,12	2,73
40,14	2,74
40,17	2,75
40,19	2,77
40,21	2,80
40,24	2,79
40,26	2,84
40,29	2,84
40,31	2,87
40,34	2,89
40,36	2,92
40,39	2,96
40,41	3,00
40,43	3,00
40,46	3,06
40,48	3,05
40,51	3,09
40,53	3,09
40,56	3,12
40,58	3,12
40,61	3,15
40,63	3,16
40,65	3,22
40,68	3,23
40,70	3,26
40,73	3,29
40,75	3,34
40,78	3,36
40,80	3,43
40,83	3,45
40,85	3,49
40,87	3,53
40,90	3,57
40,92	3,61
40,95	3,66
40,97	3,67
41,00	3,73
41,02	3,77
41,05	3,81
41,07	3,85
41,09	3,85
41,12	3,89
41,14	3,91
41,17	3,92
41,19	3,97
41,22	3,98
41,24	4,01
41,26	4,07
41,29	4,09
41,31	4,15
41,34	4,18
41,36	4,21
41,39	4,26
41,41	4,30
41,44	4,31
41,46	4,37
41,48	4,39
41,51	4,44
41,53	4,46
41,56	4,51
41,58	4,52
41,61	4,57
41,63	4,57
41,66	4,61
41,68	4,62
41,70	4,65
41,73	4,66
41,75	4,70
41,78	4,70
41,80	4,74
41,83	4,73
41,85	4,79
41,88	4,79
41,90	4,81
41,92	4,81
41,95	4,82
41,97	4,81
42,00	4,84
42,02	4,82
42,05	4,85
42,07	4,85
42,10	4,87
42,12	4,88
42,14	4,91
42,17	4,89
42,19	4,92
42,22	4,89
42,24	4,92
42,27	4,89
42,29	4,89
42,31	4,87
42,34	4,88
42,36	4,84
42,39	4,86
42,41	4,81
42,44	4,83
42,46	4,79
42,49	4,78
42,51	4,75
42,53	4,76
42,56	4,71
42,58	4,76
42,61	4,70
42,63	4,67
42,66	4,64
42,68	4,58
42,71	4,55
42,73	4,54
42,75	4,49
42,78	4,49
42,80	4,45
42,83	4,43
42,85	4,45
42,88	4,41
42,90	4,40
42,93	4,36
42,95	4,31
42,97	4,31
43,00	4,29
43,02	4,24
43,05	4,22
43,07	4,16
43,10	4,11
43,12	4,09
43,15	4,04
43,17	4,00
43,19	3,98
43,22	3,95
43,24	3,94
43,27	3,93
43,29	3,90
43,32	3,93
43,34	3,90
43,36	3,85
43,39	3,83
43,41	3,77
43,44	3,75
43,46	3,70
43,49	3,65
43,51	3,60
43,54	3,56
43,56	3,51
43,58	3,52
43,61	3,48
43,63	3,47
43,66	3,43
43,68	3,43
43,71	3,41
43,73	3,42
43,76	3,36
43,78	3,36
43,80	3,31
43,83	3,31
43,85	3,27
43,88	3,26
43,90	3,20
43,93	3,21
43,95	3,16
43,98	3,17
44,00	3,14
44,02	3,13
44,05	3,14
44,07	3,15
44,10	3,12
44,12	3,13
44,15	3,12
44,17	3,13
44,20	3,10
44,22	3,09
44,24	3,08
44,27	3,08
44,29	3,06
44,32	3,06
44,34	3,03
44,37	3,04
44,39	3,02
44,41	3,01
44,44	3,04
44,46	3,05
44,49	3,05
44,51	3,06
44,54	3,07
44,56	3,08
44,59	3,10
44,61	3,07
44,63	3,08
44,66	3,10
44,68	3,12
44,71	3,16
44,73	3,19
44,76	3,18
44,78	3,22
44,81	3,22
44,83	3,23
44,85	3,25
44,88	3,24
44,90	3,25
44,93	3,27
44,95	3,29
44,98	3,34
45,00	3,33
45,03	3,37
45,05	3,39
45,07	3,42
45,10	3,44
45,12	3,49
45,15	3,50
45,17	3,55
45,20	3,57
45,22	3,61
45,25	3,62
45,27	3,67
45,29	3,69
45,32	3,74
45,34	3,73
45,37	3,77
45,39	3,78
45,42	3,82
45,44	3,85
45,47	3,90
45,49	3,90
45,51	3,99
45,54	4,01
45,56	4,06
45,59	4,10
45,61	4,15
45,64	4,18
45,66	4,25
45,68	4,27
45,71	4,32
45,73	4,33
45,76	4,39
45,78	4,41
45,81	4,45
45,83	4,48
45,86	4,54
45,88	4,56
45,90	4,64
45,93	4,66
45,95	4,71
45,98	4,75
46,00	4,80
46,03	4,82
46,05	4,91
46,08	4,90
46,10	4,98
46,12	5,00
46,15	5,06
46,17	5,10
46,20	5,16
46,22	5,17
46,25	5,26
46,27	5,28
46,30	5,31
46,32	5,36
46,34	5,38
46,37	5,39
46,39	5,44
46,42	5,48
46,44	5,50
46,47	5,52
46,49	5,54
46,52	5,59
46,54	5,62
46,56	5,65
46,59	5,66
46,61	5,69
46,64	5,74
46,66	5,78
46,69	5,79
46,71	5,84
46,73	5,84
46,76	5,87
46,78	5,90
46,81	5,93
46,83	5,92
46,86	5,95
46,88	5,94
46,91	5,98
46,93	5,97
46,95	5,98
46,98	5,97
47,00	6,00
47,03	5,98
47,05	6,00
47,08	5,97
47,10	6,01
47,13	6,00
47,15	6,02
47,17	6,00
47,20	5,99
47,22	5,97
47,25	5,99
47,27	5,94
47,30	5,93
47,32	5,89
47,35	5,89
47,37	5,87
47,39	5,87
47,42	5,82
47,44	5,83
47,47	5,79
47,49	5,81
47,52	5,78
47,54	5,78
47,57	5,72
47,59	5,71
47,61	5,66
47,64	5,66
47,66	5,59
47,69	5,55
47,71	5,50
47,74	5,48
47,76	5,43
47,78	5,40
47,81	5,36
47,83	5,35
47,86	5,30
47,88	5,26
47,91	5,23
47,93	5,19
47,96	5,14
47,98	5,10
48,00	5,04
48,03	5,01
48,05	4,97
48,08	4,92
48,10	4,93
48,13	4,87
48,15	4,82
48,18	4,78
48,20	4,74
48,22	4,70
48,25	4,67
48,27	4,59
48,30	4,57
48,32	4,54
48,35	4,51
48,37	4,47
48,40	4,46
48,42	4,41
48,44	4,39
48,47	4,34
48,49	4,31
48,52	4,27
48,54	4,24
48,57	4,19
48,59	4,16
48,62	4,12
48,64	4,09
48,66	4,04
48,69	4,02
48,71	3,98
48,74	3,96
48,76	3,94
48,79	3,93
48,81	3,89
48,84	3,90
48,86	3,88
48,88	3,86
48,91	3,84
48,93	3,84
48,96	3,80
48,98	3,82
49,01	3,78
49,03	3,78
49,05	3,75
49,08	3,75
49,10	3,72
49,13	3,72
49,15	3,70
49,18	3,72
49,20	3,70
49,23	3,71
49,25	3,70
49,27	3,71
49,30	3,74
49,32	3,74
49,35	3,71
49,37	3,75
49,40	3,74
49,42	3,78
49,45	3,77
49,47	3,79
49,49	3,79
49,52	3,81
49,54	3,79
49,57	3,83
49,59	3,81
49,62	3,83
49,64	3,83
49,67	3,87
49,69	3,89
49,71	3,94
49,74	3,93
49,76	3,99
49,79	4,00
49,81	4,04
49,84	4,06
49,86	4,09
49,89	4,09
49,91	4,16
49,93	4,15
49,96	4,20
49,98	4,22
50,01	4,25
50,03	4,30
50,06	4,34
50,08	4,34
50,10	4,41
50,13	4,44
50,15	4,48
50,18	4,52
50,20	4,56
50,23	4,59
50,25	4,64
50,28	4,67
50,30	4,74
50,32	4,77
50,35	4,79
50,37	4,85
50,40	4,91
50,42	4,97
50,45	4,99
50,47	5,03
50,50	5,09
50,52	5,17
50,54	5,21
50,57	5,27
50,59	5,28
50,62	5,36
50,64	5,39
50,67	5,44
50,69	5,48
50,72	5,54
50,74	5,57
50,76	5,67
50,79	5,70
50,81	5,76
50,84	5,81
50,86	5,85
50,89	5,88
50,91	5,94
50,94	5,95
50,96	6,01
50,98	6,02
51,01	6,08
51,03	6,12
51,06	6,18
51,08	6,21
51,11	6,29
51,13	6,32
51,15	6,41
51,18	6,44
51,20	6,49
51,23	6,53
51,25	6,60
51,28	6,61
51,30	6,68
51,33	6,68
51,35	6,74
51,37	6,77
51,40	6,82
51,42	6,85
51,45	6,90
51,47	6,91
51,50	6,99
51,52	6,99
51,55	7,03
51,57	7,04
51,59	7,09
51,62	7,09
51,64	7,12
51,67	7,10
51,69	7,15
51,72	7,14
51,74	7,14
51,77	7,14
51,79	7,18
51,81	7,17
51,84	7,18
51,86	7,16
51,89	7,17
51,91	7,20
51,94	7,21
51,96	7,20
51,99	7,20
52,01	7,21
52,03	7,23
52,06	7,23
52,08	7,25
52,11	7,23
52,13	7,20
52,16	7,20
52,18	7,19
52,20	7,16
52,23	7,14
52,25	7,11
52,28	7,08
52,30	7,06
52,33	7,04
52,35	7,02
52,38	6,97
52,40	6,96
52,42	6,93
52,45	6,91
52,47	6,88
52,50	6,89
52,52	6,84
52,55	6,83
52,57	6,76
52,60	6,73
52,62	6,70
52,64	6,67
52,67	6,60
52,69	6,57
52,72	6,51
52,74	6,51
52,77	6,46
52,79	6,44
52,82	6,37
52,84	6,34
52,86	6,27
52,89	6,25
52,91	6,17
52,94	6,12
52,96	6,05
52,99	6,02
53,01	5,95
53,04	5,95
53,06	5,88
53,08	5,87
53,11	5,80
53,13	5,78
53,16	5,71
53,18	5,67
53,21	5,60
53,23	5,57
53,26	5,50
53,28	5,48
53,30	5,42
53,33	5,40
53,35	5,36
53,38	5,33
53,40	5,27
53,43	5,27
53,45	5,21
53,47	5,18
53,50	5,14
53,52	5,13
53,55	5,10
53,57	5,09
53,60	5,02
53,62	5,03
53,65	4,99
53,67	4,95
53,69	4,92
53,72	4,90
53,74	4,87
53,77	4,87
53,79	4,85
53,82	4,82
53,84	4,84
53,87	4,82
53,89	4,80
53,91	4,75
53,94	4,73
53,96	4,72
53,99	4,72
54,01	4,69
54,04	4,69
54,06	4,67
54,09	4,69
54,11	4,67
54,13	4,68
54,16	4,66
54,18	4,66
54,21	4,64
54,23	4,69
54,26	4,69
54,28	4,70
54,31	4,70
54,33	4,73
54,35	4,75
54,38	4,77
54,40	4,74
54,43	4,77
54,45	4,77
54,48	4,77
54,50	4,79
54,52	4,81
54,55	4,82
54,57	4,85
54,60	4,85
54,62	4,90
54,65	4,92
54,67	4,95
54,70	4,98
54,72	5,03
54,74	5,04
54,77	5,10
54,79	5,10
54,82	5,15
54,84	5,18
54,87	5,20
54,89	5,24
54,92	5,30
54,94	5,32
54,96	5,40
54,99	5,44
55,01	5,49
55,04	5,53
55,06	5,58
55,09	5,61
55,11	5,66
55,14	5,68
55,16	5,73
55,18	5,75
55,21	5,82
55,23	5,86
55,26	5,94
55,28	5,98
55,31	6,02
55,33	6,08
55,36	6,18
55,38	6,22
55,40	6,31
55,43	6,36
55,45	6,44
55,48	6,50
55,50	6,53
55,53	6,55
55,55	6,59
55,57	6,63
55,60	6,67
55,62	6,73
55,65	6,78
55,67	6,87
55,70	6,96
55,72	7,04
55,75	7,11
55,77	7,18
55,79	7,21
55,82	7,29
55,84	7,33
55,87	7,37
55,89	7,40
55,92	7,44
55,94	7,48
55,97	7,56
55,99	7,59
56,01	7,67
56,04	7,70
56,06	7,77
56,09	7,82
56,11	7,88
56,14	7,92
56,16	8,00
56,19	8,02
56,21	8,10
56,23	8,12
56,26	8,18
56,28	8,21
56,31	8,27
56,33	8,28
56,36	8,36
56,38	8,38
56,41	8,43
56,43	8,48
56,45	8,53
56,48	8,54
56,50	8,59
56,53	8,58
56,55	8,64
56,58	8,65
56,60	8,67
56,62	8,68
56,65	8,70
56,67	8,71
56,70	8,75
56,72	8,73
56,75	8,77
56,77	8,75
56,80	8,77
56,82	8,77
56,84	8,78
56,87	8,76
56,89	8,80
56,92	8,79
56,94	8,81
56,97	8,83
56,99	8,85
57,02	8,83
57,04	8,84
57,06	8,80
57,09	8,78
57,11	8,72
57,14	8,70
57,16	8,68
57,19	8,68
57,21	8,65
57,24	8,62
57,26	8,59
57,28	8,60
57,31	8,57
57,33	8,52
57,36	8,50
57,38	8,46
57,41	8,43
57,43	8,41
57,46	8,39
57,48	8,34
57,50	8,30
57,53	8,25
57,55	8,23
57,58	8,19
57,60	8,15
57,63	8,11
57,65	8,06
57,68	8,02
57,70	7,98
57,72	7,91
57,75	7,86
57,77	7,81
57,80	7,74
57,82	7,69
57,85	7,65
57,87	7,60
57,89	7,60
57,92	7,53
57,94	7,50
57,97	7,45
57,99	7,41
58,02	7,37
58,04	7,34
58,07	7,25
58,09	7,22
58,11	7,12
58,14	7,09
58,16	7,01
58,19	6,97
58,21	6,90
58,24	6,86
58,26	6,79
58,29	6,79
58,31	6,73
58,33	6,72
58,36	6,67
58,38	6,66
58,41	6,60
58,43	6,58
58,46	6,52
58,48	6,51
58,51	6,46
58,53	6,41
58,55	6,36
58,58	6,35
58,60	6,30
58,63	6,33
58,65	6,29
58,68	6,27
58,70	6,27
58,73	6,26
58,75	6,24
58,77	6,23
58,80	6,17
58,82	6,16
58,85	6,11
58,87	6,09
58,90	6,07
58,92	6,06
58,94	6,05
58,97	6,04
58,99	6,03
59,02	6,04
59,04	6,02
59,07	6,02
59,09	6,03
59,12	6,02
59,14	6,04
59,16	6,03
59,19	6,03
59,21	6,06
59,24	6,07
59,26	6,07
59,29	6,11
59,31	6,09
59,34	6,14
59,36	6,15
59,38	6,17
59,41	6,17
59,43	6,19
59,46	6,18
59,48	6,26
59,51	6,25
59,53	6,30
59,56	6,32
59,58	6,34
59,60	6,36
59,63	6,42
59,65	6,40
59,68	6,44
59,70	6,46
59,73	6,49
59,75	6,54
59,78	6,60
59,80	6,61
59,82	6,71
59,85	6,74
59,87	6,80
59,90	6,84
59,92	6,89
59,95	6,93
59,97	6,98
59,99	6,98
