U1/V	IA/nA
0,02	0,46
0,04	0,46
0,07	0,45
0,09	0,44
0,12	0,48
0,14	0,47
0,17	0,49
0,19	0,48
0,21	0,50
0,24	0,51
0,26	0,53
0,29	0,47
0,31	0,50
0,34	0,46
0,36	0,49
0,39	0,46
0,41	0,47
0,43	0,44
0,46	0,47
0,48	0,44
0,51	0,49
0,53	0,45
0,56	0,48
0,58	0,46
0,61	0,50
0,63	0,48
0,65	0,51
0,68	0,48
0,70	0,51
0,73	0,47
0,75	0,49
0,78	0,48
0,80	0,50
0,83	0,47
0,85	0,52
0,87	0,52
0,90	0,54
0,92	0,51
0,95	0,51
0,97	0,50
1,00	0,51
1,02	0,45
1,05	0,47
1,07	0,45
1,09	0,48
1,12	0,47
1,14	0,48
1,17	0,48
1,19	0,51
1,22	0,48
1,24	0,49
1,26	0,48
1,29	0,48
1,31	0,50
1,34	0,50
1,36	0,51
1,39	0,50
1,41	0,50
1,44	0,49
1,46	0,49
1,48	0,48
1,51	0,49
1,53	0,45
1,56	0,47
1,58	0,49
1,61	0,52
1,63	0,50
1,66	0,50
1,68	0,47
1,70	0,52
1,73	0,50
1,75	0,49
1,78	0,48
1,80	0,49
1,83	0,46
1,85	0,50
1,88	0,45
1,90	0,49
1,92	0,45
1,95	0,47
1,97	0,46
2,00	0,48
2,02	0,44
2,05	0,50
2,07	0,46
2,10	0,50
2,12	0,46
2,14	0,49
2,17	0,47
2,19	0,52
2,22	0,46
2,24	0,50
2,27	0,45
2,29	0,49
2,31	0,49
2,34	0,51
2,36	0,48
2,39	0,53
2,41	0,49
2,44	0,55
2,46	0,52
2,49	0,51
2,51	0,47
2,53	0,49
2,56	0,44
2,58	0,47
2,61	0,42
2,63	0,46
2,66	0,44
2,68	0,45
2,71	0,47
2,73	0,49
2,75	0,47
2,78	0,51
2,80	0,47
2,83	0,50
2,85	0,51
2,88	0,51
2,90	0,49
2,93	0,51
2,95	0,45
2,97	0,47
3,00	0,47
3,02	0,48
3,05	0,48
3,07	0,49
3,10	0,48
3,12	0,49
3,15	0,49
3,17	0,49
3,19	0,48
3,22	0,45
3,24	0,46
3,27	0,45
3,29	0,47
3,32	0,46
3,34	0,47
3,36	0,46
3,39	0,48
3,41	0,46
3,44	0,51
3,46	0,49
3,49	0,51
3,51	0,49
3,54	0,51
3,56	0,50
3,58	0,53
3,61	0,50
3,63	0,52
3,66	0,49
3,68	0,49
3,71	0,47
3,73	0,50
3,76	0,46
3,78	0,50
3,80	0,46
3,83	0,49
3,85	0,49
3,88	0,51
3,90	0,51
3,93	0,53
3,95	0,50
3,98	0,53
4,00	0,49
4,02	0,50
4,05	0,47
4,07	0,48
4,10	0,46
4,12	0,48
4,15	0,45
4,17	0,49
4,20	0,46
4,22	0,50
4,24	0,49
4,27	0,52
4,29	0,51
4,32	0,53
4,34	0,51
4,37	0,54
4,39	0,52
4,42	0,53
4,44	0,53
4,46	0,51
4,49	0,49
4,51	0,51
4,54	0,49
4,56	0,49
4,59	0,47
4,61	0,46
4,63	0,48
4,66	0,48
4,68	0,46
4,71	0,46
4,73	0,45
4,76	0,44
4,78	0,45
4,81	0,44
4,83	0,45
4,85	0,44
4,88	0,46
4,90	0,46
4,93	0,47
4,95	0,45
4,98	0,49
5,00	0,49
5,03	0,51
5,05	0,49
5,07	0,50
5,10	0,49
5,12	0,52
5,15	0,47
5,17	0,49
5,20	0,46
5,22	0,48
5,25	0,46
5,27	0,49
5,29	0,47
5,32	0,49
5,34	0,45
5,37	0,51
5,39	0,48
5,42	0,51
5,44	0,48
5,47	0,49
5,49	0,45
5,51	0,47
5,54	0,44
5,56	0,46
5,59	0,42
5,61	0,44
5,64	0,44
5,66	0,48
5,68	0,47
5,71	0,51
5,73	0,48
5,76	0,52
5,78	0,50
5,81	0,53
5,83	0,50
5,86	0,52
5,88	0,47
5,90	0,48
5,93	0,44
5,95	0,48
5,98	0,47
6,00	0,47
6,03	0,47
6,05	0,48
6,08	0,48
6,10	0,54
6,12	0,50
6,15	0,50
6,17	0,49
6,20	0,46
6,22	0,46
6,25	0,44
6,27	0,40
6,30	0,40
6,32	0,37
6,34	0,39
6,37	0,43
6,39	0,44
6,42	0,47
6,44	0,48
6,47	0,50
6,49	0,51
6,52	0,51
6,54	0,50
6,56	0,51
6,59	0,49
6,61	0,49
6,64	0,48
6,66	0,48
6,69	0,47
6,71	0,48
6,73	0,46
6,76	0,48
6,78	0,47
6,81	0,48
6,83	0,50
6,86	0,53
6,88	0,50
6,91	0,52
6,93	0,48
6,95	0,50
6,98	0,47
7,00	0,48
7,03	0,45
7,05	0,47
7,08	0,43
7,10	0,49
7,13	0,47
7,15	0,49
7,17	0,46
7,20	0,49
7,22	0,47
7,25	0,51
7,27	0,47
7,30	0,50
7,32	0,48
7,35	0,51
7,37	0,49
7,39	0,50
7,42	0,47
7,44	0,50
7,47	0,46
7,49	0,50
7,52	0,48
7,54	0,50
7,57	0,52
7,59	0,54
7,61	0,51
7,64	0,54
7,66	0,49
7,69	0,53
7,71	0,51
7,74	0,51
7,76	0,49
7,78	0,50
7,81	0,49
7,83	0,52
7,86	0,46
7,88	0,45
7,91	0,43
7,93	0,43
7,96	0,44
7,98	0,43
8,00	0,43
8,03	0,46
8,05	0,48
8,08	0,51
8,10	0,53
8,13	0,50
8,15	0,49
8,18	0,49
8,20	0,50
8,22	0,50
8,25	0,50
8,27	0,47
8,30	0,51
8,32	0,51
8,35	0,53
8,37	0,52
8,40	0,52
8,42	0,51
8,44	0,53
8,47	0,50
8,49	0,53
8,52	0,50
8,54	0,51
8,57	0,50
8,59	0,51
8,62	0,48
8,64	0,51
8,66	0,48
8,69	0,52
8,71	0,49
8,74	0,51
8,76	0,49
8,79	0,53
8,81	0,49
8,84	0,54
8,86	0,49
8,88	0,53
8,91	0,52
8,93	0,55
8,96	0,53
8,98	0,56
9,01	0,52
9,03	0,58
9,05	0,55
9,08	0,57
9,10	0,53
9,13	0,56
9,15	0,53
9,18	0,56
9,20	0,53
9,23	0,55
9,25	0,50
9,27	0,53
9,30	0,51
9,32	0,53
9,35	0,50
9,37	0,50
9,40	0,48
9,42	0,52
9,45	0,51
9,47	0,53
9,49	0,51
9,52	0,54
9,54	0,53
9,57	0,55
9,59	0,53
9,62	0,52
9,64	0,52
9,67	0,53
9,69	0,51
9,71	0,51
9,74	0,51
9,76	0,55
9,79	0,55
9,81	0,54
9,84	0,53
9,86	0,53
9,89	0,55
9,91	0,54
9,93	0,54
9,96	0,54
9,98	0,53
10,01	0,53
10,03	0,57
10,06	0,56
10,08	0,59
10,10	0,56
10,13	0,57
10,15	0,57
10,18	0,59
10,20	0,55
10,23	0,57
10,25	0,55
10,28	0,57
10,30	0,58
10,32	0,60
10,35	0,59
10,37	0,63
10,40	0,59
10,42	0,63
10,45	0,61
10,47	0,62
10,50	0,61
10,52	0,63
10,54	0,59
10,57	0,62
10,59	0,59
10,62	0,61
10,64	0,58
10,67	0,59
10,69	0,57
10,72	0,59
10,74	0,56
10,76	0,60
10,79	0,59
10,81	0,62
10,84	0,62
10,86	0,63
10,89	0,63
10,91	0,65
10,94	0,61
10,96	0,64
10,98	0,63
11,01	0,65
11,03	0,65
11,06	0,64
11,08	0,64
11,11	0,68
11,13	0,66
11,15	0,69
11,18	0,66
11,20	0,64
11,23	0,64
11,25	0,63
11,28	0,60
11,30	0,62
11,33	0,58
11,35	0,60
11,37	0,61
11,40	0,62
11,42	0,66
11,45	0,66
11,47	0,64
11,50	0,67
11,52	0,65
11,55	0,65
11,57	0,67
11,59	0,63
11,62	0,65
11,64	0,66
11,67	0,64
11,69	0,65
11,72	0,66
11,74	0,63
11,77	0,69
11,79	0,67
11,81	0,69
11,84	0,69
11,86	0,71
11,89	0,71
11,91	0,74
11,94	0,69
11,96	0,72
11,99	0,68
12,01	0,71
12,03	0,68
12,06	0,70
12,08	0,67
12,11	0,70
12,13	0,66
12,16	0,70
12,18	0,65
12,21	0,68
12,23	0,67
12,25	0,70
12,28	0,69
12,30	0,73
12,33	0,70
12,35	0,75
12,38	0,72
12,40	0,74
12,42	0,72
12,45	0,74
12,47	0,70
12,50	0,76
12,52	0,73
12,55	0,76
12,57	0,75
12,60	0,77
12,62	0,76
12,64	0,80
12,67	0,78
12,69	0,82
12,72	0,79
12,74	0,80
12,77	0,78
12,79	0,80
12,82	0,77
12,84	0,77
12,86	0,75
12,89	0,77
12,91	0,73
12,94	0,67
12,96	0,70
12,99	0,72
13,01	0,71
13,04	0,70
13,06	0,72
13,08	0,73
13,11	0,81
13,13	0,80
13,16	0,81
13,18	0,81
13,21	0,83
13,23	0,82
13,26	0,85
13,28	0,84
13,30	0,83
13,33	0,82
13,35	0,85
13,38	0,82
13,40	0,83
13,43	0,81
13,45	0,82
13,47	0,79
13,50	0,81
13,52	0,78
13,55	0,81
13,57	0,80
13,60	0,82
13,62	0,80
13,65	0,85
13,67	0,82
13,69	0,87
13,72	0,83
13,74	0,86
13,77	0,83
13,79	0,86
13,82	0,82
13,84	0,86
13,87	0,81
13,89	0,86
13,91	0,81
13,94	0,84
13,96	0,85
13,99	0,89
14,01	0,85
14,04	0,90
14,06	0,86
14,09	0,92
14,11	0,90
14,13	0,91
14,16	0,87
14,18	0,90
14,21	0,87
14,23	0,89
14,26	0,84
14,28	0,85
14,31	0,82
14,33	0,85
14,35	0,82
14,38	0,85
14,40	0,85
14,43	0,91
14,45	0,90
14,48	0,93
14,50	0,90
14,52	0,94
14,55	0,91
14,57	0,93
14,60	0,89
14,62	0,90
14,65	0,89
14,67	0,92
14,70	0,93
14,72	0,95
14,74	0,93
14,77	0,93
14,79	0,94
14,82	0,95
14,84	0,94
14,87	0,91
14,89	0,91
14,92	0,90
14,94	0,91
14,96	0,91
14,99	0,90
15,01	0,89
15,04	0,88
15,06	0,87
15,09	0,90
15,11	0,90
15,14	0,91
15,16	0,92
15,18	0,93
15,21	0,92
15,23	0,95
15,26	0,92
15,28	0,95
15,31	0,93
15,33	0,92
15,36	0,91
15,38	0,93
15,40	0,90
15,43	0,95
15,45	0,92
15,48	0,95
15,50	0,94
15,53	0,97
15,55	0,97
15,57	1,00
15,60	0,95
15,62	0,98
15,65	0,93
15,67	0,95
15,70	0,91
15,72	0,92
15,75	0,89
15,77	0,91
15,79	0,88
15,82	0,94
15,84	0,90
15,87	0,94
15,89	0,94
15,92	0,97
15,94	0,94
15,97	0,96
15,99	0,93
16,01	0,96
16,04	0,93
16,06	0,93
16,09	0,91
16,11	0,94
16,14	0,93
16,16	0,97
16,19	0,96
16,21	0,97
16,23	0,96
16,26	0,96
16,28	0,98
16,31	0,99
16,33	0,97
16,36	0,99
16,38	0,99
16,41	0,99
16,43	1,04
16,45	1,00
16,48	1,02
16,50	0,99
16,53	0,99
16,55	0,99
16,58	0,98
16,60	0,93
16,63	0,97
16,65	0,96
16,67	1,00
16,70	0,98
16,72	1,00
16,75	1,00
16,77	1,02
16,80	0,99
16,82	1,01
16,84	0,97
16,87	0,97
16,89	0,96
16,92	0,98
16,94	0,97
16,97	0,99
16,99	0,97
17,02	1,04
17,04	1,03
17,06	1,07
17,09	1,05
17,11	1,06
17,14	1,04
17,16	1,06
17,19	1,02
17,21	1,05
17,24	1,02
17,26	1,05
17,28	1,05
17,31	1,09
17,33	1,07
17,36	1,12
17,38	1,09
17,41	1,13
17,43	1,11
17,46	1,13
17,48	1,10
17,50	1,13
17,53	1,09
17,55	1,11
17,58	1,08
17,60	1,11
17,63	1,10
17,65	1,12
17,68	1,11
17,70	1,11
17,72	1,13
17,75	1,19
17,77	1,17
17,80	1,16
17,82	1,15
17,85	1,13
17,87	1,14
17,89	1,16
17,92	1,14
17,94	1,14
17,97	1,13
17,99	1,08
18,02	1,11
18,04	1,14
18,07	1,11
18,09	1,14
18,11	1,13
18,14	1,16
18,16	1,24
18,19	1,26
18,21	1,24
18,24	1,25
18,26	1,24
18,29	1,27
18,31	1,27
18,33	1,27
18,36	1,27
18,38	1,26
18,41	1,26
18,43	1,25
18,46	1,26
18,48	1,27
18,51	1,28
18,53	1,26
18,55	1,29
18,58	1,25
18,60	1,27
18,63	1,26
18,65	1,26
18,68	1,24
18,70	1,26
18,73	1,23
18,75	1,30
18,77	1,28
18,80	1,31
18,82	1,28
18,85	1,30
18,87	1,30
18,90	1,33
18,92	1,28
18,94	1,30
18,97	1,27
18,99	1,30
19,02	1,28
19,04	1,29
19,07	1,26
19,09	1,31
19,12	1,27
19,14	1,31
19,16	1,28
19,19	1,29
19,21	1,30
19,24	1,33
19,26	1,30
19,29	1,34
19,31	1,29
19,34	1,32
19,36	1,30
19,38	1,28
19,41	1,24
19,43	1,25
19,46	1,23
19,48	1,25
19,51	1,22
19,53	1,23
19,56	1,25
19,58	1,27
19,60	1,26
19,63	1,27
19,65	1,26
19,68	1,26
19,70	1,24
19,73	1,23
19,75	1,25
19,78	1,23
19,80	1,19
19,82	1,21
19,85	1,22
19,87	1,24
19,90	1,25
19,92	1,22
19,95	1,26
19,97	1,27
19,99	1,27
20,02	1,25
20,04	1,23
20,07	1,21
20,09	1,21
20,12	1,19
20,14	1,22
20,17	1,19
20,19	1,20
20,21	1,21
20,24	1,21
20,26	1,20
20,29	1,23
20,31	1,21
20,34	1,24
20,36	1,23
20,39	1,23
20,41	1,22
20,43	1,26
20,46	1,23
20,48	1,25
20,51	1,19
20,53	1,22
20,56	1,20
20,58	1,23
20,61	1,21
20,63	1,24
20,65	1,20
20,68	1,28
20,70	1,25
20,73	1,28
20,75	1,25
20,78	1,27
20,80	1,24
20,83	1,28
20,85	1,23
20,87	1,27
20,90	1,23
20,92	1,25
20,95	1,24
20,97	1,27
21,00	1,23
21,02	1,23
21,05	1,21
21,07	1,24
21,09	1,21
21,12	1,20
21,14	1,17
21,17	1,19
21,19	1,19
21,22	1,22
21,24	1,20
21,26	1,23
21,29	1,28
21,31	1,31
21,34	1,33
21,36	1,34
21,39	1,34
21,41	1,38
21,44	1,39
21,46	1,38
21,48	1,38
21,51	1,39
21,53	1,42
21,56	1,43
21,58	1,44
21,61	1,44
21,63	1,42
21,66	1,40
21,68	1,42
21,70	1,40
21,73	1,41
21,75	1,40
21,78	1,42
21,80	1,44
21,83	1,48
21,85	1,46
21,88	1,49
21,90	1,48
21,92	1,50
21,95	1,49
21,97	1,52
22,00	1,51
22,02	1,54
22,05	1,52
22,07	1,55
22,10	1,54
22,12	1,57
22,14	1,57
22,17	1,60
22,19	1,57
22,22	1,61
22,24	1,58
22,27	1,62
22,29	1,60
22,31	1,62
22,34	1,61
22,36	1,63
22,39	1,61
22,41	1,66
22,44	1,63
22,46	1,67
22,49	1,66
22,51	1,70
22,53	1,69
22,56	1,73
22,58	1,69
22,61	1,74
22,63	1,73
22,66	1,75
22,68	1,74
22,71	1,77
22,73	1,75
22,75	1,77
22,78	1,73
22,80	1,76
22,83	1,74
22,85	1,75
22,88	1,75
22,90	1,75
22,93	1,74
22,95	1,77
22,97	1,75
23,00	1,77
23,02	1,75
23,05	1,76
23,07	1,79
23,10	1,78
23,12	1,79
23,15	1,80
23,17	1,79
23,19	1,82
23,22	1,82
23,24	1,80
23,27	1,84
23,29	1,81
23,32	1,79
23,34	1,79
23,36	1,81
23,39	1,79
23,41	1,82
23,44	1,81
23,46	1,83
23,49	1,83
23,51	1,85
23,54	1,83
23,56	1,85
23,58	1,82
23,61	1,84
23,63	1,81
23,66	1,83
23,68	1,81
23,71	1,83
23,73	1,80
23,76	1,82
23,78	1,79
23,80	1,83
23,83	1,78
23,85	1,80
23,88	1,78
23,90	1,80
23,93	1,77
23,95	1,80
23,98	1,75
24,00	1,80
24,02	1,77
24,05	1,78
24,07	1,74
24,10	1,77
24,12	1,73
24,15	1,78
24,17	1,75
24,20	1,78
24,22	1,75
24,24	1,77
24,27	1,75
24,29	1,77
24,32	1,73
24,34	1,75
24,37	1,69
24,39	1,70
24,42	1,68
24,44	1,67
24,46	1,63
24,49	1,64
24,51	1,62
24,54	1,64
24,56	1,60
24,59	1,63
24,61	1,65
24,63	1,69
24,66	1,66
24,68	1,66
24,71	1,66
24,73	1,66
24,76	1,63
24,78	1,60
24,81	1,59
24,83	1,60
24,85	1,60
24,88	1,60
24,90	1,63
24,93	1,65
24,95	1,65
24,98	1,63
25,00	1,66
25,03	1,65
25,05	1,64
25,07	1,62
25,10	1,60
25,12	1,58
25,15	1,59
25,17	1,54
25,20	1,56
25,22	1,54
25,25	1,57
25,27	1,56
25,29	1,56
25,32	1,53
25,34	1,57
25,37	1,55
25,39	1,57
25,42	1,55
25,44	1,57
25,47	1,58
25,49	1,63
25,51	1,59
25,54	1,63
25,56	1,60
25,59	1,63
25,61	1,64
25,64	1,66
25,66	1,64
25,68	1,68
25,71	1,64
25,73	1,70
25,76	1,68
25,78	1,69
25,81	1,68
25,83	1,69
25,86	1,66
25,88	1,70
25,90	1,68
25,93	1,72
25,95	1,69
25,98	1,71
26,00	1,72
26,03	1,77
26,05	1,76
26,08	1,82
26,10	1,79
26,12	1,83
26,15	1,84
26,17	1,87
26,20	1,85
26,22	1,87
26,25	1,84
26,27	1,88
26,30	1,89
26,32	1,90
26,34	1,93
26,37	1,94
26,39	1,95
26,42	1,96
26,44	1,97
26,47	2,01
26,49	2,01
26,52	2,00
26,54	2,04
26,56	2,05
26,59	2,07
26,61	2,09
26,64	2,10
26,66	2,10
26,69	2,11
26,71	2,10
26,73	2,14
26,76	2,14
26,78	2,16
26,81	2,17
26,83	2,19
26,86	2,21
26,88	2,25
26,91	2,25
26,93	2,29
26,95	2,29
26,98	2,30
27,00	2,31
27,03	2,35
27,05	2,34
27,08	2,40
27,10	2,38
27,13	2,42
27,15	2,41
27,17	2,45
27,20	2,46
27,22	2,49
27,25	2,45
27,27	2,50
27,30	2,48
27,32	2,52
27,35	2,50
27,37	2,51
27,39	2,49
27,42	2,53
27,44	2,51
27,47	2,57
27,49	2,54
27,52	2,58
27,54	2,59
27,57	2,62
27,59	2,62
27,61	2,65
27,64	2,61
27,66	2,65
27,69	2,62
27,71	2,63
27,74	2,60
27,76	2,60
27,78	2,57
27,81	2,61
27,83	2,59
27,86	2,62
27,88	2,60
27,91	2,61
27,93	2,62
27,96	2,65
27,98	2,61
28,00	2,64
28,03	2,60
28,05	2,61
28,08	2,61
28,10	2,60
28,13	2,58
28,15	2,59
28,18	2,56
28,20	2,58
28,22	2,55
28,25	2,53
28,27	2,54
28,30	2,55
28,32	2,55
28,35	2,54
28,37	2,52
28,40	2,53
28,42	2,55
28,44	2,50
28,47	2,50
28,49	2,46
28,52	2,45
28,54	2,46
28,57	2,46
28,59	2,44
28,62	2,45
28,64	2,42
28,66	2,46
28,69	2,44
28,71	2,44
28,74	2,42
28,76	2,41
28,79	2,38
28,81	2,39
28,84	2,33
28,86	2,34
28,88	2,30
28,91	2,30
28,93	2,28
28,96	2,29
28,98	2,25
29,01	2,30
29,03	2,26
29,05	2,29
29,08	2,24
29,10	2,25
29,13	2,20
29,15	2,22
29,18	2,15
29,20	2,18
29,23	2,12
29,25	2,15
29,27	2,13
29,30	2,15
29,32	2,12
29,35	2,14
29,37	2,09
29,40	2,14
29,42	2,10
29,45	2,09
29,47	2,04
29,49	2,03
29,52	1,99
29,54	2,01
29,57	1,98
29,59	1,99
29,62	1,96
29,64	1,97
29,67	1,98
29,69	2,00
29,71	1,98
29,74	1,99
29,76	1,97
29,79	2,01
29,81	2,01
29,84	2,04
29,86	2,03
29,89	2,04
29,91	2,03
29,93	2,04
29,96	2,02
29,98	2,01
30,01	2,00
30,03	1,99
30,06	1,97
30,08	1,96
30,10	1,97
30,13	1,99
30,15	2,02
30,18	2,01
30,20	2,04
30,23	2,02
30,25	2,04
30,28	2,03
30,30	2,02
30,32	2,01
30,35	2,03
30,37	2,01
30,40	2,06
30,42	2,05
30,45	2,08
30,47	2,10
30,50	2,13
30,52	2,13
30,54	2,18
30,57	2,16
30,59	2,21
30,62	2,20
30,64	2,21
30,67	2,19
30,69	2,22
30,72	2,20
30,74	2,24
30,76	2,23
30,79	2,27
30,81	2,26
30,84	2,31
30,86	2,33
30,89	2,37
30,91	2,36
30,94	2,40
30,96	2,38
30,98	2,43
31,01	2,42
31,03	2,44
31,06	2,44
31,08	2,48
31,11	2,47
31,13	2,54
31,15	2,53
31,18	2,60
31,20	2,63
31,23	2,67
31,25	2,72
31,28	2,75
31,30	2,75
31,33	2,80
31,35	2,79
31,37	2,80
31,40	2,81
31,42	2,82
31,45	2,84
31,47	2,87
31,50	2,89
31,52	2,91
31,55	2,93
31,57	2,95
31,59	3,01
31,62	3,03
31,64	3,05
31,67	3,06
31,69	3,10
31,72	3,11
31,74	3,14
31,77	3,11
31,79	3,16
31,81	3,17
31,84	3,20
31,86	3,23
31,89	3,25
31,91	3,25
31,94	3,31
31,96	3,32
31,99	3,36
32,01	3,35
32,03	3,37
32,06	3,38
32,08	3,42
32,11	3,40
32,13	3,44
32,16	3,41
32,18	3,44
32,20	3,44
32,23	3,48
32,25	3,47
32,28	3,51
32,30	3,48
32,33	3,56
32,35	3,54
32,38	3,58
32,40	3,55
32,42	3,56
32,45	3,52
32,47	3,56
32,50	3,52
32,52	3,57
32,55	3,53
32,57	3,56
32,60	3,56
32,62	3,59
32,64	3,57
32,67	3,60
32,69	3,55
32,72	3,59
32,74	3,56
32,77	3,59
32,79	3,57
32,82	3,57
32,84	3,54
32,86	3,58
32,89	3,51
32,91	3,52
32,94	3,49
32,96	3,48
32,99	3,44
33,01	3,44
33,04	3,37
33,06	3,44
33,08	3,39
33,11	3,37
33,13	3,36
33,16	3,33
33,18	3,30
33,21	3,30
33,23	3,25
33,26	3,24
33,28	3,20
33,30	3,18
33,33	3,19
33,35	3,20
33,38	3,17
33,40	3,15
33,43	3,13
33,45	3,11
33,47	3,10
33,50	3,07
33,52	3,04
33,55	3,01
33,57	2,99
33,60	2,98
33,62	2,95
33,65	2,92
33,67	2,92
33,69	2,88
33,72	2,88
33,74	2,84
33,77	2,83
33,79	2,84
33,82	2,85
33,84	2,82
33,87	2,82
33,89	2,76
33,91	2,77
33,94	2,74
33,96	2,71
33,99	2,66
34,01	2,64
34,04	2,60
34,06	2,65
34,09	2,60
34,11	2,61
34,13	2,57
34,16	2,59
34,18	2,57
34,21	2,58
34,23	2,52
34,26	2,54
34,28	2,50
34,31	2,52
34,33	2,49
34,35	2,50
34,38	2,46
34,40	2,48
34,43	2,44
34,45	2,48
34,48	2,43
34,50	2,43
34,52	2,43
34,55	2,43
34,57	2,41
34,60	2,45
34,62	2,38
34,65	2,44
34,67	2,43
34,70	2,44
34,72	2,44
34,74	2,44
34,77	2,42
34,79	2,47
34,82	2,44
34,84	2,45
34,87	2,46
34,89	2,50
34,92	2,51
34,94	2,52
34,96	2,48
34,99	2,49
35,01	2,49
35,04	2,50
35,06	2,50
35,09	2,48
35,11	2,49
35,14	2,52
35,16	2,53
35,18	2,55
35,21	2,57
35,23	2,56
35,26	2,60
35,28	2,60
35,31	2,65
35,33	2,67
35,36	2,69
35,38	2,68
35,40	2,69
35,43	2,69
35,45	2,74
35,48	2,72
35,50	2,75
35,53	2,77
35,55	2,82
35,57	2,83
35,60	2,91
35,62	2,91
35,65	2,98
35,67	2,98
35,70	3,02
35,72	3,03
35,75	3,08
35,77	3,08
35,79	3,16
35,82	3,15
35,84	3,21
35,87	3,21
35,89	3,25
35,92	3,25
35,94	3,31
35,97	3,27
35,99	3,35
36,01	3,35
36,04	3,40
36,06	3,41
36,09	3,48
36,11	3,49
36,14	3,57
36,16	3,56
36,19	3,62
36,21	3,62
36,23	3,69
36,26	3,70
36,28	3,76
36,31	3,76
36,33	3,82
36,36	3,84
36,38	3,91
36,41	3,91
36,43	3,96
36,45	3,98
36,48	4,04
36,50	4,05
36,53	4,11
36,55	4,14
36,58	4,19
36,60	4,21
36,62	4,22
36,65	4,23
36,67	4,26
36,70	4,27
36,72	4,30
36,75	4,31
36,77	4,33
36,80	4,36
36,82	4,39
36,84	4,42
36,87	4,43
36,89	4,46
36,92	4,47
36,94	4,48
36,97	4,49
36,99	4,54
37,02	4,54
37,04	4,57
37,06	4,58
37,09	4,59
37,11	4,62
37,14	4,65
37,16	4,63
37,19	4,66
37,21	4,64
37,24	4,66
37,26	4,67
37,28	4,69
37,31	4,67
37,33	4,70
37,36	4,66
37,38	4,69
37,41	4,67
37,43	4,69
37,46	4,66
37,48	4,66
37,50	4,60
37,53	4,63
37,55	4,59
37,58	4,60
37,60	4,55
37,63	4,57
37,65	4,55
37,68	4,56
37,70	4,51
37,72	4,54
37,75	4,48
37,77	4,48
37,80	4,43
37,82	4,42
37,85	4,37
37,87	4,37
37,89	4,30
37,92	4,29
37,94	4,27
37,97	4,28
37,99	4,25
38,02	4,26
38,04	4,21
38,07	4,21
38,09	4,17
38,11	4,15
38,14	4,07
38,16	4,05
38,19	3,99
38,21	3,96
38,24	3,90
38,26	3,90
38,29	3,83
38,31	3,81
38,33	3,78
38,36	3,76
38,38	3,74
38,41	3,70
38,43	3,67
38,46	3,67
38,48	3,66
38,51	3,62
38,53	3,61
38,55	3,59
38,58	3,58
38,60	3,54
38,63	3,49
38,65	3,45
38,68	3,42
38,70	3,39
38,73	3,38
38,75	3,32
38,77	3,32
38,80	3,30
38,82	3,29
38,85	3,27
38,87	3,26
38,90	3,19
38,92	3,19
38,94	3,12
38,97	3,13
38,99	3,09
39,02	3,09
39,04	3,05
39,07	3,06
39,09	3,04
39,12	3,07
39,14	3,02
39,16	3,03
39,19	2,99
39,21	3,01
39,24	2,96
39,26	2,98
39,29	2,94
39,31	2,98
39,34	2,94
39,36	2,97
39,38	2,94
39,41	2,97
39,43	2,94
39,46	2,98
39,48	2,94
39,51	2,97
39,53	2,94
39,56	2,97
39,58	2,97
39,60	2,99
39,63	2,97
39,65	3,02
39,68	3,02
39,70	3,07
39,73	3,06
39,75	3,07
39,78	3,08
39,80	3,09
39,82	3,08
39,85	3,09
39,87	3,08
39,90	3,08
39,92	3,11
39,95	3,12
39,97	3,14
39,99	3,17
40,02	3,16
40,04	3,18
40,07	3,23
40,09	3,26
40,12	3,31
40,14	3,29
40,17	3,30
40,19	3,36
40,21	3,41
40,24	3,43
40,26	3,43
40,29	3,44
40,31	3,52
40,34	3,55
40,36	3,58
40,39	3,59
40,41	3,61
40,43	3,62
40,46	3,67
40,48	3,66
40,51	3,71
40,53	3,73
40,56	3,78
40,58	3,82
40,61	3,88
40,63	3,90
40,65	4,00
40,68	4,02
40,70	4,08
40,73	4,10
40,75	4,16
40,78	4,17
40,80	4,24
40,83	4,22
40,85	4,29
40,87	4,29
40,90	4,35
40,92	4,40
40,95	4,46
40,97	4,48
41,00	4,56
41,02	4,57
41,05	4,67
41,07	4,70
41,09	4,75
41,12	4,77
41,14	4,84
41,17	4,84
41,19	4,92
41,22	4,91
41,24	4,97
41,26	4,98
41,29	5,02
41,31	5,03
41,34	5,11
41,36	5,10
41,39	5,19
41,41	5,21
41,44	5,28
41,46	5,33
41,48	5,38
41,51	5,40
41,53	5,47
41,56	5,44
41,58	5,48
41,61	5,50
41,63	5,55
41,66	5,60
41,68	5,62
41,70	5,63
41,73	5,67
41,75	5,69
41,78	5,72
41,80	5,75
41,83	5,74
41,85	5,76
41,88	5,78
41,90	5,81
41,92	5,82
41,95	5,83
41,97	5,81
42,00	5,83
42,02	5,83
42,05	5,87
42,07	5,87
42,10	5,91
42,12	5,90
42,14	5,91
42,17	5,91
42,19	5,93
42,22	5,89
42,24	5,91
42,27	5,87
42,29	5,87
42,31	5,85
42,34	5,85
42,36	5,81
42,39	5,86
42,41	5,79
42,44	5,80
42,46	5,75
42,49	5,77
42,51	5,74
42,53	5,74
42,56	5,65
42,58	5,68
42,61	5,62
42,63	5,63
42,66	5,57
42,68	5,55
42,71	5,49
42,73	5,49
42,75	5,41
42,78	5,41
42,80	5,34
42,83	5,32
42,85	5,30
42,88	5,30
42,90	5,23
42,93	5,22
42,95	5,14
42,97	5,12
43,00	5,05
43,02	5,01
43,05	4,93
43,07	4,90
43,10	4,84
43,12	4,83
43,15	4,76
43,17	4,75
43,19	4,68
43,22	4,65
43,24	4,62
43,27	4,59
43,29	4,55
43,32	4,56
43,34	4,48
43,36	4,46
43,39	4,41
43,41	4,35
43,44	4,31
43,46	4,28
43,49	4,21
43,51	4,20
43,54	4,17
43,56	4,16
43,58	4,17
43,61	4,11
43,63	4,07
43,66	4,05
43,68	4,01
43,71	3,97
43,73	3,94
43,76	3,89
43,78	3,90
43,80	3,84
43,83	3,82
43,85	3,78
43,88	3,78
43,90	3,74
43,93	3,73
43,95	3,67
43,98	3,72
44,00	3,67
44,02	3,70
44,05	3,66
44,07	3,65
44,10	3,61
44,12	3,65
44,15	3,59
44,17	3,61
44,20	3,56
44,22	3,57
44,24	3,57
44,27	3,60
44,29	3,55
44,32	3,61
44,34	3,59
44,37	3,63
44,39	3,61
44,41	3,63
44,44	3,61
44,46	3,66
44,49	3,60
44,51	3,63
44,54	3,62
44,56	3,65
44,59	3,66
44,61	3,70
44,63	3,69
44,66	3,76
44,68	3,75
44,71	3,82
44,73	3,82
44,76	3,85
44,78	3,84
44,81	3,88
44,83	3,89
44,85	3,92
44,88	3,94
44,90	3,98
44,93	3,99
44,95	4,03
44,98	4,06
45,00	4,08
45,03	4,11
45,05	4,14
45,07	4,15
45,10	4,18
45,12	4,22
45,15	4,24
45,17	4,30
45,20	4,32
45,22	4,33
45,25	4,38
45,27	4,42
45,29	4,47
45,32	4,54
45,34	4,56
45,37	4,63
45,39	4,66
45,42	4,71
45,44	4,78
45,47	4,83
45,49	4,83
45,51	4,91
45,54	4,92
45,56	5,00
45,59	5,05
45,61	5,10
45,64	5,13
45,66	5,20
45,68	5,22
45,71	5,32
45,73	5,34
45,76	5,40
45,78	5,44
45,81	5,51
45,83	5,55
45,86	5,64
45,88	5,65
45,90	5,74
45,93	5,77
45,95	5,84
45,98	5,88
46,00	5,95
46,03	5,96
46,05	6,05
46,08	6,07
46,10	6,15
46,12	6,15
46,15	6,22
46,17	6,28
46,20	6,36
46,22	6,38
46,25	6,46
46,27	6,45
46,30	6,54
46,32	6,55
46,34	6,59
46,37	6,62
46,39	6,67
46,42	6,69
46,44	6,78
46,47	6,80
46,49	6,83
46,52	6,89
46,54	6,92
46,56	6,95
46,59	6,97
46,61	6,98
46,64	7,02
46,66	7,07
46,69	7,09
46,71	7,13
46,73	7,12
46,76	7,14
46,78	7,16
46,81	7,17
46,83	7,19
46,86	7,21
46,88	7,19
46,91	7,26
46,93	7,28
46,95	7,30
46,98	7,31
47,00	7,31
47,03	7,29
47,05	7,32
47,08	7,28
47,10	7,31
47,13	7,27
47,15	7,28
47,17	7,26
47,20	7,26
47,22	7,21
47,25	7,23
47,27	7,18
47,30	7,20
47,32	7,14
47,35	7,13
47,37	7,08
47,39	7,10
47,42	7,03
47,44	7,05
47,47	6,96
47,49	6,95
47,52	6,91
47,54	6,91
47,57	6,84
47,59	6,83
47,61	6,74
47,64	6,78
47,66	6,71
47,69	6,69
47,71	6,60
47,74	6,57
47,76	6,49
47,78	6,48
47,81	6,39
47,83	6,36
47,86	6,27
47,88	6,24
47,91	6,17
47,93	6,16
47,96	6,06
47,98	6,04
48,00	5,96
48,03	5,97
48,05	5,92
48,08	5,88
48,10	5,80
48,13	5,77
48,15	5,70
48,18	5,68
48,20	5,58
48,22	5,53
48,25	5,50
48,27	5,44
48,30	5,41
48,32	5,36
48,35	5,31
48,37	5,31
48,40	5,27
48,42	5,21
48,44	5,19
48,47	5,14
48,49	5,10
48,52	5,07
48,54	5,02
48,57	4,98
48,59	4,93
48,62	4,89
48,64	4,88
48,66	4,84
48,69	4,80
48,71	4,75
48,74	4,74
48,76	4,71
48,79	4,69
48,81	4,64
48,84	4,66
48,86	4,64
48,88	4,63
48,91	4,59
48,93	4,60
48,96	4,57
48,98	4,56
49,01	4,49
49,03	4,50
49,05	4,47
49,08	4,47
49,10	4,45
49,13	4,47
49,15	4,46
49,18	4,49
49,20	4,46
49,23	4,51
49,25	4,50
49,27	4,51
49,30	4,50
49,32	4,51
49,35	4,49
49,37	4,53
49,40	4,50
49,42	4,55
49,45	4,52
49,47	4,56
49,49	4,56
49,52	4,60
49,54	4,60
49,57	4,68
49,59	4,67
49,62	4,72
49,64	4,72
49,67	4,78
49,69	4,78
49,71	4,84
49,74	4,81
49,76	4,89
49,79	4,88
49,81	4,94
49,84	4,97
49,86	5,01
49,89	5,01
49,91	5,08
49,93	5,07
49,96	5,18
49,98	5,18
50,01	5,25
50,03	5,28
50,06	5,33
50,08	5,35
50,10	5,42
50,13	5,43
50,15	5,52
50,18	5,53
50,20	5,59
50,23	5,65
50,25	5,72
50,28	5,77
50,30	5,85
50,32	5,89
50,35	5,96
50,37	6,02
50,40	6,07
50,42	6,11
50,45	6,16
50,47	6,21
50,50	6,25
50,52	6,31
50,54	6,35
50,57	6,43
50,59	6,48
50,62	6,55
50,64	6,58
50,67	6,66
50,69	6,74
50,72	6,83
50,74	6,87
50,76	6,97
50,79	7,00
50,81	7,09
50,84	7,13
50,86	7,20
50,89	7,23
50,91	7,30
50,94	7,33
50,96	7,44
50,98	7,47
51,01	7,55
51,03	7,59
51,06	7,68
51,08	7,73
51,11	7,82
51,13	7,85
51,15	7,94
51,18	7,98
51,20	8,04
51,23	8,08
51,25	8,15
51,28	8,16
51,30	8,23
51,33	8,25
51,35	8,33
51,37	8,36
51,40	8,41
51,42	8,46
51,45	8,53
51,47	8,54
51,50	8,61
51,52	8,60
51,55	8,66
51,57	8,68
51,59	8,72
51,62	8,73
51,64	8,77
51,67	8,76
51,69	8,80
51,72	8,80
51,74	8,80
51,77	8,79
51,79	8,83
51,81	8,83
51,84	8,85
51,86	8,83
51,89	8,82
51,91	8,83
51,94	8,85
51,96	8,84
51,99	8,83
52,01	8,81
52,03	8,84
52,06	8,85
52,08	8,83
52,11	8,81
52,13	8,77
52,16	8,77
52,18	8,75
52,20	8,72
52,23	8,68
52,25	8,66
52,28	8,62
52,30	8,60
52,33	8,56
52,35	8,56
52,38	8,50
52,40	8,49
52,42	8,46
52,45	8,42
52,47	8,37
52,50	8,35
52,52	8,27
52,55	8,26
52,57	8,18
52,60	8,14
52,62	8,08
52,64	8,07
52,67	8,01
52,69	8,00
52,72	7,90
52,74	7,88
52,77	7,80
52,79	7,79
52,82	7,70
52,84	7,67
52,86	7,57
52,89	7,59
52,91	7,50
52,94	7,48
52,96	7,38
52,99	7,33
53,01	7,24
53,04	7,22
53,06	7,11
53,08	7,09
53,11	6,99
53,13	6,97
53,16	6,91
53,18	6,88
53,21	6,78
53,23	6,75
53,26	6,66
53,28	6,64
53,30	6,59
53,33	6,57
53,35	6,49
53,38	6,50
53,40	6,45
53,43	6,43
53,45	6,35
53,47	6,32
53,50	6,26
53,52	6,25
53,55	6,16
53,57	6,12
53,60	6,08
53,62	6,11
53,65	6,05
53,67	6,01
53,69	5,99
53,72	5,95
53,74	5,95
53,77	5,92
53,79	5,87
53,82	5,84
53,84	5,80
53,87	5,75
53,89	5,79
53,91	5,75
53,94	5,74
53,96	5,71
53,99	5,72
54,01	5,71
54,04	5,73
54,06	5,70
54,09	5,72
54,11	5,70
54,13	5,73
54,16	5,72
54,18	5,74
54,21	5,72
54,23	5,74
54,26	5,72
54,28	5,75
54,31	5,74
54,33	5,77
54,35	5,80
54,38	5,85
54,40	5,84
54,43	5,90
54,45	5,88
54,48	5,94
54,50	5,93
54,52	5,96
54,55	5,96
54,57	6,00
54,60	6,00
54,62	6,07
54,65	6,07
54,67	6,14
54,70	6,16
54,72	6,21
54,74	6,24
54,77	6,33
54,79	6,34
54,82	6,42
54,84	6,43
54,87	6,50
54,89	6,57
54,92	6,62
54,94	6,64
54,96	6,73
54,99	6,74
55,01	6,83
55,04	6,88
55,06	6,95
55,09	7,00
55,11	7,05
55,14	7,07
55,16	7,16
55,18	7,20
55,21	7,23
55,23	7,25
55,26	7,32
55,28	7,40
55,31	7,49
55,33	7,58
55,36	7,64
55,38	7,70
55,40	7,78
55,43	7,86
55,45	7,91
55,48	7,99
55,50	8,02
55,53	8,10
55,55	8,17
55,57	8,26
55,60	8,32
55,62	8,43
55,65	8,46
55,67	8,56
55,70	8,62
55,72	8,72
55,75	8,79
55,77	8,88
55,79	8,90
55,82	9,02
55,84	9,05
55,87	9,13
55,89	9,17
55,92	9,25
55,94	9,29
55,97	9,39
55,99	9,42
56,01	9,53
56,04	9,54
56,06	9,64
56,09	9,68
56,11	9,77
56,14	9,80
56,16	9,90
56,19	9,92
56,21	10,03
56,23	10,07
56,26	10,15
56,28	10,17
56,31	10,25
56,33	10,27
56,36	10,37
56,38	10,38
56,41	10,46
56,43	10,47
56,45	10,55
56,48	10,58
56,50	10,64
56,53	10,65
56,55	10,72
56,58	10,69
56,60	10,71
56,62	10,72
56,65	10,72
56,67	10,70
56,70	10,73
56,72	10,71
56,75	10,72
56,77	10,72
56,80	10,72
56,82	10,76
56,84	10,81
56,87	10,79
56,89	10,81
56,92	10,84
56,94	10,87
56,97	10,88
56,99	10,88
57,02	10,85
57,04	10,85
57,06	10,84
57,09	10,82
57,11	10,80
57,14	10,79
57,16	10,77
57,19	10,75
57,21	10,73
57,24	10,69
57,26	10,65
57,28	10,64
57,31	10,62
57,33	10,56
57,36	10,53
57,38	10,49
57,41	10,48
57,43	10,42
57,46	10,38
57,48	10,33
57,50	10,25
57,53	10,18
57,55	10,17
57,58	10,10
57,60	10,07
57,63	10,00
57,65	9,96
57,68	9,92
57,70	9,90
57,72	9,80
57,75	9,77
57,77	9,67
57,80	9,62
57,82	9,55
57,85	9,52
57,87	9,43
57,89	9,41
57,92	9,31
57,94	9,29
57,97	9,23
57,99	9,18
58,02	9,09
58,04	9,06
58,07	8,96
58,09	8,94
58,11	8,83
58,14	8,79
58,16	8,69
58,19	8,66
58,21	8,57
58,24	8,54
58,26	8,46
58,29	8,44
58,31	8,37
58,33	8,37
58,36	8,31
58,38	8,29
58,41	8,23
58,43	8,21
58,46	8,14
58,48	8,14
58,51	8,06
58,53	8,04
58,55	8,02
58,58	7,99
58,60	7,92
58,63	7,91
58,65	7,86
58,68	7,85
58,70	7,81
58,73	7,75
58,75	7,74
58,77	7,70
58,80	7,69
58,82	7,70
58,85	7,67
58,87	7,64
58,90	7,63
58,92	7,59
58,94	7,62
58,97	7,59
58,99	7,55
59,02	7,55
59,04	7,57
59,07	7,54
59,09	7,57
59,12	7,55
59,14	7,59
59,16	7,58
59,19	7,59
59,21	7,58
59,24	7,63
59,26	7,61
59,29	7,66
59,31	7,66
59,34	7,70
59,36	7,70
59,38	7,74
59,41	7,74
59,43	7,80
59,46	7,77
59,48	7,82
59,51	7,82
59,53	7,88
59,56	7,89
59,58	7,96
59,60	7,97
59,63	8,04
59,65	8,05
59,68	8,11
59,70	8,12
59,73	8,19
59,75	8,21
59,78	8,29
59,80	8,32
59,82	8,40
59,85	8,44
59,87	8,55
59,90	8,59
59,92	8,66
59,95	8,72
59,97	8,79
59,99	8,83
