U1/V	IA/nA
0,02	0,50
0,04	0,50
0,07	0,50
0,09	0,51
0,12	0,52
0,14	0,53
0,17	0,49
0,19	0,48
0,21	0,49
0,24	0,50
0,26	0,48
0,29	0,46
0,31	0,43
0,34	0,47
0,36	0,49
0,39	0,49
0,41	0,48
0,43	0,49
0,46	0,52
0,48	0,51
0,51	0,49
0,53	0,48
0,56	0,48
0,58	0,46
0,61	0,47
0,63	0,44
0,65	0,47
0,68	0,44
0,70	0,46
0,73	0,45
0,75	0,47
0,78	0,44
0,80	0,49
0,83	0,47
0,85	0,51
0,87	0,48
0,90	0,50
0,92	0,48
0,95	0,51
0,97	0,47
1,00	0,51
1,02	0,47
1,05	0,48
1,07	0,47
1,09	0,50
1,12	0,47
1,14	0,49
1,17	0,45
1,19	0,51
1,22	0,47
1,24	0,49
1,26	0,47
1,29	0,47
1,31	0,45
1,34	0,48
1,36	0,44
1,39	0,47
1,41	0,44
1,44	0,45
1,46	0,45
1,48	0,48
1,51	0,45
1,53	0,51
1,56	0,48
1,58	0,53
1,61	0,53
1,63	0,55
1,66	0,51
1,68	0,54
1,70	0,47
1,73	0,52
1,75	0,46
1,78	0,47
1,80	0,44
1,83	0,48
1,85	0,45
1,88	0,46
1,90	0,45
1,92	0,53
1,95	0,50
1,97	0,52
2,00	0,50
2,02	0,50
2,05	0,51
2,07	0,53
2,10	0,49
2,12	0,51
2,14	0,47
2,17	0,46
2,19	0,48
2,22	0,47
2,24	0,45
2,27	0,47
2,29	0,46
2,31	0,47
2,34	0,48
2,36	0,47
2,39	0,49
2,41	0,47
2,44	0,46
2,46	0,44
2,49	0,46
2,51	0,44
2,53	0,48
2,56	0,45
2,58	0,48
2,61	0,46
2,63	0,49
2,66	0,49
2,68	0,52
2,71	0,48
2,73	0,51
2,75	0,46
2,78	0,49
2,80	0,46
2,83	0,47
2,85	0,44
2,88	0,47
2,90	0,43
2,93	0,49
2,95	0,46
2,97	0,49
3,00	0,49
3,02	0,52
3,05	0,50
3,07	0,54
3,10	0,48
3,12	0,51
3,15	0,48
3,17	0,49
3,19	0,46
3,22	0,47
3,24	0,44
3,27	0,48
3,29	0,45
3,32	0,49
3,34	0,48
3,36	0,48
3,39	0,49
3,41	0,49
3,44	0,48
3,46	0,51
3,49	0,48
3,51	0,50
3,54	0,48
3,56	0,47
3,58	0,47
3,61	0,46
3,63	0,44
3,66	0,48
3,68	0,44
3,71	0,47
3,73	0,48
3,76	0,52
3,78	0,52
3,80	0,51
3,83	0,47
3,85	0,48
3,88	0,47
3,90	0,46
3,93	0,46
3,95	0,45
3,98	0,44
4,00	0,45
4,02	0,45
4,05	0,43
4,07	0,44
4,10	0,40
4,12	0,45
4,15	0,45
4,17	0,47
4,20	0,47
4,22	0,48
4,24	0,47
4,27	0,48
4,29	0,44
4,32	0,47
4,34	0,43
4,37	0,44
4,39	0,43
4,42	0,45
4,44	0,43
4,46	0,46
4,49	0,43
4,51	0,48
4,54	0,46
4,56	0,49
4,59	0,47
4,61	0,49
4,63	0,46
4,66	0,49
4,68	0,45
4,71	0,47
4,73	0,46
4,76	0,48
4,78	0,46
4,81	0,49
4,83	0,45
4,85	0,51
4,88	0,49
4,90	0,51
4,93	0,48
4,95	0,49
4,98	0,45
5,00	0,49
5,03	0,43
5,05	0,47
5,07	0,43
5,10	0,45
5,12	0,44
5,15	0,48
5,17	0,47
5,20	0,50
5,22	0,48
5,25	0,51
5,27	0,48
5,29	0,50
5,32	0,49
5,34	0,47
5,37	0,45
5,39	0,45
5,42	0,44
5,44	0,48
5,47	0,49
5,49	0,51
5,51	0,49
5,54	0,49
5,56	0,49
5,59	0,52
5,61	0,49
5,64	0,46
5,66	0,43
5,68	0,44
5,71	0,45
5,73	0,45
5,76	0,42
5,78	0,43
5,81	0,42
5,83	0,43
5,86	0,47
5,88	0,46
5,90	0,46
5,93	0,46
5,95	0,46
5,98	0,47
6,00	0,49
6,03	0,46
6,05	0,47
6,08	0,46
6,10	0,47
6,12	0,47
6,15	0,46
6,17	0,43
6,20	0,45
6,22	0,43
6,25	0,45
6,27	0,43
6,30	0,45
6,32	0,48
6,34	0,50
6,37	0,48
6,39	0,50
6,42	0,48
6,44	0,51
6,47	0,49
6,49	0,48
6,52	0,45
6,54	0,47
6,56	0,45
6,59	0,48
6,61	0,45
6,64	0,47
6,66	0,46
6,69	0,49
6,71	0,48
6,73	0,50
6,76	0,46
6,78	0,47
6,81	0,46
6,83	0,47
6,86	0,46
6,88	0,48
6,91	0,46
6,93	0,47
6,95	0,47
6,98	0,50
7,00	0,47
7,03	0,47
7,05	0,47
7,08	0,48
7,10	0,49
7,13	0,51
7,15	0,49
7,17	0,52
7,20	0,50
7,22	0,49
7,25	0,49
7,27	0,50
7,30	0,47
7,32	0,49
7,35	0,47
7,37	0,48
7,39	0,49
7,42	0,47
7,44	0,47
7,47	0,48
7,49	0,47
7,52	0,47
7,54	0,50
7,57	0,50
7,59	0,54
7,61	0,51
7,64	0,50
7,66	0,50
7,69	0,50
7,71	0,48
7,74	0,49
7,76	0,46
7,78	0,49
7,81	0,48
7,83	0,50
7,86	0,50
7,88	0,50
7,91	0,48
7,93	0,48
7,96	0,46
7,98	0,49
8,00	0,45
8,03	0,47
8,05	0,47
8,08	0,48
8,10	0,47
8,13	0,50
8,15	0,47
8,18	0,51
8,20	0,48
8,22	0,49
8,25	0,47
8,27	0,49
8,30	0,46
8,32	0,51
8,35	0,47
8,37	0,50
8,40	0,48
8,42	0,52
8,44	0,50
8,47	0,52
8,49	0,48
8,52	0,53
8,54	0,49
8,57	0,50
8,59	0,48
8,62	0,50
8,64	0,49
8,66	0,51
8,69	0,50
8,71	0,53
8,74	0,50
8,76	0,49
8,79	0,52
8,81	0,53
8,84	0,51
8,86	0,51
8,88	0,51
8,91	0,54
8,93	0,54
8,96	0,53
8,98	0,52
9,01	0,51
9,03	0,50
9,05	0,51
9,08	0,53
9,10	0,53
9,13	0,51
9,15	0,51
9,18	0,54
9,20	0,56
9,23	0,55
9,25	0,54
9,27	0,55
9,30	0,55
9,32	0,56
9,35	0,53
9,37	0,54
9,40	0,54
9,42	0,56
9,45	0,55
9,47	0,54
9,49	0,53
9,52	0,55
9,54	0,54
9,57	0,55
9,59	0,54
9,62	0,54
9,64	0,56
9,67	0,59
9,69	0,55
9,71	0,57
9,74	0,55
9,76	0,56
9,79	0,56
9,81	0,58
9,84	0,56
9,86	0,59
9,89	0,56
9,91	0,59
9,93	0,57
9,96	0,58
9,98	0,57
10,01	0,58
10,03	0,56
10,06	0,58
10,08	0,56
10,10	0,59
10,13	0,56
10,15	0,58
10,18	0,58
10,20	0,58
10,23	0,56
10,25	0,60
10,28	0,57
10,30	0,60
10,32	0,59
10,35	0,60
10,37	0,62
10,40	0,64
10,42	0,62
10,45	0,65
10,47	0,63
10,50	0,64
10,52	0,63
10,54	0,63
10,57	0,61
10,59	0,60
10,62	0,57
10,64	0,60
10,67	0,58
10,69	0,59
10,72	0,57
10,74	0,59
10,76	0,61
10,79	0,63
10,81	0,61
10,84	0,63
10,86	0,61
10,89	0,61
10,91	0,60
10,94	0,57
10,96	0,55
10,98	0,56
11,01	0,54
11,03	0,56
11,06	0,58
11,08	0,57
11,11	0,61
11,13	0,61
11,15	0,61
11,18	0,62
11,20	0,62
11,23	0,60
11,25	0,64
11,28	0,63
11,30	0,66
11,33	0,64
11,35	0,66
11,37	0,68
11,40	0,70
11,42	0,66
11,45	0,68
11,47	0,64
11,50	0,66
11,52	0,64
11,55	0,64
11,57	0,62
11,59	0,64
11,62	0,63
11,64	0,68
11,67	0,66
11,69	0,67
11,72	0,67
11,74	0,69
11,77	0,68
11,79	0,71
11,81	0,67
11,84	0,69
11,86	0,67
11,89	0,67
11,91	0,66
11,94	0,67
11,96	0,64
11,99	0,68
12,01	0,66
12,03	0,69
12,06	0,68
12,08	0,69
12,11	0,69
12,13	0,70
12,16	0,67
12,18	0,70
12,21	0,69
12,23	0,69
12,25	0,68
12,28	0,66
12,30	0,67
12,33	0,66
12,35	0,64
12,38	0,65
12,40	0,66
12,42	0,67
12,45	0,73
12,47	0,75
12,50	0,76
12,52	0,77
12,55	0,75
12,57	0,76
12,60	0,76
12,62	0,72
12,64	0,72
12,67	0,72
12,69	0,71
12,72	0,75
12,74	0,74
12,77	0,73
12,79	0,74
12,82	0,72
12,84	0,76
12,86	0,77
12,89	0,78
12,91	0,78
12,94	0,79
12,96	0,77
12,99	0,78
13,01	0,75
13,04	0,76
13,06	0,73
13,08	0,73
13,11	0,73
13,13	0,74
13,16	0,75
13,18	0,79
13,21	0,79
13,23	0,82
13,26	0,81
13,28	0,81
13,30	0,79
13,33	0,82
13,35	0,78
13,38	0,80
13,40	0,77
13,43	0,80
13,45	0,81
13,47	0,85
13,50	0,82
13,52	0,85
13,55	0,83
13,57	0,88
13,60	0,86
13,62	0,86
13,65	0,84
13,67	0,85
13,69	0,83
13,72	0,86
13,74	0,82
13,77	0,85
13,79	0,82
13,82	0,83
13,84	0,84
13,87	0,84
13,89	0,81
13,91	0,85
13,94	0,84
13,96	0,86
13,99	0,85
14,01	0,87
14,04	0,88
14,06	0,92
14,09	0,87
14,11	0,89
14,13	0,88
14,16	0,88
14,18	0,88
14,21	0,88
14,23	0,85
14,26	0,88
14,28	0,88
14,31	0,92
14,33	0,93
14,35	0,93
14,38	0,91
14,40	0,90
14,43	0,88
14,45	0,87
14,48	0,84
14,50	0,83
14,52	0,83
14,55	0,85
14,57	0,88
14,60	0,87
14,62	0,87
14,65	0,90
14,67	0,89
14,70	0,88
14,72	0,89
14,74	0,89
14,77	0,91
14,79	0,91
14,82	0,88
14,84	0,89
14,87	0,89
14,89	0,88
14,92	0,90
14,94	0,88
14,96	0,89
14,99	0,89
15,01	0,90
15,04	0,91
15,06	0,92
15,09	0,88
15,11	0,90
15,14	0,86
15,16	0,88
15,18	0,87
15,21	0,88
15,23	0,87
15,26	0,89
15,28	0,88
15,31	0,93
15,33	0,90
15,36	0,92
15,38	0,92
15,40	0,94
15,43	0,93
15,45	0,95
15,48	0,93
15,50	0,95
15,53	0,93
15,55	0,93
15,57	0,92
15,60	0,93
15,62	0,90
15,65	0,91
15,67	0,89
15,70	0,91
15,72	0,90
15,75	0,89
15,77	0,91
15,79	0,93
15,82	0,90
15,84	0,92
15,87	0,89
15,89	0,90
15,92	0,91
15,94	0,90
15,97	0,91
15,99	0,95
16,01	0,93
16,04	0,95
16,06	0,92
16,09	0,92
16,11	0,93
16,14	0,91
16,16	0,90
16,19	0,91
16,21	0,91
16,23	0,92
16,26	0,94
16,28	0,91
16,31	0,93
16,33	0,92
16,36	0,93
16,38	0,94
16,41	0,95
16,43	0,97
16,45	0,99
16,48	0,98
16,50	1,01
16,53	0,99
16,55	0,99
16,58	0,99
16,60	0,97
16,63	0,95
16,65	0,95
16,67	0,93
16,70	0,95
16,72	0,94
16,75	0,95
16,77	0,96
16,80	0,98
16,82	0,97
16,84	1,01
16,87	1,00
16,89	1,02
16,92	1,01
16,94	1,02
16,97	1,00
16,99	1,03
17,02	1,00
17,04	1,03
17,06	1,00
17,09	1,02
17,11	1,02
17,14	1,05
17,16	1,03
17,19	1,05
17,21	1,04
17,24	1,10
17,26	1,09
17,28	1,11
17,31	1,10
17,33	1,11
17,36	1,08
17,38	1,10
17,41	1,06
17,43	1,08
17,46	1,05
17,48	1,04
17,50	1,03
17,53	1,07
17,55	1,06
17,58	1,09
17,60	1,07
17,63	1,09
17,65	1,09
17,68	1,11
17,70	1,09
17,72	1,10
17,75	1,06
17,77	1,10
17,80	1,11
17,82	1,13
17,85	1,11
17,87	1,15
17,89	1,16
17,92	1,18
17,94	1,17
17,97	1,21
17,99	1,21
18,02	1,22
18,04	1,20
18,07	1,15
18,09	1,17
18,11	1,16
18,14	1,13
18,16	1,13
18,19	1,13
18,21	1,15
18,24	1,20
18,26	1,19
18,29	1,20
18,31	1,20
18,33	1,21
18,36	1,21
18,38	1,22
18,41	1,20
18,43	1,22
18,46	1,20
18,48	1,22
18,51	1,21
18,53	1,22
18,55	1,22
18,58	1,23
18,60	1,21
18,63	1,25
18,65	1,23
18,68	1,25
18,70	1,27
18,73	1,30
18,75	1,28
18,77	1,30
18,80	1,25
18,82	1,29
18,85	1,26
18,87	1,26
18,90	1,23
18,92	1,24
18,94	1,23
18,97	1,27
18,99	1,24
19,02	1,26
19,04	1,24
19,07	1,25
19,09	1,25
19,12	1,27
19,14	1,24
19,16	1,26
19,19	1,24
19,21	1,27
19,24	1,26
19,26	1,28
19,29	1,25
19,31	1,26
19,34	1,24
19,36	1,27
19,38	1,25
19,41	1,24
19,43	1,25
19,46	1,27
19,48	1,28
19,51	1,28
19,53	1,27
19,56	1,29
19,58	1,30
19,60	1,29
19,63	1,29
19,65	1,26
19,68	1,26
19,70	1,26
19,73	1,23
19,75	1,22
19,78	1,22
19,80	1,20
19,82	1,24
19,85	1,23
19,87	1,21
19,90	1,23
19,92	1,23
19,95	1,24
19,97	1,27
19,99	1,23
20,02	1,22
20,04	1,23
20,07	1,24
20,09	1,24
20,12	1,24
20,14	1,21
20,17	1,25
20,19	1,24
20,21	1,25
20,24	1,24
20,26	1,23
20,29	1,21
20,31	1,23
20,34	1,20
20,36	1,23
20,39	1,20
20,41	1,22
20,43	1,21
20,46	1,22
20,48	1,19
20,51	1,22
20,53	1,20
20,56	1,23
20,58	1,20
20,61	1,22
20,63	1,21
20,65	1,25
20,68	1,22
20,70	1,26
20,73	1,22
20,75	1,25
20,78	1,23
20,80	1,25
20,83	1,22
20,85	1,24
20,87	1,20
20,90	1,25
20,92	1,24
20,95	1,26
20,97	1,23
21,00	1,26
21,02	1,25
21,05	1,28
21,07	1,26
21,09	1,25
21,12	1,22
21,14	1,23
21,17	1,23
21,19	1,24
21,22	1,22
21,24	1,24
21,26	1,24
21,29	1,27
21,31	1,29
21,34	1,29
21,36	1,28
21,39	1,30
21,41	1,30
21,44	1,34
21,46	1,34
21,48	1,34
21,51	1,37
21,53	1,38
21,56	1,40
21,58	1,39
21,61	1,39
21,63	1,41
21,66	1,42
21,68	1,41
21,70	1,40
21,73	1,39
21,75	1,41
21,78	1,42
21,80	1,41
21,83	1,40
21,85	1,39
21,88	1,41
21,90	1,44
21,92	1,43
21,95	1,45
21,97	1,46
22,00	1,49
22,02	1,51
22,05	1,54
22,07	1,51
22,10	1,54
22,12	1,52
22,14	1,53
22,17	1,53
22,19	1,55
22,22	1,55
22,24	1,59
22,27	1,58
22,29	1,63
22,31	1,62
22,34	1,63
22,36	1,62
22,39	1,63
22,41	1,61
22,44	1,64
22,46	1,61
22,49	1,65
22,51	1,63
22,53	1,66
22,56	1,65
22,58	1,66
22,61	1,64
22,63	1,69
22,66	1,68
22,68	1,70
22,71	1,69
22,73	1,73
22,75	1,73
22,78	1,77
22,80	1,72
22,83	1,76
22,85	1,74
22,88	1,76
22,90	1,77
22,93	1,82
22,95	1,80
22,97	1,80
23,00	1,76
23,02	1,80
23,05	1,80
23,07	1,80
23,10	1,79
23,12	1,79
23,15	1,80
23,17	1,84
23,19	1,83
23,22	1,83
23,24	1,79
23,27	1,77
23,29	1,76
23,32	1,77
23,34	1,76
23,36	1,77
23,39	1,77
23,41	1,78
23,44	1,80
23,46	1,80
23,49	1,82
23,51	1,79
23,54	1,78
23,56	1,78
23,58	1,78
23,61	1,78
23,63	1,81
23,66	1,79
23,68	1,80
23,71	1,79
23,73	1,79
23,76	1,80
23,78	1,80
23,80	1,76
23,83	1,77
23,85	1,76
23,88	1,77
23,90	1,75
23,93	1,76
23,95	1,74
23,98	1,76
24,00	1,73
24,02	1,75
24,05	1,70
24,07	1,72
24,10	1,70
24,12	1,73
24,15	1,71
24,17	1,74
24,20	1,70
24,22	1,74
24,24	1,70
24,27	1,71
24,29	1,69
24,32	1,69
24,34	1,65
24,37	1,70
24,39	1,68
24,42	1,70
24,44	1,69
24,46	1,69
24,49	1,69
24,51	1,70
24,54	1,65
24,56	1,67
24,59	1,64
24,61	1,66
24,63	1,64
24,66	1,61
24,68	1,60
24,71	1,62
24,73	1,58
24,76	1,61
24,78	1,57
24,81	1,58
24,83	1,59
24,85	1,61
24,88	1,61
24,90	1,63
24,93	1,58
24,95	1,59
24,98	1,60
25,00	1,58
25,03	1,58
25,05	1,56
25,07	1,56
25,10	1,59
25,12	1,60
25,15	1,59
25,17	1,62
25,20	1,60
25,22	1,63
25,25	1,62
25,27	1,61
25,29	1,62
25,32	1,62
25,34	1,60
25,37	1,61
25,39	1,59
25,42	1,60
25,44	1,58
25,47	1,57
25,49	1,56
25,51	1,57
25,54	1,56
25,56	1,59
25,59	1,57
25,61	1,59
25,64	1,59
25,66	1,61
25,68	1,60
25,71	1,63
25,73	1,60
25,76	1,63
25,78	1,61
25,81	1,63
25,83	1,64
25,86	1,67
25,88	1,65
25,90	1,69
25,93	1,66
25,95	1,72
25,98	1,72
26,00	1,73
26,03	1,72
26,05	1,73
26,08	1,71
26,10	1,76
26,12	1,73
26,15	1,76
26,17	1,74
26,20	1,78
26,22	1,79
26,25	1,82
26,27	1,80
26,30	1,86
26,32	1,85
26,34	1,87
26,37	1,85
26,39	1,87
26,42	1,85
26,44	1,88
26,47	1,85
26,49	1,90
26,52	1,90
26,54	1,94
26,56	1,96
26,59	1,99
26,61	2,01
26,64	2,03
26,66	2,01
26,69	2,07
26,71	2,07
26,73	2,07
26,76	2,10
26,78	2,11
26,81	2,12
26,83	2,16
26,86	2,15
26,88	2,18
26,91	2,18
26,93	2,18
26,95	2,22
26,98	2,22
27,00	2,24
27,03	2,26
27,05	2,29
27,08	2,30
27,10	2,32
27,13	2,31
27,15	2,35
27,17	2,34
27,20	2,34
27,22	2,33
27,25	2,36
27,27	2,36
27,30	2,41
27,32	2,40
27,35	2,44
27,37	2,43
27,39	2,46
27,42	2,48
27,44	2,51
27,47	2,48
27,49	2,51
27,52	2,48
27,54	2,51
27,57	2,50
27,59	2,51
27,61	2,49
27,64	2,50
27,66	2,47
27,69	2,52
27,71	2,50
27,74	2,54
27,76	2,54
27,78	2,56
27,81	2,56
27,83	2,60
27,86	2,58
27,88	2,61
27,91	2,58
27,93	2,59
27,96	2,57
27,98	2,59
28,00	2,55
28,03	2,58
28,05	2,54
28,08	2,56
28,10	2,55
28,13	2,56
28,15	2,55
28,18	2,54
28,20	2,50
28,22	2,52
28,25	2,49
28,27	2,47
28,30	2,45
28,32	2,46
28,35	2,46
28,37	2,48
28,40	2,44
28,42	2,46
28,44	2,44
28,47	2,46
28,49	2,46
28,52	2,48
28,54	2,47
28,57	2,48
28,59	2,46
28,62	2,47
28,64	2,45
28,66	2,41
28,69	2,40
28,71	2,37
28,74	2,37
28,76	2,34
28,79	2,32
28,81	2,31
28,84	2,30
28,86	2,26
28,88	2,30
28,91	2,27
28,93	2,27
28,96	2,25
28,98	2,24
29,01	2,23
29,03	2,22
29,05	2,18
29,08	2,18
29,10	2,16
29,13	2,17
29,15	2,15
29,18	2,13
29,20	2,10
29,23	2,14
29,25	2,12
29,27	2,13
29,30	2,09
29,32	2,10
29,35	2,08
29,37	2,09
29,40	2,04
29,42	2,05
29,45	2,00
29,47	2,01
29,49	1,99
29,52	2,02
29,54	1,99
29,57	2,01
29,59	1,98
29,62	2,03
29,64	2,00
29,67	2,01
29,69	1,98
29,71	1,98
29,74	1,95
29,76	1,98
29,79	1,94
29,81	1,96
29,84	1,94
29,86	1,96
29,89	1,96
29,91	1,97
29,93	1,95
29,96	2,00
29,98	1,98
30,01	2,01
30,03	2,00
30,06	2,02
30,08	2,00
30,10	2,00
30,13	1,95
30,15	1,99
30,18	1,95
30,20	1,95
30,23	1,95
30,25	1,96
30,28	1,97
30,30	1,99
30,32	1,97
30,35	2,04
30,37	2,04
30,40	2,06
30,42	2,09
30,45	2,07
30,47	2,10
30,50	2,11
30,52	2,09
30,54	2,08
30,57	2,09
30,59	2,09
30,62	2,12
30,64	2,13
30,67	2,14
30,69	2,15
30,72	2,19
30,74	2,19
30,76	2,22
30,79	2,22
30,81	2,23
30,84	2,23
30,86	2,26
30,89	2,25
30,91	2,27
30,94	2,27
30,96	2,31
30,98	2,31
31,01	2,36
31,03	2,35
31,06	2,39
31,08	2,42
31,11	2,46
31,13	2,45
31,15	2,48
31,18	2,45
31,20	2,50
31,23	2,51
31,25	2,53
31,28	2,53
31,30	2,58
31,33	2,57
31,35	2,64
31,37	2,64
31,40	2,67
31,42	2,68
31,45	2,73
31,47	2,74
31,50	2,79
31,52	2,79
31,55	2,83
31,57	2,85
31,59	2,89
31,62	2,90
31,64	2,92
31,67	2,93
31,69	2,98
31,72	2,98
31,74	3,02
31,77	3,04
31,79	3,05
31,81	3,09
31,84	3,10
31,86	3,09
31,89	3,14
31,91	3,10
31,94	3,11
31,96	3,13
31,99	3,15
32,01	3,18
32,03	3,19
32,06	3,22
32,08	3,27
32,11	3,27
32,13	3,28
32,16	3,29
32,18	3,32
32,20	3,34
32,23	3,34
32,25	3,35
32,28	3,39
32,30	3,43
32,33	3,44
32,35	3,46
32,38	3,44
32,40	3,44
32,42	3,44
32,45	3,45
32,47	3,45
32,50	3,45
32,52	3,43
32,55	3,48
32,57	3,47
32,60	3,50
32,62	3,48
32,64	3,45
32,67	3,42
32,69	3,43
32,72	3,39
32,74	3,41
32,77	3,36
32,79	3,38
32,82	3,39
32,84	3,40
32,86	3,38
32,89	3,40
32,91	3,38
32,94	3,41
32,96	3,36
32,99	3,36
33,01	3,33
33,04	3,35
33,06	3,30
33,08	3,31
33,11	3,27
33,13	3,28
33,16	3,26
33,18	3,26
33,21	3,22
33,23	3,23
33,26	3,18
33,28	3,21
33,30	3,17
33,33	3,16
33,35	3,13
33,38	3,12
33,40	3,07
33,43	3,09
33,45	3,04
33,47	3,04
33,50	2,97
33,52	2,97
33,55	2,95
33,57	2,95
33,60	2,89
33,62	2,89
33,65	2,86
33,67	2,87
33,69	2,85
33,72	2,83
33,74	2,82
33,77	2,83
33,79	2,81
33,82	2,81
33,84	2,79
33,87	2,75
33,89	2,74
33,91	2,71
33,94	2,68
33,96	2,65
33,99	2,62
34,01	2,61
34,04	2,60
34,06	2,57
34,09	2,57
34,11	2,53
34,13	2,52
34,16	2,50
34,18	2,49
34,21	2,48
34,23	2,46
34,26	2,43
34,28	2,46
34,31	2,43
34,33	2,45
34,35	2,42
34,38	2,41
34,40	2,41
34,43	2,42
34,45	2,38
34,48	2,39
34,50	2,35
34,52	2,36
34,55	2,36
34,57	2,37
34,60	2,35
34,62	2,38
34,65	2,36
34,67	2,39
34,70	2,37
34,72	2,38
34,74	2,37
34,77	2,38
34,79	2,35
34,82	2,38
34,84	2,35
34,87	2,38
34,89	2,35
34,92	2,37
34,94	2,36
34,96	2,36
34,99	2,34
35,01	2,38
35,04	2,37
35,06	2,39
35,09	2,40
35,11	2,43
35,14	2,45
35,16	2,49
35,18	2,47
35,21	2,51
35,23	2,53
35,26	2,54
35,28	2,57
35,31	2,61
35,33	2,61
35,36	2,66
35,38	2,64
35,40	2,68
35,43	2,68
35,45	2,68
35,48	2,67
35,50	2,69
35,53	2,69
35,55	2,75
35,57	2,76
35,60	2,80
35,62	2,83
35,65	2,85
35,67	2,89
35,70	2,89
35,72	2,91
35,75	2,95
35,77	2,97
35,79	3,00
35,82	3,05
35,84	3,06
35,87	3,12
35,89	3,13
35,92	3,14
35,94	3,15
35,97	3,18
35,99	3,18
36,01	3,24
36,04	3,25
36,06	3,28
36,09	3,32
36,11	3,37
36,14	3,40
36,16	3,45
36,19	3,46
36,21	3,52
36,23	3,52
36,26	3,57
36,28	3,59
36,31	3,63
36,33	3,64
36,36	3,68
36,38	3,69
36,41	3,77
36,43	3,76
36,45	3,82
36,48	3,84
36,50	3,89
36,53	3,90
36,55	3,96
36,58	3,96
36,60	4,03
36,62	4,03
36,65	4,07
36,67	4,08
36,70	4,14
36,72	4,14
36,75	4,20
36,77	4,21
36,80	4,26
36,82	4,27
36,84	4,31
36,87	4,32
36,89	4,36
36,92	4,36
36,94	4,39
36,97	4,38
36,99	4,40
37,02	4,39
37,04	4,41
37,06	4,39
37,09	4,41
37,11	4,40
37,14	4,42
37,16	4,41
37,19	4,43
37,21	4,44
37,24	4,48
37,26	4,45
37,28	4,46
37,31	4,45
37,33	4,43
37,36	4,43
37,38	4,40
37,41	4,37
37,43	4,37
37,46	4,37
37,48	4,39
37,50	4,44
37,53	4,44
37,55	4,46
37,58	4,46
37,60	4,46
37,63	4,44
37,65	4,43
37,68	4,40
37,70	4,37
37,72	4,33
37,75	4,31
37,77	4,29
37,80	4,29
37,82	4,27
37,85	4,26
37,87	4,24
37,89	4,23
37,92	4,18
37,94	4,19
37,97	4,14
37,99	4,13
38,02	4,08
38,04	4,07
38,07	4,03
38,09	4,02
38,11	3,97
38,14	3,97
38,16	3,91
38,19	3,90
38,21	3,87
38,24	3,86
38,26	3,82
38,29	3,81
38,31	3,74
38,33	3,75
38,36	3,69
38,38	3,67
38,41	3,62
38,43	3,58
38,46	3,53
38,48	3,53
38,51	3,47
38,53	3,47
38,55	3,41
38,58	3,41
38,60	3,38
38,63	3,38
38,65	3,34
38,68	3,34
38,70	3,30
38,73	3,30
38,75	3,27
38,77	3,25
38,80	3,23
38,82	3,19
38,85	3,14
38,87	3,15
38,90	3,14
38,92	3,11
38,94	3,12
38,97	3,09
38,99	3,07
39,02	3,08
39,04	3,04
39,07	3,03
39,09	3,00
39,12	2,97
39,14	2,98
39,16	2,97
39,19	2,96
39,21	2,95
39,24	2,92
39,26	2,92
39,29	2,90
39,31	2,86
39,34	2,87
39,36	2,84
39,38	2,86
39,41	2,87
39,43	2,88
39,46	2,87
39,48	2,89
39,51	2,90
39,53	2,92
39,56	2,91
39,58	2,90
39,60	2,88
39,63	2,89
39,65	2,88
39,68	2,91
39,70	2,90
39,73	2,91
39,75	2,91
39,78	2,94
39,80	2,96
39,82	2,98
39,85	2,95
39,87	2,98
39,90	2,96
39,92	2,99
39,95	2,99
39,97	3,02
39,99	3,02
40,02	3,06
40,04	3,06
40,07	3,12
40,09	3,12
40,12	3,16
40,14	3,18
40,17	3,22
40,19	3,23
40,21	3,26
40,24	3,26
40,26	3,31
40,29	3,33
40,31	3,34
40,34	3,36
40,36	3,40
40,39	3,42
40,41	3,49
40,43	3,50
40,46	3,54
40,48	3,55
40,51	3,61
40,53	3,65
40,56	3,71
40,58	3,72
40,61	3,78
40,63	3,78
40,65	3,84
40,68	3,85
40,70	3,88
40,73	3,92
40,75	3,97
40,78	3,99
40,80	4,04
40,83	4,07
40,85	4,12
40,87	4,16
40,90	4,18
40,92	4,20
40,95	4,25
40,97	4,32
41,00	4,36
41,02	4,39
41,05	4,42
41,07	4,48
41,09	4,51
41,12	4,57
41,14	4,61
41,17	4,67
41,19	4,70
41,22	4,76
41,24	4,77
41,26	4,85
41,29	4,87
41,31	4,90
41,34	4,93
41,36	4,97
41,39	4,99
41,41	5,04
41,44	5,05
41,46	5,11
41,48	5,11
41,51	5,15
41,53	5,19
41,56	5,24
41,58	5,25
41,61	5,33
41,63	5,33
41,66	5,39
41,68	5,41
41,70	5,44
41,73	5,45
41,75	5,50
41,78	5,47
41,80	5,52
41,83	5,51
41,85	5,55
41,88	5,57
41,90	5,60
41,92	5,59
41,95	5,64
41,97	5,63
42,00	5,69
42,02	5,68
42,05	5,69
42,07	5,68
42,10	5,69
42,12	5,66
42,14	5,70
42,17	5,65
42,19	5,67
42,22	5,63
42,24	5,65
42,27	5,64
42,29	5,66
42,31	5,59
42,34	5,62
42,36	5,60
42,39	5,58
42,41	5,53
42,44	5,54
42,46	5,49
42,49	5,48
42,51	5,44
42,53	5,41
42,56	5,40
42,58	5,39
42,61	5,36
42,63	5,35
42,66	5,33
42,68	5,31
42,71	5,28
42,73	5,27
42,75	5,25
42,78	5,18
42,80	5,13
42,83	5,07
42,85	5,04
42,88	5,03
42,90	4,99
42,93	4,95
42,95	4,91
42,97	4,89
43,00	4,90
43,02	4,86
43,05	4,82
43,07	4,80
43,10	4,76
43,12	4,72
43,15	4,70
43,17	4,63
43,19	4,60
43,22	4,54
43,24	4,49
43,27	4,43
43,29	4,41
43,32	4,36
43,34	4,34
43,36	4,29
43,39	4,27
43,41	4,23
43,44	4,20
43,46	4,17
43,49	4,16
43,51	4,09
43,54	4,08
43,56	3,99
43,58	3,99
43,61	3,94
43,63	3,91
43,66	3,85
43,68	3,84
43,71	3,79
43,73	3,83
43,76	3,77
43,78	3,76
43,80	3,72
43,83	3,73
43,85	3,70
43,88	3,71
43,90	3,64
43,93	3,64
43,95	3,61
43,98	3,61
44,00	3,57
44,02	3,57
44,05	3,53
44,07	3,55
44,10	3,53
44,12	3,54
44,15	3,51
44,17	3,50
44,20	3,49
44,22	3,48
44,24	3,46
44,27	3,47
44,29	3,44
44,32	3,45
44,34	3,44
44,37	3,43
44,39	3,43
44,41	3,45
44,44	3,44
44,46	3,46
44,49	3,46
44,51	3,48
44,54	3,51
44,56	3,56
44,59	3,57
44,61	3,56
44,63	3,59
44,66	3,60
44,68	3,62
44,71	3,61
44,73	3,62
44,76	3,60
44,78	3,63
44,81	3,63
44,83	3,67
44,85	3,69
44,88	3,73
44,90	3,73
44,93	3,82
44,95	3,84
44,98	3,88
45,00	3,90
45,03	3,92
45,05	3,93
45,07	3,98
45,10	3,97
45,12	4,03
45,15	4,03
45,17	4,08
45,20	4,12
45,22	4,18
45,25	4,19
45,27	4,28
45,29	4,29
45,32	4,37
45,34	4,38
45,37	4,43
45,39	4,45
45,42	4,51
45,44	4,51
45,47	4,58
45,49	4,58
45,51	4,65
45,54	4,70
45,56	4,76
45,59	4,80
45,61	4,88
45,64	4,92
45,66	5,03
45,68	5,03
45,71	5,08
45,73	5,12
45,76	5,14
45,78	5,14
45,81	5,20
45,83	5,21
45,86	5,29
45,88	5,32
45,90	5,39
45,93	5,49
45,95	5,57
45,98	5,60
46,00	5,67
46,03	5,68
46,05	5,74
46,08	5,78
46,10	5,83
46,12	5,88
46,15	5,91
46,17	5,96
46,20	6,03
46,22	6,09
46,25	6,11
46,27	6,15
46,30	6,17
46,32	6,23
46,34	6,27
46,37	6,31
46,39	6,39
46,42	6,44
46,44	6,45
46,47	6,50
46,49	6,52
46,52	6,57
46,54	6,60
46,56	6,61
46,59	6,63
46,61	6,66
46,64	6,69
46,66	6,76
46,69	6,78
46,71	6,82
46,73	6,82
46,76	6,85
46,78	6,88
46,81	6,91
46,83	6,90
46,86	6,93
46,88	6,92
46,91	6,95
46,93	6,96
46,95	6,97
46,98	6,96
47,00	6,99
47,03	6,97
47,05	7,00
47,08	6,98
47,10	7,00
47,13	7,01
47,15	7,02
47,17	6,98
47,20	6,99
47,22	6,94
47,25	6,95
47,27	6,89
47,30	6,86
47,32	6,82
47,35	6,81
47,37	6,75
47,39	6,79
47,42	6,73
47,44	6,75
47,47	6,70
47,49	6,70
47,52	6,65
47,54	6,63
47,57	6,55
47,59	6,53
47,61	6,47
47,64	6,46
47,66	6,42
47,69	6,35
47,71	6,30
47,74	6,27
47,76	6,21
47,78	6,19
47,81	6,16
47,83	6,09
47,86	6,11
47,88	6,06
47,91	6,02
47,93	6,01
47,96	5,94
47,98	5,87
48,00	5,84
48,03	5,76
48,05	5,72
48,08	5,65
48,10	5,59
48,13	5,55
48,15	5,52
48,18	5,47
48,20	5,43
48,22	5,38
48,25	5,36
48,27	5,30
48,30	5,25
48,32	5,19
48,35	5,15
48,37	5,09
48,40	5,07
48,42	5,00
48,44	4,97
48,47	4,92
48,49	4,90
48,52	4,88
48,54	4,86
48,57	4,80
48,59	4,79
48,62	4,73
48,64	4,72
48,66	4,66
48,69	4,62
48,71	4,56
48,74	4,55
48,76	4,50
48,79	4,51
48,81	4,44
48,84	4,45
48,86	4,41
48,88	4,41
48,91	4,37
48,93	4,38
48,96	4,34
48,98	4,37
49,01	4,34
49,03	4,35
49,05	4,34
49,08	4,36
49,10	4,34
49,13	4,37
49,15	4,32
49,18	4,34
49,20	4,31
49,23	4,31
49,25	4,29
49,27	4,30
49,30	4,28
49,32	4,31
49,35	4,30
49,37	4,34
49,40	4,33
49,42	4,36
49,45	4,38
49,47	4,42
49,49	4,40
49,52	4,44
49,54	4,42
49,57	4,46
49,59	4,46
49,62	4,49
49,64	4,50
49,67	4,54
49,69	4,55
49,71	4,60
49,74	4,60
49,76	4,65
49,79	4,68
49,81	4,72
49,84	4,76
49,86	4,80
49,89	4,83
49,91	4,87
49,93	4,91
49,96	4,95
49,98	4,99
50,01	5,00
50,03	5,04
50,06	5,08
50,08	5,13
50,10	5,17
50,13	5,21
50,15	5,23
50,18	5,31
50,20	5,35
50,23	5,39
50,25	5,44
50,28	5,47
50,30	5,50
50,32	5,56
50,35	5,59
50,37	5,67
50,40	5,73
50,42	5,80
50,45	5,86
50,47	5,94
50,50	5,98
50,52	6,08
50,54	6,11
50,57	6,17
50,59	6,21
50,62	6,27
50,64	6,31
50,67	6,39
50,69	6,41
50,72	6,50
50,74	6,52
50,76	6,60
50,79	6,66
50,81	6,74
50,84	6,80
50,86	6,87
50,89	6,90
50,91	7,03
50,94	7,06
50,96	7,12
50,98	7,16
51,01	7,20
51,03	7,25
51,06	7,34
51,08	7,35
51,11	7,44
51,13	7,47
51,15	7,55
51,18	7,62
51,20	7,68
51,23	7,70
51,25	7,75
51,28	7,77
51,30	7,83
51,33	7,84
51,35	7,89
51,37	7,91
51,40	7,95
51,42	7,99
51,45	8,05
51,47	8,07
51,50	8,11
51,52	8,13
51,55	8,18
51,57	8,23
51,59	8,25
51,62	8,26
51,64	8,33
51,67	8,34
51,69	8,35
51,72	8,35
51,74	8,35
51,77	8,36
51,79	8,41
51,81	8,39
51,84	8,40
51,86	8,39
51,89	8,41
51,91	8,44
51,94	8,42
51,96	8,42
51,99	8,43
52,01	8,39
52,03	8,41
52,06	8,42
52,08	8,39
52,11	8,41
52,13	8,38
52,16	8,37
52,18	8,40
52,20	8,38
52,23	8,33
52,25	8,35
52,28	8,31
52,30	8,29
52,33	8,24
52,35	8,23
52,38	8,22
52,40	8,22
52,42	8,15
52,45	8,12
52,47	8,05
52,50	8,04
52,52	7,98
52,55	7,92
52,57	7,86
52,60	7,82
52,62	7,74
52,64	7,75
52,67	7,67
52,69	7,64
52,72	7,58
52,74	7,56
52,77	7,49
52,79	7,47
52,82	7,38
52,84	7,35
52,86	7,28
52,89	7,24
52,91	7,18
52,94	7,12
52,96	7,03
52,99	7,02
53,01	6,93
53,04	6,90
53,06	6,84
53,08	6,81
53,11	6,78
53,13	6,75
53,16	6,68
53,18	6,66
53,21	6,59
53,23	6,52
53,26	6,43
53,28	6,40
53,30	6,33
53,33	6,27
53,35	6,22
53,38	6,20
53,40	6,17
53,43	6,14
53,45	6,09
53,47	6,06
53,50	6,05
53,52	6,00
53,55	5,94
53,57	5,89
53,60	5,83
53,62	5,79
53,65	5,77
53,67	5,70
53,69	5,68
53,72	5,65
53,74	5,64
53,77	5,64
53,79	5,63
53,82	5,59
53,84	5,60
53,87	5,56
53,89	5,54
53,91	5,52
53,94	5,50
53,96	5,46
53,99	5,47
54,01	5,45
54,04	5,46
54,06	5,43
54,09	5,45
54,11	5,44
54,13	5,45
54,16	5,43
54,18	5,46
54,21	5,45
54,23	5,48
54,26	5,47
54,28	5,49
54,31	5,48
54,33	5,52
54,35	5,51
54,38	5,55
54,40	5,53
54,43	5,58
54,45	5,59
54,48	5,64
54,50	5,65
54,52	5,70
54,55	5,70
54,57	5,77
54,60	5,77
54,62	5,80
54,65	5,82
54,67	5,87
54,70	5,89
54,72	5,94
54,74	5,95
54,77	6,00
54,79	6,01
54,82	6,06
54,84	6,10
54,87	6,16
54,89	6,18
54,92	6,28
54,94	6,32
54,96	6,41
54,99	6,45
55,01	6,50
55,04	6,57
55,06	6,63
55,09	6,64
55,11	6,72
55,14	6,76
55,16	6,80
55,18	6,85
55,21	6,89
55,23	6,97
55,26	7,04
55,28	7,10
55,31	7,17
55,33	7,25
55,36	7,31
55,38	7,38
55,40	7,41
55,43	7,49
55,45	7,54
55,48	7,61
55,50	7,66
55,53	7,70
55,55	7,74
55,57	7,83
55,60	7,88
55,62	7,97
55,65	8,03
55,67	8,10
55,70	8,19
55,72	8,30
55,75	8,33
55,77	8,41
55,79	8,44
55,82	8,51
55,84	8,58
55,87	8,66
55,89	8,70
55,92	8,79
55,94	8,85
55,97	8,95
55,99	9,00
56,01	9,06
56,04	9,12
56,06	9,20
56,09	9,26
56,11	9,34
56,14	9,38
56,16	9,45
56,19	9,47
56,21	9,54
56,23	9,58
56,26	9,63
56,28	9,65
56,31	9,72
56,33	9,77
56,36	9,83
56,38	9,87
56,41	9,95
56,43	9,99
56,45	10,06
56,48	10,07
56,50	10,10
56,53	10,14
56,55	10,18
56,58	10,20
56,60	10,22
56,62	10,22
56,65	10,24
56,67	10,25
56,70	10,29
56,72	10,28
56,75	10,25
56,77	10,30
56,80	10,28
56,82	10,29
56,84	10,30
56,87	10,28
56,89	10,29
56,92	10,30
56,94	10,29
56,97	10,32
56,99	10,29
57,02	10,30
57,04	10,32
57,06	10,30
57,09	10,30
57,11	10,29
57,14	10,27
57,16	10,28
57,19	10,25
57,21	10,20
57,24	10,21
57,26	10,19
57,28	10,15
57,31	10,15
57,33	10,11
57,36	10,08
57,38	10,05
57,41	10,01
57,43	9,96
57,46	9,94
57,48	9,85
57,50	9,81
57,53	9,74
57,55	9,70
57,58	9,65
57,60	9,63
57,63	9,54
57,65	9,52
57,68	9,45
57,70	9,43
57,72	9,34
57,75	9,30
57,77	9,22
57,80	9,18
57,82	9,10
57,85	9,07
57,87	8,99
57,89	8,98
57,92	8,90
57,94	8,86
57,97	8,80
57,99	8,77
58,02	8,68
58,04	8,66
58,07	8,58
58,09	8,54
58,11	8,45
58,14	8,41
58,16	8,34
58,19	8,29
58,21	8,19
58,24	8,16
58,26	8,08
58,29	8,05
58,31	7,97
58,33	7,93
58,36	7,89
58,38	7,86
58,41	7,78
58,43	7,78
58,46	7,73
58,48	7,72
58,51	7,71
58,53	7,67
58,55	7,63
58,58	7,62
58,60	7,55
58,63	7,51
58,65	7,47
58,68	7,43
58,70	7,41
58,73	7,39
58,75	7,34
58,77	7,35
58,80	7,34
58,82	7,32
58,85	7,27
58,87	7,23
58,90	7,23
58,92	7,21
58,94	7,18
58,97	7,16
58,99	7,14
59,02	7,13
59,04	7,16
59,07	7,13
59,09	7,13
59,12	7,12
59,14	7,14
59,16	7,15
59,19	7,17
59,21	7,16
59,24	7,22
59,26	7,22
59,29	7,25
59,31	7,25
59,34	7,27
59,36	7,27
59,38	7,31
59,41	7,29
59,43	7,33
59,46	7,34
59,48	7,39
59,51	7,44
59,53	7,49
59,56	7,51
59,58	7,57
59,60	7,60
59,63	7,68
59,65	7,70
59,68	7,75
59,70	7,77
59,73	7,82
59,75	7,84
59,78	7,90
59,80	7,92
59,82	7,99
59,85	8,02
59,87	8,09
59,90	8,14
59,92	8,22
59,95	8,27
59,97	8,33
59,99	8,36
