Angle	Intensity
17,0	103,0
17,1	98,0
17,2	109,0
17,3	104,0
17,4	116,0
17,5	133,0
17,6	112,0
17,7	135,0
17,8	161,0
17,9	358,0
18,0	793,0
18,1	534,0
18,2	165,0
18,3	145,0
18,4	130,0
18,5	124,0
18,6	118,0
18,7	118,0
18,8	111,0
18,9	115,0
19,0	114,0
19,1	110,0
19,2	126,0
19,3	126,0
19,4	125,0
19,5	122,0
19,6	123,0
19,7	135,0
19,8	147,0
19,9	158,0
20,0	216,0
20,1	466,0
20,2	2402,0
20,3	3396,0
20,4	1463,0
20,5	246,0
20,6	180,0
20,7	143,0
20,8	128,0
20,9	116,0
21,0	118,0
21,1	87,0
21,2	88,0
21,3	104,0
21,4	109,0
21,5	95,0
21,6	90,0
21,7	86,0
21,8	97,0
21,9	101,0
22,0	92,0
