Angle	Intensity
17,0	177,0
17,1	188,0
17,2	187,0
17,3	186,0
17,4	200,0
17,5	187,0
17,6	208,0
17,7	226,0
17,8	262,0
17,9	619,0
18,0	1327,0
18,1	901,0
18,2	283,0
18,3	235,0
18,4	208,0
18,5	232,0
18,6	204,0
18,7	203,0
18,8	210,0
18,9	215,0
19,0	217,0
19,1	207,0
19,2	228,0
19,3	215,0
19,4	206,0
19,5	225,0
19,6	209,0
19,7	238,0
19,8	282,0
19,9	287,0
20,0	386,0
20,1	794,0
20,2	3843,0
20,3	5753,0
20,4	2404,0
20,5	435,0
20,6	282,0
20,7	228,0
20,8	233,0
20,9	191,0
21,0	195,0
21,1	193,0
21,2	189,0
21,3	177,0
21,4	169,0
21,5	168,0
21,6	175,0
21,7	177,0
21,8	189,0
21,9	177,0
22,0	171,0
