Angle	Intensity
17,0	44,0
17,1	53,0
17,2	58,0
17,3	53,0
17,4	53,0
17,5	54,0
17,6	54,0
17,7	60,0
17,8	82,0
17,9	193,0
18,0	394,0
18,1	285,0
18,2	73,0
18,3	67,0
18,4	67,0
18,5	43,0
18,6	62,0
18,7	63,0
18,8	56,0
18,9	59,0
19,0	54,0
19,1	57,0
19,2	53,0
19,3	49,0
19,4	72,0
19,5	58,0
19,6	58,0
19,7	74,0
19,8	67,0
19,9	90,0
20,0	107,0
20,1	231,0
20,2	1307,0
20,3	1827,0
20,4	775,0
20,5	119,0
20,6	78,0
20,7	68,0
20,8	63,0
20,9	55,0
21,0	56,0
21,1	46,0
21,2	56,0
21,3	50,0
21,4	56,0
21,5	46,0
21,6	57,0
21,7	50,0
21,8	49,0
21,9	51,0
22,0	38,0
