Angle	Intensity
17,0	125,0
17,1	118,0
17,2	129,0
17,3	128,0
17,4	145,0
17,5	123,0
17,6	143,0
17,7	158,0
17,8	193,0
17,9	475,0
18,0	961,0
18,1	652,0
18,2	211,0
18,3	165,0
18,4	166,0
18,5	157,0
18,6	160,0
18,7	148,0
18,8	148,0
18,9	149,0
19,0	142,0
19,1	144,0
19,2	170,0
19,3	152,0
19,4	156,0
19,5	142,0
19,6	161,0
19,7	174,0
19,8	171,0
19,9	202,0
20,0	282,0
20,1	585,0
20,2	2965,0
20,3	4102,0
20,4	1747,0
20,5	318,0
20,6	192,0
20,7	185,0
20,8	157,0
20,9	123,0
21,0	130,0
21,1	129,0
21,2	130,0
21,3	123,0
21,4	119,0
21,5	128,0
21,6	116,0
21,7	134,0
21,8	121,0
21,9	107,0
22,0	111,0
