Angle	Intensity
17,0	232,0
17,1	235,0
17,2	246,0
17,3	239,0
17,4	249,0
17,5	252,0
17,6	274,0
17,7	293,0
17,8	312,0
17,9	809,0
18,0	1602,0
18,1	1193,0
18,2	371,0
18,3	322,0
18,4	293,0
18,5	263,0
18,6	275,0
18,7	268,0
18,8	272,0
18,9	251,0
19,0	250,0
19,1	266,0
19,2	264,0
19,3	270,0
19,4	258,0
19,5	269,0
19,6	272,0
19,7	319,0
19,8	317,0
19,9	394,0
20,0	465,0
20,1	979,0
20,2	4716,0
20,3	7275,0
20,4	3108,0
20,5	576,0
20,6	370,0
20,7	311,0
20,8	266,0
20,9	242,0
21,0	226,0
21,1	231,0
21,2	214,0
21,3	236,0
21,4	246,0
21,5	225,0
21,6	222,0
21,7	223,0
21,8	207,0
21,9	227,0
22,0	214,0
