Angle	Intensity
17,0	74,0
17,1	94,0
17,2	80,0
17,3	83,0
17,4	70,0
17,5	80,0
17,6	85,0
17,7	90,0
17,8	120,0
17,9	267,0
18,0	592,0
18,1	413,0
18,2	125,0
18,3	96,0
18,4	103,0
18,5	93,0
18,6	96,0
18,7	92,0
18,8	82,0
18,9	98,0
19,0	88,0
19,1	96,0
19,2	81,0
19,3	88,0
19,4	85,0
19,5	84,0
19,6	99,0
19,7	110,0
19,8	120,0
19,9	125,0
20,0	161,0
20,1	351,0
20,2	1854,0
20,3	2677,0
20,4	1141,0
20,5	188,0
20,6	121,0
20,7	93,0
20,8	80,0
20,9	71,0
21,0	88,0
21,1	71,0
21,2	77,0
21,3	87,0
21,4	77,0
21,5	71,0
21,6	80,0
21,7	73,0
21,8	68,0
21,9	67,0
22,0	67,0
