Angle	Intensity
17,0	25,0
17,1	30,0
17,2	21,0
17,3	26,0
17,4	28,0
17,5	20,0
17,6	28,0
17,7	29,0
17,8	36,0
17,9	70,0
18,0	196,0
18,1	144,0
18,2	29,0
18,3	31,0
18,4	35,0
18,5	30,0
18,6	28,0
18,7	28,0
18,8	31,0
18,9	23,0
19,0	22,0
19,1	23,0
19,2	28,0
19,3	26,0
19,4	27,0
19,5	20,0
19,6	24,0
19,7	32,0
19,8	29,0
19,9	40,0
20,0	50,0
20,1	106,0
20,2	609,0
20,3	927,0
20,4	388,0
20,5	62,0
20,6	35,0
20,7	31,0
20,8	24,0
20,9	20,0
21,0	19,0
21,1	24,0
21,2	21,0
21,3	21,0
21,4	28,0
21,5	21,0
21,6	18,0
21,7	26,0
21,8	18,0
21,9	22,0
22,0	21,0
