Angle	Intensity
17,0	218,0
17,1	210,0
17,2	198,0
17,3	204,0
17,4	248,0
17,5	233,0
17,6	227,0
17,7	244,0
17,8	279,0
17,9	710,0
18,0	1515,0
18,1	1049,0
18,2	336,0
18,3	277,0
18,4	259,0
18,5	237,0
18,6	259,0
18,7	255,0
18,8	240,0
18,9	249,0
19,0	230,0
19,1	243,0
19,2	243,0
19,3	230,0
19,4	255,0
19,5	247,0
19,6	259,0
19,7	260,0
19,8	288,0
19,9	342,0
20,0	408,0
20,1	879,0
20,2	4279,0
20,3	6642,0
20,4	2753,0
20,5	528,0
20,6	341,0
20,7	279,0
20,8	237,0
20,9	216,0
21,0	207,0
21,1	211,0
21,2	214,0
21,3	202,0
21,4	205,0
21,5	199,0
21,6	195,0
21,7	226,0
21,8	187,0
21,9	198,0
22,0	179,0
