U1/V	IA/nA
0,02	0,41
0,04	0,43
0,07	0,44
0,09	0,46
0,12	0,46
0,14	0,48
0,17	0,45
0,19	0,48
0,21	0,45
0,24	0,45
0,26	0,44
0,29	0,45
0,31	0,44
0,34	0,47
0,36	0,44
0,39	0,47
0,41	0,45
0,43	0,46
0,46	0,47
0,48	0,49
0,51	0,46
0,53	0,48
0,56	0,43
0,58	0,45
0,61	0,44
0,63	0,44
0,65	0,42
0,68	0,43
0,70	0,41
0,73	0,47
0,75	0,44
0,78	0,46
0,80	0,47
0,83	0,49
0,85	0,48
0,87	0,49
0,90	0,46
0,92	0,48
0,95	0,47
0,97	0,47
1,00	0,46
1,02	0,46
1,05	0,45
1,07	0,46
1,09	0,46
1,12	0,47
1,14	0,47
1,17	0,46
1,19	0,49
1,22	0,49
1,24	0,49
1,26	0,49
1,29	0,47
1,31	0,46
1,34	0,47
1,36	0,43
1,39	0,46
1,41	0,44
1,44	0,44
1,46	0,45
1,48	0,46
1,51	0,44
1,53	0,46
1,56	0,44
1,58	0,47
1,61	0,46
1,63	0,46
1,66	0,45
1,68	0,48
1,70	0,45
1,73	0,47
1,75	0,43
1,78	0,45
1,80	0,42
1,83	0,44
1,85	0,43
1,88	0,45
1,90	0,42
1,92	0,49
1,95	0,46
1,97	0,49
2,00	0,47
2,02	0,46
2,05	0,43
2,07	0,47
2,10	0,42
2,12	0,44
2,14	0,39
2,17	0,41
2,19	0,42
2,22	0,45
2,24	0,42
2,27	0,45
2,29	0,42
2,31	0,46
2,34	0,44
2,36	0,45
2,39	0,43
2,41	0,45
2,44	0,42
2,46	0,46
2,49	0,43
2,51	0,45
2,53	0,43
2,56	0,44
2,58	0,44
2,61	0,46
2,63	0,44
2,66	0,50
2,68	0,51
2,71	0,50
2,73	0,50
2,75	0,48
2,78	0,47
2,80	0,49
2,83	0,46
2,85	0,43
2,88	0,42
2,90	0,41
2,93	0,44
2,95	0,44
2,97	0,43
3,00	0,42
3,02	0,43
3,05	0,43
3,07	0,45
3,10	0,44
3,12	0,45
3,15	0,44
3,17	0,46
3,19	0,45
3,22	0,46
3,24	0,44
3,27	0,45
3,29	0,43
3,32	0,44
3,34	0,43
3,36	0,44
3,39	0,46
3,41	0,49
3,44	0,47
3,46	0,49
3,49	0,45
3,51	0,49
3,54	0,46
3,56	0,45
3,58	0,43
3,61	0,44
3,63	0,42
3,66	0,46
3,68	0,43
3,71	0,45
3,73	0,44
3,76	0,46
3,78	0,45
3,80	0,47
3,83	0,44
3,85	0,47
3,88	0,46
3,90	0,48
3,93	0,48
3,95	0,48
3,98	0,45
4,00	0,47
4,02	0,46
4,05	0,48
4,07	0,46
4,10	0,45
4,12	0,47
4,15	0,49
4,17	0,47
4,20	0,48
4,22	0,47
4,24	0,47
4,27	0,46
4,29	0,45
4,32	0,45
4,34	0,44
4,37	0,43
4,39	0,44
4,42	0,44
4,44	0,44
4,46	0,45
4,49	0,45
4,51	0,47
4,54	0,47
4,56	0,46
4,59	0,45
4,61	0,46
4,63	0,45
4,66	0,47
4,68	0,43
4,71	0,43
4,73	0,43
4,76	0,45
4,78	0,44
4,81	0,46
4,83	0,43
4,85	0,47
4,88	0,47
4,90	0,48
4,93	0,46
4,95	0,47
4,98	0,44
5,00	0,46
5,03	0,42
5,05	0,44
5,07	0,41
5,10	0,43
5,12	0,41
5,15	0,44
5,17	0,42
5,20	0,46
5,22	0,43
5,25	0,47
5,27	0,45
5,29	0,46
5,32	0,44
5,34	0,47
5,37	0,44
5,39	0,48
5,42	0,43
5,44	0,46
5,47	0,45
5,49	0,46
5,51	0,45
5,54	0,48
5,56	0,44
5,59	0,48
5,61	0,46
5,64	0,46
5,66	0,44
5,68	0,45
5,71	0,43
5,73	0,45
5,76	0,43
5,78	0,44
5,81	0,41
5,83	0,43
5,86	0,43
5,88	0,45
5,90	0,43
5,93	0,44
5,95	0,43
5,98	0,43
6,00	0,43
6,03	0,42
6,05	0,42
6,08	0,42
6,10	0,41
6,12	0,43
6,15	0,46
6,17	0,46
6,20	0,47
6,22	0,46
6,25	0,47
6,27	0,47
6,30	0,47
6,32	0,48
6,34	0,48
6,37	0,47
6,39	0,48
6,42	0,46
6,44	0,48
6,47	0,46
6,49	0,45
6,52	0,44
6,54	0,43
6,56	0,41
6,59	0,45
6,61	0,43
6,64	0,46
6,66	0,45
6,69	0,47
6,71	0,46
6,73	0,49
6,76	0,45
6,78	0,48
6,81	0,44
6,83	0,47
6,86	0,46
6,88	0,49
6,91	0,46
6,93	0,49
6,95	0,46
6,98	0,50
7,00	0,48
7,03	0,49
7,05	0,47
7,08	0,48
7,10	0,46
7,13	0,48
7,15	0,45
7,17	0,46
7,20	0,44
7,22	0,46
7,25	0,45
7,27	0,46
7,30	0,44
7,32	0,48
7,35	0,46
7,37	0,46
7,39	0,45
7,42	0,46
7,44	0,47
7,47	0,47
7,49	0,44
7,52	0,46
7,54	0,46
7,57	0,47
7,59	0,49
7,61	0,50
7,64	0,48
7,66	0,49
7,69	0,49
7,71	0,50
7,74	0,49
7,76	0,46
7,78	0,46
7,81	0,46
7,83	0,47
7,86	0,46
7,88	0,46
7,91	0,45
7,93	0,46
7,96	0,45
7,98	0,47
8,00	0,44
8,03	0,45
8,05	0,44
8,08	0,46
8,10	0,45
8,13	0,48
8,15	0,46
8,18	0,49
8,20	0,48
8,22	0,48
8,25	0,47
8,27	0,48
8,30	0,46
8,32	0,50
8,35	0,48
8,37	0,50
8,40	0,48
8,42	0,50
8,44	0,50
8,47	0,52
8,49	0,48
8,52	0,51
8,54	0,47
8,57	0,49
8,59	0,47
8,62	0,47
8,64	0,45
8,66	0,47
8,69	0,45
8,71	0,49
8,74	0,45
8,76	0,46
8,79	0,47
8,81	0,49
8,84	0,48
8,86	0,50
8,88	0,47
8,91	0,51
8,93	0,49
8,96	0,49
8,98	0,47
9,01	0,48
9,03	0,47
9,05	0,51
9,08	0,50
9,10	0,52
9,13	0,52
9,15	0,53
9,18	0,54
9,20	0,55
9,23	0,52
9,25	0,54
9,27	0,51
9,30	0,51
9,32	0,50
9,35	0,49
9,37	0,50
9,40	0,50
9,42	0,50
9,45	0,51
9,47	0,51
9,49	0,50
9,52	0,53
9,54	0,52
9,57	0,53
9,59	0,52
9,62	0,52
9,64	0,52
9,67	0,54
9,69	0,52
9,71	0,54
9,74	0,52
9,76	0,53
9,79	0,54
9,81	0,55
9,84	0,54
9,86	0,55
9,89	0,53
9,91	0,56
9,93	0,54
9,96	0,54
9,98	0,53
10,01	0,54
10,03	0,52
10,06	0,54
10,08	0,50
10,10	0,53
10,13	0,50
10,15	0,52
10,18	0,50
10,20	0,53
10,23	0,51
10,25	0,57
10,28	0,53
10,30	0,55
10,32	0,54
10,35	0,56
10,37	0,54
10,40	0,56
10,42	0,51
10,45	0,54
10,47	0,52
10,50	0,54
10,52	0,55
10,54	0,57
10,57	0,56
10,59	0,58
10,62	0,56
10,64	0,59
10,67	0,57
10,69	0,56
10,72	0,54
10,74	0,54
10,76	0,53
10,79	0,55
10,81	0,53
10,84	0,54
10,86	0,53
10,89	0,53
10,91	0,54
10,94	0,55
10,96	0,55
10,98	0,57
11,01	0,57
11,03	0,58
11,06	0,59
11,08	0,60
11,11	0,60
11,13	0,60
11,15	0,56
11,18	0,57
11,20	0,58
11,23	0,58
11,25	0,61
11,28	0,59
11,30	0,60
11,33	0,61
11,35	0,61
11,37	0,61
11,40	0,62
11,42	0,59
11,45	0,60
11,47	0,57
11,50	0,60
11,52	0,59
11,55	0,60
11,57	0,58
11,59	0,59
11,62	0,57
11,64	0,61
11,67	0,58
11,69	0,60
11,72	0,60
11,74	0,61
11,77	0,60
11,79	0,63
11,81	0,60
11,84	0,63
11,86	0,60
11,89	0,61
11,91	0,60
11,94	0,61
11,96	0,59
11,99	0,63
12,01	0,61
12,03	0,64
12,06	0,63
12,08	0,65
12,11	0,65
12,13	0,68
12,16	0,64
12,18	0,66
12,21	0,62
12,23	0,64
12,25	0,61
12,28	0,62
12,30	0,61
12,33	0,62
12,35	0,61
12,38	0,65
12,40	0,63
12,42	0,64
12,45	0,66
12,47	0,68
12,50	0,69
12,52	0,70
12,55	0,68
12,57	0,70
12,60	0,71
12,62	0,69
12,64	0,69
12,67	0,67
12,69	0,67
12,72	0,67
12,74	0,67
12,77	0,68
12,79	0,69
12,82	0,67
12,84	0,70
12,86	0,70
12,89	0,71
12,91	0,72
12,94	0,70
12,96	0,68
12,99	0,69
13,01	0,67
13,04	0,68
13,06	0,66
13,08	0,67
13,11	0,67
13,13	0,70
13,16	0,68
13,18	0,73
13,21	0,72
13,23	0,75
13,26	0,74
13,28	0,75
13,30	0,74
13,33	0,77
13,35	0,73
13,38	0,76
13,40	0,72
13,43	0,74
13,45	0,72
13,47	0,75
13,50	0,73
13,52	0,76
13,55	0,73
13,57	0,79
13,60	0,77
13,62	0,79
13,65	0,77
13,67	0,76
13,69	0,73
13,72	0,76
13,74	0,73
13,77	0,75
13,79	0,72
13,82	0,74
13,84	0,75
13,87	0,78
13,89	0,75
13,91	0,79
13,94	0,77
13,96	0,79
13,99	0,79
14,01	0,80
14,04	0,80
14,06	0,81
14,09	0,78
14,11	0,81
14,13	0,79
14,16	0,80
14,18	0,80
14,21	0,78
14,23	0,77
14,26	0,78
14,28	0,76
14,31	0,81
14,33	0,81
14,35	0,80
14,38	0,81
14,40	0,80
14,43	0,81
14,45	0,81
14,48	0,79
14,50	0,78
14,52	0,78
14,55	0,77
14,57	0,81
14,60	0,80
14,62	0,81
14,65	0,81
14,67	0,81
14,70	0,81
14,72	0,84
14,74	0,82
14,77	0,84
14,79	0,82
14,82	0,82
14,84	0,82
14,87	0,83
14,89	0,81
14,92	0,83
14,94	0,81
14,96	0,84
14,99	0,83
15,01	0,85
15,04	0,87
15,06	0,89
15,09	0,87
15,11	0,89
15,14	0,84
15,16	0,87
15,18	0,85
15,21	0,85
15,23	0,83
15,26	0,84
15,28	0,81
15,31	0,87
15,33	0,85
15,36	0,87
15,38	0,86
15,40	0,88
15,43	0,88
15,45	0,91
15,48	0,88
15,50	0,90
15,53	0,88
15,55	0,90
15,57	0,89
15,60	0,89
15,62	0,86
15,65	0,89
15,67	0,88
15,70	0,90
15,72	0,89
15,75	0,90
15,77	0,93
15,79	0,94
15,82	0,92
15,84	0,93
15,87	0,92
15,89	0,92
15,92	0,90
15,94	0,88
15,97	0,89
15,99	0,88
16,01	0,87
16,04	0,88
16,06	0,88
16,09	0,88
16,11	0,90
16,14	0,90
16,16	0,92
16,19	0,91
16,21	0,92
16,23	0,92
16,26	0,94
16,28	0,93
16,31	0,95
16,33	0,91
16,36	0,93
16,38	0,92
16,41	0,93
16,43	0,92
16,45	0,94
16,48	0,92
16,50	0,97
16,53	0,95
16,55	0,96
16,58	0,95
16,60	0,95
16,63	0,93
16,65	0,96
16,67	0,92
16,70	0,95
16,72	0,92
16,75	0,94
16,77	0,95
16,80	0,97
16,82	0,94
16,84	0,97
16,87	0,95
16,89	0,99
16,92	0,97
16,94	0,99
16,97	0,97
16,99	0,99
17,02	0,97
17,04	1,00
17,06	0,96
17,09	0,98
17,11	0,97
17,14	1,00
17,16	0,99
17,19	1,01
17,21	0,99
17,24	1,06
17,26	1,04
17,28	1,05
17,31	1,03
17,33	1,05
17,36	1,04
17,38	1,06
17,41	1,03
17,43	1,04
17,46	1,03
17,48	1,03
17,50	1,05
17,53	1,06
17,55	1,05
17,58	1,07
17,60	1,07
17,63	1,09
17,65	1,10
17,68	1,10
17,70	1,11
17,72	1,11
17,75	1,10
17,77	1,11
17,80	1,10
17,82	1,11
17,85	1,11
17,87	1,10
17,89	1,12
17,92	1,12
17,94	1,13
17,97	1,16
17,99	1,16
18,02	1,15
18,04	1,18
18,07	1,16
18,09	1,19
18,11	1,17
18,14	1,18
18,16	1,17
18,19	1,18
18,21	1,16
18,24	1,20
18,26	1,19
18,29	1,22
18,31	1,20
18,33	1,21
18,36	1,21
18,38	1,24
18,41	1,20
18,43	1,22
18,46	1,19
18,48	1,21
18,51	1,21
18,53	1,24
18,55	1,22
18,58	1,26
18,60	1,23
18,63	1,28
18,65	1,26
18,68	1,26
18,70	1,27
18,73	1,28
18,75	1,26
18,77	1,29
18,80	1,27
18,82	1,29
18,85	1,27
18,87	1,27
18,90	1,26
18,92	1,27
18,94	1,24
18,97	1,27
18,99	1,25
19,02	1,27
19,04	1,27
19,07	1,30
19,09	1,30
19,12	1,32
19,14	1,30
19,16	1,31
19,19	1,31
19,21	1,31
19,24	1,32
19,26	1,32
19,29	1,30
19,31	1,30
19,34	1,31
19,36	1,33
19,38	1,32
19,41	1,29
19,43	1,30
19,46	1,30
19,48	1,31
19,51	1,31
19,53	1,30
19,56	1,29
19,58	1,30
19,60	1,29
19,63	1,33
19,65	1,29
19,68	1,30
19,70	1,30
19,73	1,31
19,75	1,29
19,78	1,32
19,80	1,30
19,82	1,34
19,85	1,32
19,87	1,33
19,90	1,31
19,92	1,33
19,95	1,31
19,97	1,35
19,99	1,31
20,02	1,32
20,04	1,30
20,07	1,33
20,09	1,32
20,12	1,34
20,14	1,30
20,17	1,34
20,19	1,31
20,21	1,33
20,24	1,30
20,26	1,31
20,29	1,28
20,31	1,31
20,34	1,28
20,36	1,32
20,39	1,27
20,41	1,30
20,43	1,30
20,46	1,32
20,48	1,30
20,51	1,32
20,53	1,29
20,56	1,33
20,58	1,32
20,61	1,32
20,63	1,31
20,65	1,32
20,68	1,30
20,70	1,34
20,73	1,33
20,75	1,34
20,78	1,34
20,80	1,34
20,83	1,35
20,85	1,35
20,87	1,32
20,90	1,34
20,92	1,34
20,95	1,33
20,97	1,34
21,00	1,33
21,02	1,35
21,05	1,35
21,07	1,34
21,09	1,35
21,12	1,33
21,14	1,33
21,17	1,36
21,19	1,39
21,22	1,41
21,24	1,39
21,26	1,40
21,29	1,40
21,31	1,43
21,34	1,40
21,36	1,37
21,39	1,35
21,41	1,38
21,44	1,39
21,46	1,42
21,48	1,41
21,51	1,44
21,53	1,42
21,56	1,46
21,58	1,45
21,61	1,45
21,63	1,44
21,66	1,45
21,68	1,43
21,70	1,46
21,73	1,42
21,75	1,45
21,78	1,44
21,80	1,47
21,83	1,46
21,85	1,49
21,88	1,48
21,90	1,54
21,92	1,52
21,95	1,55
21,97	1,53
22,00	1,56
22,02	1,55
22,05	1,58
22,07	1,55
22,10	1,57
22,12	1,54
22,14	1,58
22,17	1,59
22,19	1,62
22,22	1,60
22,24	1,63
22,27	1,63
22,29	1,68
22,31	1,67
22,34	1,67
22,36	1,66
22,39	1,67
22,41	1,67
22,44	1,70
22,46	1,68
22,49	1,70
22,51	1,69
22,53	1,70
22,56	1,73
22,58	1,75
22,61	1,75
22,63	1,77
22,66	1,78
22,68	1,79
22,71	1,80
22,73	1,80
22,75	1,82
22,78	1,82
22,80	1,81
22,83	1,81
22,85	1,83
22,88	1,83
22,90	1,87
22,93	1,85
22,95	1,87
22,97	1,88
23,00	1,90
23,02	1,91
23,05	1,94
23,07	1,89
23,10	1,93
23,12	1,90
23,15	1,93
23,17	1,92
23,19	1,93
23,22	1,91
23,24	1,93
23,27	1,91
23,29	1,95
23,32	1,93
23,34	1,95
23,36	1,94
23,39	1,97
23,41	1,95
23,44	1,99
23,46	1,97
23,49	1,99
23,51	1,96
23,54	1,98
23,56	1,97
23,58	1,98
23,61	1,95
23,63	2,00
23,66	1,98
23,68	2,02
23,71	2,00
23,73	2,01
23,76	2,01
23,78	2,03
23,80	1,99
23,83	2,01
23,85	1,97
23,88	1,98
23,90	1,96
23,93	1,97
23,95	1,95
23,98	1,96
24,00	1,94
24,02	1,97
24,05	1,95
24,07	1,95
24,10	1,97
24,12	1,98
24,15	1,97
24,17	1,97
24,20	1,96
24,22	1,97
24,24	1,97
24,27	1,95
24,29	1,95
24,32	1,94
24,34	1,93
24,37	1,94
24,39	1,94
24,42	1,94
24,44	1,94
24,46	1,91
24,49	1,93
24,51	1,92
24,54	1,92
24,56	1,91
24,59	1,89
24,61	1,88
24,63	1,89
24,66	1,85
24,68	1,86
24,71	1,84
24,73	1,84
24,76	1,84
24,78	1,85
24,81	1,83
24,83	1,88
24,85	1,87
24,88	1,89
24,90	1,87
24,93	1,88
24,95	1,85
24,98	1,88
25,00	1,83
25,03	1,85
25,05	1,81
25,07	1,83
25,10	1,82
25,12	1,85
25,15	1,82
25,17	1,84
25,20	1,80
25,22	1,87
25,25	1,83
25,27	1,84
25,29	1,82
25,32	1,82
25,34	1,79
25,37	1,82
25,39	1,78
25,42	1,81
25,44	1,77
25,47	1,79
25,49	1,80
25,51	1,82
25,54	1,80
25,56	1,84
25,59	1,81
25,61	1,84
25,64	1,84
25,66	1,86
25,68	1,85
25,71	1,86
25,73	1,82
25,76	1,84
25,78	1,83
25,81	1,83
25,83	1,83
25,86	1,83
25,88	1,83
25,90	1,85
25,93	1,85
25,95	1,90
25,98	1,90
26,00	1,90
26,03	1,90
26,05	1,88
26,08	1,90
26,10	1,91
26,12	1,91
26,15	1,90
26,17	1,92
26,20	1,93
26,22	1,99
26,25	1,98
26,27	2,01
26,30	2,03
26,32	2,06
26,34	2,06
26,37	2,09
26,39	2,08
26,42	2,11
26,44	2,11
26,47	2,11
26,49	2,11
26,52	2,13
26,54	2,12
26,56	2,16
26,59	2,15
26,61	2,19
26,64	2,19
26,66	2,23
26,69	2,26
26,71	2,30
26,73	2,29
26,76	2,34
26,78	2,31
26,81	2,34
26,83	2,34
26,86	2,36
26,88	2,36
26,91	2,39
26,93	2,38
26,95	2,44
26,98	2,43
27,00	2,47
27,03	2,49
27,05	2,53
27,08	2,54
27,10	2,58
27,13	2,57
27,15	2,61
27,17	2,61
27,20	2,63
27,22	2,63
27,25	2,64
27,27	2,64
27,30	2,67
27,32	2,68
27,35	2,72
27,37	2,72
27,39	2,73
27,42	2,77
27,44	2,78
27,47	2,79
27,49	2,81
27,52	2,80
27,54	2,81
27,57	2,82
27,59	2,81
27,61	2,83
27,64	2,83
27,66	2,85
27,69	2,88
27,71	2,89
27,74	2,90
27,76	2,94
27,78	2,95
27,81	2,98
27,83	2,97
27,86	2,98
27,88	2,98
27,91	3,01
27,93	2,98
27,96	3,00
27,98	2,97
28,00	2,98
28,03	2,98
28,05	2,99
28,08	2,98
28,10	3,00
28,13	2,98
28,15	3,03
28,18	3,01
28,20	3,03
28,22	3,02
28,25	3,01
28,27	2,98
28,30	3,01
28,32	2,96
28,35	2,98
28,37	2,94
28,40	2,95
28,42	2,95
28,44	2,97
28,47	2,93
28,49	2,96
28,52	2,92
28,54	2,95
28,57	2,92
28,59	2,92
28,62	2,89
28,64	2,91
28,66	2,88
28,69	2,91
28,71	2,87
28,74	2,89
28,76	2,87
28,79	2,87
28,81	2,85
28,84	2,85
28,86	2,82
28,88	2,86
28,91	2,82
28,93	2,82
28,96	2,80
28,98	2,78
29,01	2,77
29,03	2,78
29,05	2,74
29,08	2,75
29,10	2,70
29,13	2,70
29,15	2,70
29,18	2,69
29,20	2,67
29,23	2,65
29,25	2,63
29,27	2,64
29,30	2,64
29,32	2,63
29,35	2,62
29,37	2,60
29,40	2,60
29,42	2,59
29,45	2,57
29,47	2,56
29,49	2,55
29,52	2,52
29,54	2,53
29,57	2,52
29,59	2,51
29,62	2,53
29,64	2,53
29,67	2,51
29,69	2,52
29,71	2,48
29,74	2,49
29,76	2,47
29,79	2,45
29,81	2,44
29,84	2,43
29,86	2,40
29,89	2,44
29,91	2,42
29,93	2,43
29,96	2,42
29,98	2,43
30,01	2,42
30,03	2,46
30,06	2,43
30,08	2,45
30,10	2,44
30,13	2,46
30,15	2,45
30,18	2,45
30,20	2,42
30,23	2,45
30,25	2,42
30,28	2,45
30,30	2,44
30,32	2,45
30,35	2,47
30,37	2,48
30,40	2,47
30,42	2,50
30,45	2,48
30,47	2,51
30,50	2,50
30,52	2,50
30,54	2,51
30,57	2,53
30,59	2,52
30,62	2,56
30,64	2,55
30,67	2,57
30,69	2,58
30,72	2,61
30,74	2,63
30,76	2,65
30,79	2,65
30,81	2,66
30,84	2,69
30,86	2,72
30,89	2,74
30,91	2,73
30,94	2,74
30,96	2,76
30,98	2,80
31,01	2,83
31,03	2,85
31,06	2,85
31,08	2,90
31,11	2,91
31,13	2,96
31,15	2,97
31,18	2,98
31,20	2,99
31,23	3,03
31,25	3,04
31,28	3,09
31,30	3,09
31,33	3,13
31,35	3,15
31,37	3,19
31,40	3,21
31,42	3,26
31,45	3,27
31,47	3,33
31,50	3,34
31,52	3,37
31,55	3,39
31,57	3,44
31,59	3,45
31,62	3,52
31,64	3,52
31,67	3,58
31,69	3,60
31,72	3,64
31,74	3,66
31,77	3,71
31,79	3,70
31,81	3,77
31,84	3,77
31,86	3,81
31,89	3,81
31,91	3,85
31,94	3,85
31,96	3,91
31,99	3,90
32,01	3,96
32,03	3,95
32,06	3,99
32,08	4,02
32,11	4,07
32,13	4,07
32,16	4,12
32,18	4,11
32,20	4,17
32,23	4,18
32,25	4,20
32,28	4,21
32,30	4,24
32,33	4,25
32,35	4,29
32,38	4,29
32,40	4,31
32,42	4,31
32,45	4,32
32,47	4,33
32,50	4,34
32,52	4,34
32,55	4,37
32,57	4,37
32,60	4,37
32,62	4,38
32,64	4,39
32,67	4,40
32,69	4,40
32,72	4,41
32,74	4,40
32,77	4,39
32,79	4,39
32,82	4,41
32,84	4,39
32,86	4,39
32,89	4,37
32,91	4,38
32,94	4,39
32,96	4,39
32,99	4,35
33,01	4,36
33,04	4,33
33,06	4,32
33,08	4,32
33,11	4,32
33,13	4,28
33,16	4,30
33,18	4,26
33,21	4,28
33,23	4,25
33,26	4,24
33,28	4,20
33,30	4,20
33,33	4,14
33,35	4,14
33,38	4,09
33,40	4,09
33,43	4,05
33,45	4,04
33,47	4,00
33,50	3,99
33,52	3,95
33,55	3,98
33,57	3,92
33,60	3,92
33,62	3,87
33,65	3,88
33,67	3,85
33,69	3,84
33,72	3,78
33,74	3,78
33,77	3,75
33,79	3,75
33,82	3,72
33,84	3,71
33,87	3,68
33,89	3,67
33,91	3,64
33,94	3,65
33,96	3,61
33,99	3,59
34,01	3,56
34,04	3,55
34,06	3,51
34,09	3,50
34,11	3,46
34,13	3,43
34,16	3,40
34,18	3,38
34,21	3,37
34,23	3,35
34,26	3,32
34,28	3,32
34,31	3,30
34,33	3,29
34,35	3,28
34,38	3,26
34,40	3,27
34,43	3,25
34,45	3,23
34,48	3,22
34,50	3,22
34,52	3,20
34,55	3,21
34,57	3,19
34,60	3,19
34,62	3,18
34,65	3,19
34,67	3,19
34,70	3,20
34,72	3,16
34,74	3,18
34,77	3,16
34,79	3,18
34,82	3,16
34,84	3,17
34,87	3,15
34,89	3,17
34,92	3,15
34,94	3,19
34,96	3,15
34,99	3,18
35,01	3,18
35,04	3,20
35,06	3,19
35,09	3,23
35,11	3,21
35,14	3,26
35,16	3,25
35,18	3,26
35,21	3,27
35,23	3,30
35,26	3,28
35,28	3,35
35,31	3,35
35,33	3,39
35,36	3,40
35,38	3,43
35,40	3,44
35,43	3,48
35,45	3,46
35,48	3,52
35,50	3,50
35,53	3,54
35,55	3,55
35,57	3,59
35,60	3,60
35,62	3,65
35,65	3,66
35,67	3,71
35,70	3,73
35,72	3,77
35,75	3,81
35,77	3,86
35,79	3,89
35,82	3,93
35,84	3,96
35,87	4,00
35,89	4,06
35,92	4,09
35,94	4,13
35,97	4,15
35,99	4,18
36,01	4,25
36,04	4,31
36,06	4,34
36,09	4,38
36,11	4,41
36,14	4,49
36,16	4,54
36,19	4,58
36,21	4,62
36,23	4,66
36,26	4,68
36,28	4,74
36,31	4,76
36,33	4,82
36,36	4,84
36,38	4,89
36,41	4,93
36,43	5,00
36,45	5,03
36,48	5,12
36,50	5,15
36,53	5,22
36,55	5,25
36,58	5,32
36,60	5,34
36,62	5,41
36,65	5,41
36,67	5,48
36,70	5,49
36,72	5,55
36,75	5,58
36,77	5,65
36,80	5,67
36,82	5,73
36,84	5,74
36,87	5,82
36,89	5,84
36,92	5,87
36,94	5,88
36,97	5,91
36,99	5,91
37,02	5,97
37,04	5,96
37,06	6,00
37,09	5,99
37,11	6,04
37,14	6,06
37,16	6,10
37,19	6,09
37,21	6,14
37,24	6,14
37,26	6,18
37,28	6,18
37,31	6,21
37,33	6,21
37,36	6,23
37,38	6,20
37,41	6,21
37,43	6,19
37,46	6,20
37,48	6,20
37,50	6,18
37,53	6,17
37,55	6,17
37,58	6,16
37,60	6,18
37,63	6,17
37,65	6,13
37,68	6,12
37,70	6,08
37,72	6,07
37,75	6,04
37,77	6,01
37,80	5,97
37,82	5,94
37,85	5,91
37,87	5,92
37,89	5,88
37,92	5,87
37,94	5,85
37,97	5,82
37,99	5,78
38,02	5,78
38,04	5,72
38,07	5,71
38,09	5,64
38,11	5,60
38,14	5,56
38,16	5,54
38,19	5,48
38,21	5,48
38,24	5,41
38,26	5,40
38,29	5,35
38,31	5,32
38,33	5,28
38,36	5,27
38,38	5,18
38,41	5,18
38,43	5,10
38,46	5,08
38,48	5,02
38,51	4,98
38,53	4,92
38,55	4,90
38,58	4,83
38,60	4,84
38,63	4,77
38,65	4,76
38,68	4,72
38,70	4,72
38,73	4,68
38,75	4,66
38,77	4,61
38,80	4,61
38,82	4,57
38,85	4,54
38,87	4,49
38,90	4,46
38,92	4,40
38,94	4,40
38,97	4,36
38,99	4,35
39,02	4,31
39,04	4,29
39,07	4,29
39,09	4,28
39,12	4,25
39,14	4,24
39,16	4,20
39,19	4,19
39,21	4,18
39,24	4,15
39,26	4,14
39,29	4,12
39,31	4,11
39,34	4,11
39,36	4,09
39,38	4,08
39,41	4,11
39,43	4,09
39,46	4,10
39,48	4,09
39,51	4,09
39,53	4,08
39,56	4,09
39,58	4,06
39,60	4,08
39,63	4,05
39,65	4,08
39,68	4,07
39,70	4,11
39,73	4,10
39,75	4,13
39,78	4,12
39,80	4,17
39,82	4,16
39,85	4,20
39,87	4,20
39,90	4,23
39,92	4,23
39,95	4,27
39,97	4,26
39,99	4,31
40,02	4,31
40,04	4,36
40,07	4,38
40,09	4,43
40,12	4,43
40,14	4,50
40,17	4,51
40,19	4,56
40,21	4,58
40,24	4,63
40,26	4,65
40,29	4,72
40,31	4,71
40,34	4,78
40,36	4,80
40,39	4,86
40,41	4,89
40,43	4,94
40,46	4,96
40,48	5,03
40,51	5,05
40,53	5,14
40,56	5,18
40,58	5,24
40,61	5,28
40,63	5,33
40,65	5,39
40,68	5,46
40,70	5,50
40,73	5,57
40,75	5,62
40,78	5,67
40,80	5,75
40,83	5,81
40,85	5,86
40,87	5,93
40,90	5,98
40,92	6,05
40,95	6,14
40,97	6,20
41,00	6,28
41,02	6,34
41,05	6,39
41,07	6,47
41,09	6,54
41,12	6,61
41,14	6,68
41,17	6,71
41,19	6,79
41,22	6,84
41,24	6,91
41,26	6,98
41,29	7,05
41,31	7,09
41,34	7,18
41,36	7,21
41,39	7,30
41,41	7,34
41,44	7,41
41,46	7,45
41,48	7,51
41,51	7,55
41,53	7,64
41,56	7,68
41,58	7,75
41,61	7,79
41,63	7,86
41,66	7,90
41,68	7,97
41,70	7,99
41,73	8,06
41,75	8,08
41,78	8,12
41,80	8,15
41,83	8,19
41,85	8,19
41,88	8,24
41,90	8,24
41,92	8,29
41,95	8,30
41,97	8,33
42,00	8,36
42,02	8,40
42,05	8,39
42,07	8,43
42,10	8,39
42,12	8,42
42,14	8,41
42,17	8,40
42,19	8,39
42,22	8,39
42,24	8,37
42,27	8,40
42,29	8,36
42,31	8,36
42,34	8,36
42,36	8,35
42,39	8,33
42,41	8,32
42,44	8,27
42,46	8,24
42,49	8,20
42,51	8,16
42,53	8,13
42,56	8,08
42,58	8,04
42,61	8,00
42,63	7,97
42,66	7,94
42,68	7,90
42,71	7,84
42,73	7,84
42,75	7,78
42,78	7,74
42,80	7,68
42,83	7,61
42,85	7,53
42,88	7,49
42,90	7,40
42,93	7,37
42,95	7,29
42,97	7,26
43,00	7,22
43,02	7,19
43,05	7,12
43,07	7,09
43,10	7,01
43,12	6,99
43,15	6,90
43,17	6,84
43,19	6,76
43,22	6,73
43,24	6,64
43,27	6,61
43,29	6,50
43,32	6,47
43,34	6,40
43,36	6,37
43,39	6,29
43,41	6,25
43,44	6,16
43,46	6,18
43,49	6,11
43,51	6,08
43,54	6,01
43,56	5,96
43,58	5,89
43,61	5,88
43,63	5,79
43,66	5,77
43,68	5,69
43,71	5,67
43,73	5,64
43,76	5,62
43,78	5,56
43,80	5,54
43,83	5,49
43,85	5,49
43,88	5,45
43,90	5,43
43,93	5,39
43,95	5,38
43,98	5,34
44,00	5,34
44,02	5,29
44,05	5,28
44,07	5,26
44,10	5,26
44,12	5,23
44,15	5,23
44,17	5,22
44,20	5,25
44,22	5,25
44,24	5,22
44,27	5,21
44,29	5,19
44,32	5,20
44,34	5,20
44,37	5,20
44,39	5,18
44,41	5,18
44,44	5,18
44,46	5,24
44,49	5,24
44,51	5,25
44,54	5,24
44,56	5,28
44,59	5,31
44,61	5,35
44,63	5,35
44,66	5,38
44,68	5,38
44,71	5,44
44,73	5,47
44,76	5,50
44,78	5,52
44,81	5,58
44,83	5,60
44,85	5,66
44,88	5,69
44,90	5,74
44,93	5,80
44,95	5,86
44,98	5,88
45,00	5,95
45,03	5,97
45,05	6,04
45,07	6,07
45,10	6,12
45,12	6,16
45,15	6,23
45,17	6,26
45,20	6,35
45,22	6,40
45,25	6,48
45,27	6,53
45,29	6,62
45,32	6,68
45,34	6,78
45,37	6,81
45,39	6,89
45,42	6,95
45,44	7,02
45,47	7,09
45,49	7,15
45,51	7,22
45,54	7,32
45,56	7,39
45,59	7,49
45,61	7,57
45,64	7,66
45,66	7,76
45,68	7,83
45,71	7,90
45,73	7,99
45,76	8,06
45,78	8,13
45,81	8,20
45,83	8,27
45,86	8,37
45,88	8,44
45,90	8,53
45,93	8,61
45,95	8,71
45,98	8,79
46,00	8,90
46,03	8,96
46,05	9,07
46,08	9,13
46,10	9,21
46,12	9,29
46,15	9,39
46,17	9,46
46,20	9,58
46,22	9,63
46,25	9,73
46,27	9,80
46,30	9,90
46,32	9,96
46,34	10,05
46,37	10,08
46,39	10,17
46,42	10,21
46,44	10,29
46,47	10,31
46,49	10,39
46,52	10,42
46,54	10,51
46,56	10,54
46,59	10,62
46,61	10,64
46,64	10,71
46,66	10,74
46,69	10,81
46,71	10,82
46,73	10,87
46,76	10,88
46,78	10,95
46,81	10,95
46,83	10,98
46,86	10,98
46,88	11,01
46,91	11,00
46,93	11,04
46,95	11,01
46,98	11,03
47,00	11,02
47,03	11,02
47,05	11,00
47,08	11,01
47,10	10,98
47,13	11,00
47,15	10,97
47,17	10,96
47,20	10,93
47,22	10,91
47,25	10,87
47,27	10,85
47,30	10,79
47,32	10,76
47,35	10,67
47,37	10,63
47,39	10,60
47,42	10,57
47,44	10,51
47,47	10,46
47,49	10,40
47,52	10,37
47,54	10,32
47,57	10,25
47,59	10,18
47,61	10,10
47,64	10,03
47,66	9,98
47,69	9,91
47,71	9,83
47,74	9,76
47,76	9,68
47,78	9,62
47,81	9,54
47,83	9,46
47,86	9,40
47,88	9,32
47,91	9,22
47,93	9,15
47,96	9,05
47,98	8,99
48,00	8,89
48,03	8,81
48,05	8,71
48,08	8,61
48,10	8,52
48,13	8,48
48,15	8,39
48,18	8,34
48,20	8,23
48,22	8,18
48,25	8,12
48,27	8,07
48,30	7,96
48,32	7,91
48,35	7,81
48,37	7,77
48,40	7,69
48,42	7,65
48,44	7,55
48,47	7,52
48,49	7,43
48,52	7,41
48,54	7,35
48,57	7,31
48,59	7,24
48,62	7,22
48,64	7,14
48,66	7,13
48,69	7,06
48,71	7,02
48,74	6,95
48,76	6,92
48,79	6,87
48,81	6,84
48,84	6,79
48,86	6,78
48,88	6,76
48,91	6,76
48,93	6,72
48,96	6,72
48,98	6,71
49,01	6,71
49,03	6,68
49,05	6,69
49,08	6,66
49,10	6,69
49,13	6,69
49,15	6,70
49,18	6,72
49,20	6,75
49,23	6,74
49,25	6,77
49,27	6,75
49,30	6,78
49,32	6,79
49,35	6,78
49,37	6,80
49,40	6,83
49,42	6,86
49,45	6,95
49,47	6,98
49,49	7,00
49,52	7,03
49,54	7,05
49,57	7,09
49,59	7,11
49,62	7,14
49,64	7,17
49,67	7,21
49,69	7,25
49,71	7,34
49,74	7,40
49,76	7,47
49,79	7,52
49,81	7,60
49,84	7,66
49,86	7,74
49,89	7,78
49,91	7,85
49,93	7,90
49,96	7,99
49,98	8,05
50,01	8,12
50,03	8,19
50,06	8,29
50,08	8,36
50,10	8,47
50,13	8,55
50,15	8,64
50,18	8,75
50,20	8,86
50,23	8,91
50,25	9,02
50,28	9,06
50,30	9,16
50,32	9,23
50,35	9,33
50,37	9,42
50,40	9,53
50,42	9,61
50,45	9,76
50,47	9,85
50,50	9,97
50,52	10,07
50,54	10,18
50,57	10,28
50,59	10,40
50,62	10,47
50,64	10,59
50,67	10,67
50,69	10,78
50,72	10,89
50,74	11,00
50,76	11,11
50,79	11,24
50,81	11,33
50,84	11,46
50,86	11,56
50,89	11,65
50,91	11,77
50,94	11,87
50,96	11,96
50,98	12,09
51,01	12,17
51,03	12,27
51,06	12,37
51,08	12,45
51,11	12,55
51,13	12,64
51,15	12,74
51,18	12,83
51,20	12,93
51,23	13,01
51,25	13,12
51,28	13,19
51,30	13,28
51,33	13,33
51,35	13,40
51,37	13,46
51,40	13,55
51,42	13,59
51,45	13,69
51,47	13,72
51,50	13,79
51,52	13,83
51,55	13,89
51,57	13,92
51,59	13,99
51,62	13,98
51,64	14,05
51,67	14,07
51,69	14,11
51,72	14,11
51,74	14,14
51,77	14,13
51,79	14,16
51,81	14,14
51,84	14,17
51,86	14,14
51,89	14,15
51,91	14,13
51,94	14,13
51,96	14,09
51,99	14,09
52,01	14,04
52,03	14,05
52,06	13,99
52,08	13,97
52,11	13,92
52,13	13,90
52,16	13,81
52,18	13,79
52,20	13,68
52,23	13,65
52,25	13,57
52,28	13,53
52,30	13,45
52,33	13,41
52,35	13,32
52,38	13,30
52,40	13,19
52,42	13,12
52,45	13,01
52,47	12,94
52,50	12,84
52,52	12,76
52,55	12,64
52,57	12,57
52,60	12,44
52,62	12,35
52,64	12,27
52,67	12,19
52,69	12,08
52,72	11,99
52,74	11,89
52,77	11,82
52,79	11,72
52,82	11,60
52,84	11,49
52,86	11,38
52,89	11,26
52,91	11,18
52,94	11,08
52,96	10,98
52,99	10,90
53,01	10,80
53,04	10,73
53,06	10,64
53,08	10,54
53,11	10,45
53,13	10,38
53,16	10,26
53,18	10,17
53,21	10,06
53,23	9,99
53,26	9,90
53,28	9,81
53,30	9,71
53,33	9,64
53,35	9,55
53,38	9,53
53,40	9,45
53,43	9,41
53,45	9,33
53,47	9,29
53,50	9,23
53,52	9,21
53,55	9,11
53,57	9,08
53,60	9,00
53,62	8,98
53,65	8,94
53,67	8,93
53,69	8,86
53,72	8,85
53,74	8,79
53,77	8,82
53,79	8,77
53,82	8,75
53,84	8,71
53,87	8,72
53,89	8,69
53,91	8,71
53,94	8,67
53,96	8,68
53,99	8,66
54,01	8,68
54,04	8,68
54,06	8,69
54,09	8,67
54,11	8,72
54,13	8,71
54,16	8,75
54,18	8,77
54,21	8,80
54,23	8,85
54,26	8,88
54,28	8,90
54,31	8,95
54,33	9,00
54,35	9,05
54,38	9,12
54,40	9,16
54,43	9,21
54,45	9,26
54,48	9,32
54,50	9,38
54,52	9,44
54,55	9,47
54,57	9,55
54,60	9,61
54,62	9,70
54,65	9,77
54,67	9,85
54,70	9,91
54,72	10,00
54,74	10,05
54,77	10,17
54,79	10,22
54,82	10,31
54,84	10,39
54,87	10,50
54,89	10,58
54,92	10,71
54,94	10,79
54,96	10,93
54,99	11,03
55,01	11,15
55,04	11,25
55,06	11,39
55,09	11,47
55,11	11,61
55,14	11,69
55,16	11,81
55,18	11,89
55,21	12,01
55,23	12,11
55,26	12,26
55,28	12,35
55,31	12,50
55,33	12,61
55,36	12,75
55,38	12,87
55,40	13,00
55,43	13,10
55,45	13,22
55,48	13,32
55,50	13,46
55,53	13,56
55,55	13,68
55,57	13,81
55,60	13,96
55,62	14,10
55,65	14,25
55,67	14,36
55,70	14,52
55,72	14,66
55,75	14,78
55,77	14,89
55,79	15,00
55,82	15,10
55,84	15,24
55,87	15,35
55,89	15,46
55,92	15,57
55,94	15,69
55,97	15,83
55,99	15,96
56,01	16,07
56,04	16,19
56,06	16,29
56,09	16,39
56,11	16,49
56,14	16,56
56,16	16,67
56,19	16,74
56,21	16,83
56,23	16,91
56,26	17,00
56,28	17,06
56,31	17,18
56,33	17,22
56,36	17,31
56,38	17,34
56,41	17,43
56,43	17,47
56,45	17,54
56,48	17,55
56,50	17,62
56,53	17,64
56,55	17,69
56,58	17,71
56,60	17,75
56,62	17,75
56,65	17,80
56,67	17,79
56,70	17,84
56,72	17,82
56,75	17,84
56,77	17,82
56,80	17,84
56,82	17,79
56,84	17,80
56,87	17,75
56,89	17,76
56,92	17,70
56,94	17,68
56,97	17,61
56,99	17,60
57,02	17,51
57,04	17,50
57,06	17,41
57,09	17,38
57,11	17,30
57,14	17,27
57,16	17,18
57,19	17,14
57,21	17,03
57,24	16,98
57,26	16,88
57,28	16,82
57,31	16,74
57,33	16,64
57,36	16,53
57,38	16,43
57,41	16,31
57,43	16,23
57,46	16,09
57,48	15,97
57,50	15,85
57,53	15,74
57,55	15,63
57,58	15,53
57,60	15,42
57,63	15,32
57,65	15,21
57,68	15,10
57,70	15,00
57,72	14,88
57,75	14,75
57,77	14,64
57,80	14,52
57,82	14,39
57,85	14,27
57,87	14,16
57,89	14,06
57,92	13,94
57,94	13,82
57,97	13,72
57,99	13,62
58,02	13,52
58,04	13,43
58,07	13,30
58,09	13,20
58,11	13,08
58,14	12,98
58,16	12,89
58,19	12,81
58,21	12,67
58,24	12,61
58,26	12,48
58,29	12,42
58,31	12,33
58,33	12,26
58,36	12,16
58,38	12,10
58,41	12,00
58,43	11,98
58,46	11,90
58,48	11,85
58,51	11,79
58,53	11,76
58,55	11,70
58,58	11,69
58,60	11,61
58,63	11,60
58,65	11,55
58,68	11,52
58,70	11,48
58,73	11,47
58,75	11,42
58,77	11,45
58,80	11,41
58,82	11,42
58,85	11,41
58,87	11,41
58,90	11,43
58,92	11,45
58,94	11,42
58,97	11,46
58,99	11,44
59,02	11,47
59,04	11,47
59,07	11,48
59,09	11,51
59,12	11,56
59,14	11,59
59,16	11,66
59,19	11,70
59,21	11,76
59,24	11,86
59,26	11,92
59,29	11,98
59,31	12,03
59,34	12,08
59,36	12,14
59,38	12,22
59,41	12,25
59,43	12,34
59,46	12,39
59,48	12,49
59,51	12,56
59,53	12,67
59,56	12,75
59,58	12,87
59,60	12,93
59,63	13,08
59,65	13,14
59,68	13,26
59,70	13,35
59,73	13,45
59,75	13,51
59,78	13,65
59,80	13,74
59,82	13,88
59,85	13,98
59,87	14,11
59,90	14,23
59,92	14,38
59,95	14,48
59,97	14,58
59,99	14,65
