U1/V	IA/nA
0,02	0,47
0,04	0,45
0,07	0,47
0,09	0,45
0,12	0,46
0,14	0,45
0,17	0,46
0,19	0,43
0,21	0,47
0,24	0,43
0,26	0,45
0,29	0,43
0,31	0,45
0,34	0,45
0,36	0,46
0,39	0,43
0,41	0,45
0,43	0,46
0,46	0,47
0,48	0,49
0,51	0,47
0,53	0,47
0,56	0,47
0,58	0,48
0,61	0,48
0,63	0,48
0,65	0,44
0,68	0,45
0,70	0,44
0,73	0,46
0,75	0,45
0,78	0,46
0,80	0,43
0,83	0,45
0,85	0,43
0,87	0,47
0,90	0,45
0,92	0,46
0,95	0,45
0,97	0,48
1,00	0,45
1,02	0,49
1,05	0,46
1,07	0,49
1,09	0,46
1,12	0,47
1,14	0,44
1,17	0,48
1,19	0,44
1,22	0,50
1,24	0,44
1,26	0,49
1,29	0,45
1,31	0,49
1,34	0,47
1,36	0,50
1,39	0,45
1,41	0,49
1,44	0,44
1,46	0,47
1,48	0,45
1,51	0,46
1,53	0,43
1,56	0,45
1,58	0,43
1,61	0,47
1,63	0,45
1,66	0,47
1,68	0,47
1,70	0,49
1,73	0,47
1,75	0,47
1,78	0,45
1,80	0,46
1,83	0,45
1,85	0,44
1,88	0,44
1,90	0,43
1,92	0,43
1,95	0,46
1,97	0,46
2,00	0,47
2,02	0,48
2,05	0,46
2,07	0,49
2,10	0,49
2,12	0,47
2,14	0,48
2,17	0,46
2,19	0,44
2,22	0,45
2,24	0,43
2,27	0,44
2,29	0,43
2,31	0,43
2,34	0,43
2,36	0,44
2,39	0,43
2,41	0,47
2,44	0,46
2,46	0,48
2,49	0,47
2,51	0,48
2,53	0,47
2,56	0,50
2,58	0,46
2,61	0,48
2,63	0,45
2,66	0,46
2,68	0,46
2,71	0,49
2,73	0,46
2,75	0,50
2,78	0,47
2,80	0,52
2,83	0,50
2,85	0,51
2,88	0,48
2,90	0,49
2,93	0,45
2,95	0,47
2,97	0,44
3,00	0,46
3,02	0,43
3,05	0,45
3,07	0,45
3,10	0,48
3,12	0,45
3,15	0,51
3,17	0,48
3,19	0,49
3,22	0,48
3,24	0,49
3,27	0,47
3,29	0,49
3,32	0,44
3,34	0,48
3,36	0,46
3,39	0,47
3,41	0,49
3,44	0,49
3,46	0,48
3,49	0,49
3,51	0,47
3,54	0,50
3,56	0,49
3,58	0,46
3,61	0,45
3,63	0,44
3,66	0,44
3,68	0,45
3,71	0,43
3,73	0,43
3,76	0,43
3,78	0,43
3,80	0,46
3,83	0,46
3,85	0,46
3,88	0,46
3,90	0,47
3,93	0,47
3,95	0,49
3,98	0,47
4,00	0,49
4,02	0,47
4,05	0,46
4,07	0,45
4,10	0,46
4,12	0,44
4,15	0,48
4,17	0,45
4,20	0,47
4,22	0,46
4,24	0,47
4,27	0,48
4,29	0,50
4,32	0,45
4,34	0,47
4,37	0,43
4,39	0,45
4,42	0,43
4,44	0,43
4,46	0,40
4,49	0,43
4,51	0,41
4,54	0,45
4,56	0,42
4,59	0,44
4,61	0,44
4,63	0,46
4,66	0,45
4,68	0,47
4,71	0,45
4,73	0,47
4,76	0,46
4,78	0,46
4,81	0,45
4,83	0,45
4,85	0,43
4,88	0,46
4,90	0,45
4,93	0,47
4,95	0,46
4,98	0,46
5,00	0,48
5,03	0,50
5,05	0,47
5,07	0,49
5,10	0,46
5,12	0,46
5,15	0,45
5,17	0,44
5,20	0,44
5,22	0,45
5,25	0,44
5,27	0,45
5,29	0,45
5,32	0,45
5,34	0,48
5,37	0,47
5,39	0,49
5,42	0,48
5,44	0,48
5,47	0,49
5,49	0,51
5,51	0,47
5,54	0,48
5,56	0,45
5,59	0,46
5,61	0,45
5,64	0,46
5,66	0,44
5,68	0,46
5,71	0,43
5,73	0,48
5,76	0,47
5,78	0,49
5,81	0,48
5,83	0,48
5,86	0,46
5,88	0,48
5,90	0,44
5,93	0,46
5,95	0,43
5,98	0,45
6,00	0,45
6,03	0,48
6,05	0,46
6,08	0,51
6,10	0,49
6,12	0,52
6,15	0,49
6,17	0,51
6,20	0,48
6,22	0,51
6,25	0,46
6,27	0,49
6,30	0,45
6,32	0,47
6,34	0,45
6,37	0,46
6,39	0,44
6,42	0,46
6,44	0,44
6,47	0,50
6,49	0,47
6,52	0,48
6,54	0,46
6,56	0,45
6,59	0,43
6,61	0,45
6,64	0,41
6,66	0,43
6,69	0,41
6,71	0,42
6,73	0,46
6,76	0,46
6,78	0,45
6,81	0,47
6,83	0,46
6,86	0,47
6,88	0,48
6,91	0,46
6,93	0,47
6,95	0,46
6,98	0,45
7,00	0,46
7,03	0,46
7,05	0,43
7,08	0,43
7,10	0,42
7,13	0,44
7,15	0,43
7,17	0,44
7,20	0,46
7,22	0,49
7,25	0,48
7,27	0,49
7,30	0,45
7,32	0,47
7,35	0,45
7,37	0,45
7,39	0,43
7,42	0,44
7,44	0,42
7,47	0,46
7,49	0,45
7,52	0,47
7,54	0,46
7,57	0,48
7,59	0,47
7,61	0,50
7,64	0,46
7,66	0,48
7,69	0,45
7,71	0,46
7,74	0,45
7,76	0,45
7,78	0,44
7,81	0,47
7,83	0,45
7,86	0,48
7,88	0,46
7,91	0,48
7,93	0,49
7,96	0,51
7,98	0,49
8,00	0,51
8,03	0,46
8,05	0,47
8,08	0,45
8,10	0,45
8,13	0,44
8,15	0,45
8,18	0,44
8,20	0,48
8,22	0,47
8,25	0,48
8,27	0,47
8,30	0,49
8,32	0,49
8,35	0,49
8,37	0,46
8,40	0,47
8,42	0,48
8,44	0,49
8,47	0,48
8,49	0,46
8,52	0,47
8,54	0,47
8,57	0,48
8,59	0,47
8,62	0,48
8,64	0,46
8,66	0,50
8,69	0,50
8,71	0,50
8,74	0,50
8,76	0,49
8,79	0,48
8,81	0,49
8,84	0,47
8,86	0,48
8,88	0,46
8,91	0,47
8,93	0,47
8,96	0,48
8,98	0,46
9,01	0,49
9,03	0,47
9,05	0,50
9,08	0,49
9,10	0,51
9,13	0,49
9,15	0,51
9,18	0,49
9,20	0,52
9,23	0,47
9,25	0,49
9,27	0,48
9,30	0,50
9,32	0,48
9,35	0,51
9,37	0,47
9,40	0,55
9,42	0,52
9,45	0,53
9,47	0,50
9,49	0,51
9,52	0,49
9,54	0,52
9,57	0,48
9,59	0,50
9,62	0,48
9,64	0,50
9,67	0,50
9,69	0,52
9,71	0,50
9,74	0,51
9,76	0,49
9,79	0,52
9,81	0,52
9,84	0,53
9,86	0,51
9,89	0,52
9,91	0,51
9,93	0,53
9,96	0,51
9,98	0,51
10,01	0,51
10,03	0,51
10,06	0,51
10,08	0,51
10,10	0,50
10,13	0,54
10,15	0,53
10,18	0,52
10,20	0,53
10,23	0,52
10,25	0,53
10,28	0,53
10,30	0,52
10,32	0,52
10,35	0,52
10,37	0,50
10,40	0,53
10,42	0,52
10,45	0,52
10,47	0,51
10,50	0,52
10,52	0,52
10,54	0,54
10,57	0,51
10,59	0,54
10,62	0,52
10,64	0,54
10,67	0,53
10,69	0,54
10,72	0,53
10,74	0,55
10,76	0,53
10,79	0,56
10,81	0,55
10,84	0,56
10,86	0,57
10,89	0,59
10,91	0,57
10,94	0,60
10,96	0,57
10,98	0,59
11,01	0,57
11,03	0,58
11,06	0,57
11,08	0,58
11,11	0,55
11,13	0,58
11,15	0,55
11,18	0,57
11,20	0,56
11,23	0,57
11,25	0,57
11,28	0,60
11,30	0,57
11,33	0,60
11,35	0,58
11,37	0,60
11,40	0,61
11,42	0,60
11,45	0,58
11,47	0,60
11,50	0,58
11,52	0,61
11,55	0,60
11,57	0,58
11,59	0,59
11,62	0,60
11,64	0,59
11,67	0,60
11,69	0,59
11,72	0,59
11,74	0,59
11,77	0,59
11,79	0,61
11,81	0,59
11,84	0,60
11,86	0,61
11,89	0,62
11,91	0,61
11,94	0,64
11,96	0,62
11,99	0,65
12,01	0,64
12,03	0,64
12,06	0,63
12,08	0,65
12,11	0,63
12,13	0,65
12,16	0,64
12,18	0,65
12,21	0,64
12,23	0,66
12,25	0,66
12,28	0,68
12,30	0,65
12,33	0,67
12,35	0,64
12,38	0,66
12,40	0,64
12,42	0,65
12,45	0,63
12,47	0,66
12,50	0,63
12,52	0,67
12,55	0,64
12,57	0,65
12,60	0,65
12,62	0,67
12,64	0,65
12,67	0,68
12,69	0,65
12,72	0,68
12,74	0,66
12,77	0,68
12,79	0,67
12,82	0,68
12,84	0,66
12,86	0,69
12,89	0,68
12,91	0,71
12,94	0,70
12,96	0,71
12,99	0,70
13,01	0,72
13,04	0,69
13,06	0,71
13,08	0,69
13,11	0,69
13,13	0,68
13,16	0,69
13,18	0,69
13,21	0,70
13,23	0,69
13,26	0,70
13,28	0,67
13,30	0,68
13,33	0,70
13,35	0,70
13,38	0,70
13,40	0,70
13,43	0,72
13,45	0,74
13,47	0,75
13,50	0,74
13,52	0,74
13,55	0,74
13,57	0,75
13,60	0,75
13,62	0,76
13,65	0,75
13,67	0,76
13,69	0,75
13,72	0,78
13,74	0,77
13,77	0,78
13,79	0,77
13,82	0,79
13,84	0,77
13,87	0,79
13,89	0,76
13,91	0,78
13,94	0,76
13,96	0,77
13,99	0,76
14,01	0,76
14,04	0,74
14,06	0,79
14,09	0,78
14,11	0,80
14,13	0,78
14,16	0,81
14,18	0,80
14,21	0,83
14,23	0,78
14,26	0,81
14,28	0,78
14,31	0,81
14,33	0,82
14,35	0,84
14,38	0,82
14,40	0,85
14,43	0,83
14,45	0,88
14,48	0,85
14,50	0,85
14,52	0,83
14,55	0,83
14,57	0,81
14,60	0,84
14,62	0,80
14,65	0,83
14,67	0,82
14,70	0,84
14,72	0,84
14,74	0,86
14,77	0,85
14,79	0,88
14,82	0,86
14,84	0,87
14,87	0,86
14,89	0,87
14,92	0,86
14,94	0,86
14,96	0,84
14,99	0,84
15,01	0,85
15,04	0,85
15,06	0,88
15,09	0,89
15,11	0,88
15,14	0,88
15,16	0,88
15,18	0,89
15,21	0,89
15,23	0,86
15,26	0,88
15,28	0,87
15,31	0,89
15,33	0,88
15,36	0,88
15,38	0,87
15,40	0,88
15,43	0,86
15,45	0,88
15,48	0,87
15,50	0,88
15,53	0,88
15,55	0,89
15,57	0,88
15,60	0,92
15,62	0,90
15,65	0,92
15,67	0,90
15,70	0,90
15,72	0,88
15,75	0,90
15,77	0,87
15,79	0,92
15,82	0,90
15,84	0,92
15,87	0,91
15,89	0,92
15,92	0,92
15,94	0,94
15,97	0,90
15,99	0,93
16,01	0,89
16,04	0,91
16,06	0,89
16,09	0,91
16,11	0,89
16,14	0,91
16,16	0,89
16,19	0,93
16,21	0,91
16,23	0,92
16,26	0,93
16,28	0,95
16,31	0,93
16,33	0,94
16,36	0,92
16,38	0,95
16,41	0,94
16,43	0,93
16,45	0,93
16,48	0,93
16,50	0,92
16,53	0,95
16,55	0,94
16,58	0,95
16,60	0,95
16,63	0,95
16,65	0,97
16,67	0,97
16,70	0,96
16,72	0,97
16,75	0,96
16,77	0,96
16,80	0,96
16,82	0,94
16,84	0,97
16,87	0,96
16,89	0,96
16,92	0,96
16,94	0,97
16,97	0,97
16,99	1,00
17,02	0,99
17,04	1,01
17,06	1,00
17,09	1,01
17,11	1,01
17,14	1,03
17,16	1,00
17,19	1,02
17,21	1,00
17,24	1,01
17,26	1,02
17,28	1,04
17,31	1,02
17,33	1,05
17,36	1,03
17,38	1,08
17,41	1,06
17,43	1,08
17,46	1,06
17,48	1,07
17,50	1,05
17,53	1,08
17,55	1,04
17,58	1,06
17,60	1,03
17,63	1,06
17,65	1,06
17,68	1,09
17,70	1,07
17,72	1,13
17,75	1,10
17,77	1,12
17,80	1,11
17,82	1,12
17,85	1,11
17,87	1,13
17,89	1,09
17,92	1,13
17,94	1,11
17,97	1,13
17,99	1,15
18,02	1,16
18,04	1,15
18,07	1,17
18,09	1,15
18,11	1,21
18,14	1,20
18,16	1,18
18,19	1,18
18,21	1,17
18,24	1,18
18,26	1,19
18,29	1,17
18,31	1,17
18,33	1,16
18,36	1,16
18,38	1,20
18,41	1,19
18,43	1,20
18,46	1,22
18,48	1,23
18,51	1,24
18,53	1,26
18,55	1,24
18,58	1,26
18,60	1,25
18,63	1,24
18,65	1,23
18,68	1,24
18,70	1,23
18,73	1,25
18,75	1,23
18,77	1,25
18,80	1,23
18,82	1,25
18,85	1,28
18,87	1,30
18,90	1,28
18,92	1,30
18,94	1,26
18,97	1,30
18,99	1,27
19,02	1,27
19,04	1,25
19,07	1,26
19,09	1,23
19,12	1,27
19,14	1,23
19,16	1,26
19,19	1,27
19,21	1,30
19,24	1,29
19,26	1,32
19,29	1,30
19,31	1,32
19,34	1,30
19,36	1,31
19,38	1,29
19,41	1,29
19,43	1,27
19,46	1,30
19,48	1,28
19,51	1,30
19,53	1,29
19,56	1,30
19,58	1,33
19,60	1,34
19,63	1,32
19,65	1,34
19,68	1,30
19,70	1,31
19,73	1,30
19,75	1,29
19,78	1,29
19,80	1,30
19,82	1,29
19,85	1,31
19,87	1,30
19,90	1,31
19,92	1,33
19,95	1,32
19,97	1,34
19,99	1,32
20,02	1,32
20,04	1,32
20,07	1,33
20,09	1,31
20,12	1,33
20,14	1,30
20,17	1,30
20,19	1,28
20,21	1,29
20,24	1,28
20,26	1,30
20,29	1,27
20,31	1,32
20,34	1,31
20,36	1,34
20,39	1,33
20,41	1,32
20,43	1,30
20,46	1,32
20,48	1,27
20,51	1,29
20,53	1,27
20,56	1,28
20,58	1,28
20,61	1,30
20,63	1,28
20,65	1,32
20,68	1,30
20,70	1,34
20,73	1,32
20,75	1,34
20,78	1,31
20,80	1,33
20,83	1,29
20,85	1,32
20,87	1,27
20,90	1,29
20,92	1,28
20,95	1,31
20,97	1,30
21,00	1,32
21,02	1,30
21,05	1,37
21,07	1,35
21,09	1,36
21,12	1,34
21,14	1,33
21,17	1,32
21,19	1,33
21,22	1,30
21,24	1,31
21,26	1,29
21,29	1,31
21,31	1,33
21,34	1,35
21,36	1,36
21,39	1,37
21,41	1,36
21,44	1,38
21,46	1,38
21,48	1,39
21,51	1,39
21,53	1,39
21,56	1,39
21,58	1,41
21,61	1,40
21,63	1,41
21,66	1,42
21,68	1,41
21,70	1,41
21,73	1,42
21,75	1,43
21,78	1,47
21,80	1,48
21,83	1,47
21,85	1,49
21,88	1,48
21,90	1,50
21,92	1,49
21,95	1,49
21,97	1,48
22,00	1,49
22,02	1,47
22,05	1,51
22,07	1,50
22,10	1,52
22,12	1,51
22,14	1,54
22,17	1,55
22,19	1,59
22,22	1,58
22,24	1,62
22,27	1,60
22,29	1,62
22,31	1,62
22,34	1,63
22,36	1,61
22,39	1,65
22,41	1,63
22,44	1,66
22,46	1,65
22,49	1,67
22,51	1,70
22,53	1,73
22,56	1,71
22,58	1,75
22,61	1,73
22,63	1,76
22,66	1,75
22,68	1,76
22,71	1,74
22,73	1,76
22,75	1,75
22,78	1,79
22,80	1,77
22,83	1,80
22,85	1,80
22,88	1,82
22,90	1,82
22,93	1,85
22,95	1,82
22,97	1,85
23,00	1,84
23,02	1,85
23,05	1,87
23,07	1,88
23,10	1,86
23,12	1,88
23,15	1,89
23,17	1,91
23,19	1,91
23,22	1,90
23,24	1,92
23,27	1,92
23,29	1,93
23,32	1,93
23,34	1,94
23,36	1,93
23,39	1,94
23,41	1,93
23,44	1,96
23,46	1,94
23,49	1,94
23,51	1,94
23,54	1,95
23,56	1,94
23,58	1,96
23,61	1,95
23,63	1,98
23,66	1,97
23,68	1,97
23,71	1,96
23,73	1,98
23,76	1,95
23,78	1,99
23,80	1,95
23,83	1,97
23,85	1,96
23,88	1,98
23,90	1,97
23,93	1,98
23,95	1,94
23,98	1,98
24,00	1,94
24,02	1,96
24,05	1,93
24,07	1,94
24,10	1,92
24,12	1,94
24,15	1,91
24,17	1,93
24,20	1,88
24,22	1,90
24,24	1,89
24,27	1,90
24,29	1,89
24,32	1,91
24,34	1,88
24,37	1,92
24,39	1,90
24,42	1,91
24,44	1,89
24,46	1,89
24,49	1,87
24,51	1,91
24,54	1,87
24,56	1,88
24,59	1,87
24,61	1,87
24,63	1,86
24,66	1,87
24,68	1,84
24,71	1,87
24,73	1,85
24,76	1,84
24,78	1,84
24,81	1,83
24,83	1,82
24,85	1,83
24,88	1,83
24,90	1,83
24,93	1,80
24,95	1,79
24,98	1,80
25,00	1,80
25,03	1,79
25,05	1,78
25,07	1,78
25,10	1,80
25,12	1,82
25,15	1,80
25,17	1,81
25,20	1,79
25,22	1,80
25,25	1,80
25,27	1,81
25,29	1,80
25,32	1,81
25,34	1,79
25,37	1,82
25,39	1,81
25,42	1,81
25,44	1,80
25,47	1,81
25,49	1,79
25,51	1,81
25,54	1,78
25,56	1,79
25,59	1,77
25,61	1,79
25,64	1,78
25,66	1,79
25,68	1,77
25,71	1,81
25,73	1,79
25,76	1,83
25,78	1,81
25,81	1,83
25,83	1,83
25,86	1,86
25,88	1,83
25,90	1,86
25,93	1,84
25,95	1,87
25,98	1,89
26,00	1,91
26,03	1,90
26,05	1,94
26,08	1,93
26,10	1,97
26,12	1,95
26,15	1,96
26,17	1,95
26,20	1,96
26,22	1,94
26,25	1,97
26,27	1,96
26,30	1,98
26,32	1,98
26,34	2,00
26,37	2,02
26,39	2,03
26,42	2,04
26,44	2,06
26,47	2,06
26,49	2,08
26,52	2,10
26,54	2,11
26,56	2,14
26,59	2,15
26,61	2,16
26,64	2,19
26,66	2,22
26,69	2,23
26,71	2,27
26,73	2,28
26,76	2,30
26,78	2,31
26,81	2,34
26,83	2,35
26,86	2,38
26,88	2,36
26,91	2,38
26,93	2,38
26,95	2,42
26,98	2,41
27,00	2,44
27,03	2,44
27,05	2,48
27,08	2,47
27,10	2,51
27,13	2,50
27,15	2,53
27,17	2,54
27,20	2,57
27,22	2,57
27,25	2,63
27,27	2,63
27,30	2,68
27,32	2,67
27,35	2,69
27,37	2,69
27,39	2,71
27,42	2,69
27,44	2,75
27,47	2,73
27,49	2,78
27,52	2,77
27,54	2,80
27,57	2,81
27,59	2,84
27,61	2,82
27,64	2,85
27,66	2,83
27,69	2,85
27,71	2,84
27,74	2,85
27,76	2,85
27,78	2,88
27,81	2,86
27,83	2,90
27,86	2,90
27,88	2,91
27,91	2,93
27,93	2,95
27,96	2,94
27,98	2,96
28,00	2,95
28,03	2,96
28,05	2,97
28,08	2,96
28,10	2,96
28,13	2,97
28,15	2,96
28,18	2,98
28,20	2,99
28,22	2,98
28,25	2,99
28,27	2,97
28,30	2,97
28,32	2,97
28,35	2,95
28,37	2,95
28,40	2,95
28,42	2,94
28,44	2,94
28,47	2,92
28,49	2,93
28,52	2,90
28,54	2,90
28,57	2,89
28,59	2,90
28,62	2,88
28,64	2,92
28,66	2,90
28,69	2,91
28,71	2,90
28,74	2,90
28,76	2,88
28,79	2,89
28,81	2,83
28,84	2,85
28,86	2,80
28,88	2,81
28,91	2,79
28,93	2,80
28,96	2,78
28,98	2,79
29,01	2,74
29,03	2,79
29,05	2,76
29,08	2,75
29,10	2,73
29,13	2,72
29,15	2,68
29,18	2,71
29,20	2,65
29,23	2,66
29,25	2,62
29,27	2,62
29,30	2,61
29,32	2,63
29,35	2,59
29,37	2,62
29,40	2,58
29,42	2,58
29,45	2,56
29,47	2,56
29,49	2,53
29,52	2,53
29,54	2,48
29,57	2,50
29,59	2,48
29,62	2,49
29,64	2,50
29,67	2,50
29,69	2,49
29,71	2,49
29,74	2,48
29,76	2,51
29,79	2,49
29,81	2,46
29,84	2,45
29,86	2,42
29,89	2,43
29,91	2,43
29,93	2,41
29,96	2,41
29,98	2,39
30,01	2,39
30,03	2,42
30,06	2,40
30,08	2,40
30,10	2,41
30,13	2,41
30,15	2,43
30,18	2,44
30,20	2,42
30,23	2,44
30,25	2,43
30,28	2,42
30,30	2,42
30,32	2,42
30,35	2,40
30,37	2,45
30,40	2,43
30,42	2,45
30,45	2,45
30,47	2,48
30,50	2,49
30,52	2,52
30,54	2,49
30,57	2,53
30,59	2,50
30,62	2,54
30,64	2,53
30,67	2,55
30,69	2,54
30,72	2,56
30,74	2,55
30,76	2,60
30,79	2,58
30,81	2,61
30,84	2,64
30,86	2,67
30,89	2,68
30,91	2,73
30,94	2,72
30,96	2,76
30,98	2,76
31,01	2,78
31,03	2,79
31,06	2,82
31,08	2,81
31,11	2,88
31,13	2,89
31,15	2,93
31,18	2,94
31,20	2,97
31,23	3,01
31,25	3,04
31,28	3,04
31,30	3,09
31,33	3,09
31,35	3,12
31,37	3,15
31,40	3,17
31,42	3,20
31,45	3,23
31,47	3,25
31,50	3,29
31,52	3,31
31,55	3,34
31,57	3,41
31,59	3,44
31,62	3,49
31,64	3,51
31,67	3,55
31,69	3,58
31,72	3,63
31,74	3,62
31,77	3,66
31,79	3,66
31,81	3,70
31,84	3,72
31,86	3,76
31,89	3,78
31,91	3,82
31,94	3,83
31,96	3,90
31,99	3,91
32,01	3,96
32,03	3,97
32,06	3,99
32,08	3,99
32,11	4,03
32,13	4,01
32,16	4,06
32,18	4,05
32,20	4,09
32,23	4,12
32,25	4,16
32,28	4,15
32,30	4,23
32,33	4,22
32,35	4,27
32,38	4,27
32,40	4,30
32,42	4,29
32,45	4,33
32,47	4,28
32,50	4,33
32,52	4,31
32,55	4,33
32,57	4,33
32,60	4,35
32,62	4,34
32,64	4,37
32,67	4,34
32,69	4,40
32,72	4,38
32,74	4,39
32,77	4,37
32,79	4,37
32,82	4,35
32,84	4,37
32,86	4,33
32,89	4,34
32,91	4,31
32,94	4,31
32,96	4,32
32,99	4,31
33,01	4,29
33,04	4,29
33,06	4,27
33,08	4,28
33,11	4,28
33,13	4,26
33,16	4,26
33,18	4,24
33,21	4,21
33,23	4,19
33,26	4,17
33,28	4,15
33,30	4,13
33,33	4,09
33,35	4,08
33,38	4,05
33,40	4,04
33,43	4,04
33,45	4,03
33,47	4,00
33,50	3,99
33,52	3,94
33,55	3,94
33,57	3,90
33,60	3,87
33,62	3,83
33,65	3,81
33,67	3,76
33,69	3,79
33,72	3,74
33,74	3,74
33,77	3,69
33,79	3,69
33,82	3,66
33,84	3,68
33,87	3,63
33,89	3,63
33,91	3,58
33,94	3,59
33,96	3,55
33,99	3,54
34,01	3,48
34,04	3,48
34,06	3,43
34,09	3,44
34,11	3,41
34,13	3,41
34,16	3,40
34,18	3,40
34,21	3,36
34,23	3,38
34,26	3,32
34,28	3,31
34,31	3,28
34,33	3,26
34,35	3,24
34,38	3,23
34,40	3,19
34,43	3,20
34,45	3,17
34,48	3,17
34,50	3,15
34,52	3,15
34,55	3,14
34,57	3,14
34,60	3,13
34,62	3,14
34,65	3,13
34,67	3,13
34,70	3,13
34,72	3,12
34,74	3,10
34,77	3,10
34,79	3,11
34,82	3,12
34,84	3,12
34,87	3,10
34,89	3,15
34,92	3,14
34,94	3,16
34,96	3,16
34,99	3,15
35,01	3,15
35,04	3,17
35,06	3,15
35,09	3,18
35,11	3,16
35,14	3,18
35,16	3,20
35,18	3,22
35,21	3,21
35,23	3,24
35,26	3,25
35,28	3,30
35,31	3,29
35,33	3,32
35,36	3,32
35,38	3,37
35,40	3,37
35,43	3,42
35,45	3,39
35,48	3,44
35,50	3,45
35,53	3,50
35,55	3,51
35,57	3,56
35,60	3,55
35,62	3,64
35,65	3,65
35,67	3,69
35,70	3,71
35,72	3,75
35,75	3,76
35,77	3,82
35,79	3,81
35,82	3,87
35,84	3,87
35,87	3,93
35,89	3,97
35,92	4,03
35,94	4,05
35,97	4,11
35,99	4,13
36,01	4,19
36,04	4,22
36,06	4,26
36,09	4,30
36,11	4,35
36,14	4,38
36,16	4,45
36,19	4,48
36,21	4,54
36,23	4,58
36,26	4,62
36,28	4,65
36,31	4,69
36,33	4,72
36,36	4,80
36,38	4,84
36,41	4,88
36,43	4,94
36,45	4,99
36,48	5,06
36,50	5,11
36,53	5,14
36,55	5,17
36,58	5,21
36,60	5,24
36,62	5,31
36,65	5,34
36,67	5,38
36,70	5,41
36,72	5,46
36,75	5,50
36,77	5,56
36,80	5,57
36,82	5,63
36,84	5,64
36,87	5,69
36,89	5,73
36,92	5,75
36,94	5,77
36,97	5,83
36,99	5,83
37,02	5,89
37,04	5,89
37,06	5,92
37,09	5,95
37,11	5,98
37,14	5,97
37,16	6,03
37,19	6,02
37,21	6,06
37,24	6,05
37,26	6,08
37,28	6,07
37,31	6,10
37,33	6,08
37,36	6,12
37,38	6,10
37,41	6,13
37,43	6,11
37,46	6,13
37,48	6,12
37,50	6,13
37,53	6,09
37,55	6,10
37,58	6,08
37,60	6,09
37,63	6,08
37,65	6,07
37,68	6,04
37,70	6,05
37,72	6,02
37,75	6,02
37,77	5,99
37,80	5,96
37,82	5,93
37,85	5,91
37,87	5,88
37,89	5,86
37,92	5,81
37,94	5,78
37,97	5,72
37,99	5,70
38,02	5,68
38,04	5,63
38,07	5,60
38,09	5,57
38,11	5,54
38,14	5,52
38,16	5,50
38,19	5,45
38,21	5,44
38,24	5,39
38,26	5,34
38,29	5,30
38,31	5,26
38,33	5,21
38,36	5,20
38,38	5,13
38,41	5,11
38,43	5,06
38,46	5,05
38,48	5,01
38,51	4,99
38,53	4,91
38,55	4,92
38,58	4,85
38,60	4,83
38,63	4,78
38,65	4,74
38,68	4,68
38,70	4,66
38,73	4,59
38,75	4,59
38,77	4,53
38,80	4,52
38,82	4,49
38,85	4,48
38,87	4,43
38,90	4,44
38,92	4,37
38,94	4,37
38,97	4,31
38,99	4,30
39,02	4,25
39,04	4,24
39,07	4,19
39,09	4,21
39,12	4,18
39,14	4,19
39,16	4,15
39,19	4,15
39,21	4,13
39,24	4,14
39,26	4,09
39,29	4,10
39,31	4,07
39,34	4,06
39,36	4,04
39,38	4,03
39,41	4,01
39,43	4,02
39,46	4,00
39,48	4,02
39,51	3,98
39,53	3,98
39,56	4,00
39,58	4,01
39,60	4,01
39,63	4,01
39,65	4,00
39,68	4,04
39,70	4,06
39,73	4,06
39,75	4,08
39,78	4,07
39,80	4,09
39,82	4,12
39,85	4,14
39,87	4,15
39,90	4,17
39,92	4,17
39,95	4,22
39,97	4,24
39,99	4,26
40,02	4,27
40,04	4,31
40,07	4,32
40,09	4,37
40,12	4,36
40,14	4,41
40,17	4,41
40,19	4,46
40,21	4,47
40,24	4,50
40,26	4,51
40,29	4,60
40,31	4,61
40,34	4,69
40,36	4,71
40,39	4,78
40,41	4,83
40,43	4,90
40,46	4,91
40,48	4,97
40,51	5,00
40,53	5,06
40,56	5,11
40,58	5,18
40,61	5,22
40,63	5,29
40,65	5,34
40,68	5,43
40,70	5,47
40,73	5,52
40,75	5,57
40,78	5,64
40,80	5,68
40,83	5,75
40,85	5,79
40,87	5,85
40,90	5,89
40,92	5,96
40,95	6,04
40,97	6,11
41,00	6,16
41,02	6,24
41,05	6,31
41,07	6,38
41,09	6,44
41,12	6,51
41,14	6,58
41,17	6,65
41,19	6,68
41,22	6,74
41,24	6,82
41,26	6,88
41,29	6,97
41,31	7,02
41,34	7,09
41,36	7,16
41,39	7,24
41,41	7,31
41,44	7,38
41,46	7,40
41,48	7,49
41,51	7,51
41,53	7,59
41,56	7,63
41,58	7,67
41,61	7,70
41,63	7,77
41,66	7,79
41,68	7,87
41,70	7,88
41,73	7,93
41,75	7,97
41,78	8,03
41,80	8,05
41,83	8,10
41,85	8,10
41,88	8,17
41,90	8,18
41,92	8,20
41,95	8,20
41,97	8,23
42,00	8,23
42,02	8,30
42,05	8,28
42,07	8,32
42,10	8,32
42,12	8,34
42,14	8,33
42,17	8,35
42,19	8,31
42,22	8,34
42,24	8,30
42,27	8,31
42,29	8,28
42,31	8,29
42,34	8,25
42,36	8,25
42,39	8,21
42,41	8,21
42,44	8,16
42,46	8,14
42,49	8,11
42,51	8,09
42,53	8,04
42,56	8,01
42,58	7,96
42,61	7,95
42,63	7,91
42,66	7,88
42,68	7,82
42,71	7,78
42,73	7,72
42,75	7,70
42,78	7,64
42,80	7,59
42,83	7,54
42,85	7,48
42,88	7,45
42,90	7,40
42,93	7,33
42,95	7,29
42,97	7,23
43,00	7,16
43,02	7,12
43,05	7,05
43,07	7,00
43,10	6,94
43,12	6,87
43,15	6,81
43,17	6,75
43,19	6,68
43,22	6,66
43,24	6,59
43,27	6,55
43,29	6,49
43,32	6,45
43,34	6,38
43,36	6,35
43,39	6,26
43,41	6,22
43,44	6,13
43,46	6,09
43,49	6,04
43,51	6,03
43,54	5,96
43,56	5,95
43,58	5,87
43,61	5,87
43,63	5,81
43,66	5,77
43,68	5,71
43,71	5,68
43,73	5,59
43,76	5,58
43,78	5,52
43,80	5,51
43,83	5,43
43,85	5,41
43,88	5,37
43,90	5,37
43,93	5,32
43,95	5,34
43,98	5,29
44,00	5,31
44,02	5,27
44,05	5,26
44,07	5,23
44,10	5,23
44,12	5,17
44,15	5,18
44,17	5,15
44,20	5,16
44,22	5,17
44,24	5,17
44,27	5,16
44,29	5,18
44,32	5,18
44,34	5,20
44,37	5,20
44,39	5,17
44,41	5,17
44,44	5,17
44,46	5,18
44,49	5,20
44,51	5,20
44,54	5,20
44,56	5,22
44,59	5,23
44,61	5,28
44,63	5,30
44,66	5,32
44,68	5,35
44,71	5,39
44,73	5,41
44,76	5,46
44,78	5,47
44,81	5,51
44,83	5,54
44,85	5,58
44,88	5,60
44,90	5,66
44,93	5,69
44,95	5,76
44,98	5,79
45,00	5,86
45,03	5,89
45,05	5,96
45,07	6,01
45,10	6,09
45,12	6,10
45,15	6,17
45,17	6,19
45,20	6,28
45,22	6,32
45,25	6,40
45,27	6,44
45,29	6,53
45,32	6,57
45,34	6,68
45,37	6,72
45,39	6,79
45,42	6,86
45,44	6,95
45,47	7,00
45,49	7,10
45,51	7,15
45,54	7,25
45,56	7,32
45,59	7,40
45,61	7,48
45,64	7,57
45,66	7,63
45,68	7,73
45,71	7,79
45,73	7,88
45,76	7,95
45,78	8,02
45,81	8,11
45,83	8,21
45,86	8,28
45,88	8,39
45,90	8,45
45,93	8,54
45,95	8,63
45,98	8,69
46,00	8,77
46,03	8,85
46,05	8,92
46,08	9,01
46,10	9,07
46,12	9,14
46,15	9,27
46,17	9,35
46,20	9,44
46,22	9,51
46,25	9,60
46,27	9,69
46,30	9,80
46,32	9,84
46,34	9,94
46,37	9,97
46,39	10,05
46,42	10,11
46,44	10,19
46,47	10,22
46,49	10,30
46,52	10,32
46,54	10,43
46,56	10,47
46,59	10,55
46,61	10,58
46,64	10,63
46,66	10,65
46,69	10,72
46,71	10,72
46,73	10,77
46,76	10,78
46,78	10,82
46,81	10,84
46,83	10,88
46,86	10,88
46,88	10,94
46,91	10,94
46,93	10,97
46,95	10,95
46,98	10,98
47,00	10,96
47,03	10,97
47,05	10,91
47,08	10,93
47,10	10,89
47,13	10,91
47,15	10,87
47,17	10,87
47,20	10,83
47,22	10,82
47,25	10,77
47,27	10,79
47,30	10,73
47,32	10,70
47,35	10,64
47,37	10,58
47,39	10,53
47,42	10,50
47,44	10,41
47,47	10,39
47,49	10,31
47,52	10,27
47,54	10,24
47,57	10,18
47,59	10,11
47,61	10,06
47,64	9,98
47,66	9,91
47,69	9,83
47,71	9,76
47,74	9,68
47,76	9,61
47,78	9,52
47,81	9,46
47,83	9,38
47,86	9,30
47,88	9,23
47,91	9,15
47,93	9,08
47,96	9,00
47,98	8,91
48,00	8,85
48,03	8,76
48,05	8,67
48,08	8,59
48,10	8,47
48,13	8,41
48,15	8,33
48,18	8,26
48,20	8,17
48,22	8,10
48,25	8,01
48,27	7,98
48,30	7,89
48,32	7,84
48,35	7,75
48,37	7,70
48,40	7,61
48,42	7,58
48,44	7,49
48,47	7,45
48,49	7,36
48,52	7,32
48,54	7,26
48,57	7,23
48,59	7,15
48,62	7,12
48,64	7,05
48,66	7,03
48,69	6,97
48,71	6,94
48,74	6,91
48,76	6,89
48,79	6,83
48,81	6,83
48,84	6,78
48,86	6,77
48,88	6,73
48,91	6,72
48,93	6,69
48,96	6,67
48,98	6,63
49,01	6,66
49,03	6,62
49,05	6,63
49,08	6,60
49,10	6,61
49,13	6,61
49,15	6,63
49,18	6,60
49,20	6,64
49,23	6,63
49,25	6,66
49,27	6,67
49,30	6,69
49,32	6,70
49,35	6,74
49,37	6,73
49,40	6,77
49,42	6,78
49,45	6,82
49,47	6,87
49,49	6,91
49,52	6,93
49,54	6,98
49,57	7,01
49,59	7,08
49,62	7,13
49,64	7,14
49,67	7,19
49,69	7,23
49,71	7,30
49,74	7,36
49,76	7,41
49,79	7,45
49,81	7,51
49,84	7,56
49,86	7,65
49,89	7,69
49,91	7,76
49,93	7,83
49,96	7,92
49,98	7,98
50,01	8,09
50,03	8,15
50,06	8,26
50,08	8,33
50,10	8,41
50,13	8,49
50,15	8,58
50,18	8,64
50,20	8,76
50,23	8,81
50,25	8,92
50,28	8,99
50,30	9,09
50,32	9,18
50,35	9,30
50,37	9,36
50,40	9,49
50,42	9,56
50,45	9,67
50,47	9,76
50,50	9,86
50,52	9,96
50,54	10,08
50,57	10,14
50,59	10,27
50,62	10,35
50,64	10,46
50,67	10,57
50,69	10,68
50,72	10,78
50,74	10,91
50,76	11,02
50,79	11,16
50,81	11,27
50,84	11,37
50,86	11,48
50,89	11,57
50,91	11,66
50,94	11,77
50,96	11,84
50,98	11,95
51,01	12,04
51,03	12,13
51,06	12,25
51,08	12,36
51,11	12,45
51,13	12,57
51,15	12,65
51,18	12,75
51,20	12,84
51,23	12,91
51,25	12,99
51,28	13,06
51,30	13,13
51,33	13,21
51,35	13,27
51,37	13,33
51,40	13,43
51,42	13,50
51,45	13,58
51,47	13,64
51,50	13,71
51,52	13,77
51,55	13,83
51,57	13,84
51,59	13,90
51,62	13,90
51,64	13,93
51,67	13,94
51,69	13,98
51,72	13,99
51,74	14,02
51,77	14,01
51,79	14,07
51,81	14,06
51,84	14,07
51,86	14,05
51,89	14,04
51,91	14,01
51,94	14,02
51,96	13,96
51,99	13,97
52,01	13,91
52,03	13,91
52,06	13,87
52,08	13,85
52,11	13,78
52,13	13,80
52,16	13,72
52,18	13,69
52,20	13,61
52,23	13,56
52,25	13,49
52,28	13,45
52,30	13,33
52,33	13,30
52,35	13,20
52,38	13,17
52,40	13,09
52,42	13,03
52,45	12,92
52,47	12,86
52,50	12,75
52,52	12,72
52,55	12,58
52,57	12,48
52,60	12,37
52,62	12,28
52,64	12,18
52,67	12,11
52,69	11,98
52,72	11,91
52,74	11,80
52,77	11,72
52,79	11,64
52,82	11,54
52,84	11,43
52,86	11,34
52,89	11,22
52,91	11,14
52,94	11,03
52,96	10,93
52,99	10,84
53,01	10,76
53,04	10,64
53,06	10,56
53,08	10,47
53,11	10,37
53,13	10,29
53,16	10,18
53,18	10,10
53,21	10,00
53,23	9,92
53,26	9,86
53,28	9,79
53,30	9,69
53,33	9,63
53,35	9,52
53,38	9,48
53,40	9,40
53,43	9,33
53,45	9,25
53,47	9,21
53,50	9,13
53,52	9,12
53,55	9,04
53,57	9,01
53,60	8,94
53,62	8,91
53,65	8,85
53,67	8,84
53,69	8,77
53,72	8,76
53,74	8,70
53,77	8,70
53,79	8,66
53,82	8,65
53,84	8,60
53,87	8,61
53,89	8,56
53,91	8,59
53,94	8,57
53,96	8,57
53,99	8,59
54,01	8,61
54,04	8,60
54,06	8,63
54,09	8,60
54,11	8,63
54,13	8,63
54,16	8,64
54,18	8,66
54,21	8,69
54,23	8,71
54,26	8,77
54,28	8,79
54,31	8,84
54,33	8,88
54,35	8,95
54,38	8,98
54,40	9,03
54,43	9,06
54,45	9,11
54,48	9,18
54,50	9,23
54,52	9,29
54,55	9,34
54,57	9,40
54,60	9,48
54,62	9,56
54,65	9,64
54,67	9,73
54,70	9,79
54,72	9,90
54,74	9,98
54,77	10,07
54,79	10,15
54,82	10,22
54,84	10,27
54,87	10,38
54,89	10,45
54,92	10,58
54,94	10,64
54,96	10,76
54,99	10,88
55,01	11,01
55,04	11,11
55,06	11,25
55,09	11,33
55,11	11,47
55,14	11,56
55,16	11,67
55,18	11,76
55,21	11,89
55,23	11,97
55,26	12,13
55,28	12,22
55,31	12,37
55,33	12,48
55,36	12,62
55,38	12,74
55,40	12,90
55,43	12,98
55,45	13,15
55,48	13,24
55,50	13,36
55,53	13,48
55,55	13,59
55,57	13,69
55,60	13,84
55,62	13,94
55,65	14,10
55,67	14,22
55,70	14,35
55,72	14,49
55,75	14,64
55,77	14,74
55,79	14,88
55,82	14,98
55,84	15,12
55,87	15,23
55,89	15,35
55,92	15,45
55,94	15,58
55,97	15,67
55,99	15,81
56,01	15,90
56,04	16,02
56,06	16,12
56,09	16,23
56,11	16,35
56,14	16,45
56,16	16,53
56,19	16,66
56,21	16,74
56,23	16,80
56,26	16,88
56,28	16,93
56,31	17,03
56,33	17,09
56,36	17,15
56,38	17,21
56,41	17,21
56,43	17,26
56,45	17,36
56,48	17,38
56,50	17,45
56,53	17,48
56,55	17,53
56,58	17,62
56,60	17,68
56,62	17,67
56,65	17,71
56,67	17,68
56,70	17,71
56,72	17,71
56,75	17,71
56,77	17,68
56,80	17,70
56,82	17,66
56,84	17,69
56,87	17,65
56,89	17,64
56,92	17,61
56,94	17,59
56,97	17,51
56,99	17,50
57,02	17,43
57,04	17,40
57,06	17,31
57,09	17,27
57,11	17,18
57,14	17,12
57,16	17,03
57,19	16,99
57,21	16,88
57,24	16,82
57,26	16,73
57,28	16,66
57,31	16,58
57,33	16,51
57,36	16,37
57,38	16,29
57,41	16,16
57,43	16,06
57,46	15,95
57,48	15,84
57,50	15,70
57,53	15,63
57,55	15,51
57,58	15,43
57,60	15,31
57,63	15,19
57,65	15,10
57,68	15,00
57,70	14,86
57,72	14,75
57,75	14,61
57,77	14,49
57,80	14,37
57,82	14,24
57,85	14,12
57,87	13,99
57,89	13,88
57,92	13,79
57,94	13,68
57,97	13,57
57,99	13,48
58,02	13,37
58,04	13,29
58,07	13,18
58,09	13,06
58,11	12,95
58,14	12,85
58,16	12,73
58,19	12,66
58,21	12,54
58,24	12,47
58,26	12,38
58,29	12,33
58,31	12,26
58,33	12,20
58,36	12,10
58,38	12,05
58,41	11,95
58,43	11,88
58,46	11,80
58,48	11,75
58,51	11,65
58,53	11,62
58,55	11,55
58,58	11,55
58,60	11,48
58,63	11,47
58,65	11,42
58,68	11,42
58,70	11,37
58,73	11,37
58,75	11,32
58,77	11,34
58,80	11,31
58,82	11,31
58,85	11,30
58,87	11,31
58,90	11,30
58,92	11,34
58,94	11,33
58,97	11,35
58,99	11,35
59,02	11,38
59,04	11,39
59,07	11,43
59,09	11,43
59,12	11,49
59,14	11,51
59,16	11,56
59,19	11,60
59,21	11,66
59,24	11,70
59,26	11,76
59,29	11,81
59,31	11,88
59,34	11,91
59,36	11,97
59,38	12,05
59,41	12,13
59,43	12,22
59,46	12,30
59,48	12,38
59,51	12,48
59,53	12,59
59,56	12,66
59,58	12,77
59,60	12,83
59,63	12,91
59,65	13,01
59,68	13,12
59,70	13,21
59,73	13,32
59,75	13,40
59,78	13,55
59,80	13,66
59,82	13,79
59,85	13,90
59,87	14,02
59,90	14,12
59,92	14,26
59,95	14,36
59,97	14,47
59,99	14,54
