U1/V	IA/nA
0,02	0,59
0,04	0,60
0,07	0,49
0,09	0,49
0,12	0,41
0,14	0,50
0,17	0,41
0,19	0,49
0,21	0,40
0,24	0,52
0,26	0,45
0,29	0,51
0,31	0,43
0,34	0,48
0,36	0,41
0,39	0,48
0,41	0,38
0,43	0,45
0,46	0,37
0,48	0,44
0,51	0,41
0,53	0,48
0,56	0,42
0,58	0,47
0,61	0,40
0,63	0,46
0,65	0,42
0,68	0,47
0,70	0,43
0,73	0,46
0,75	0,41
0,78	0,45
0,80	0,43
0,83	0,46
0,85	0,45
0,87	0,45
0,90	0,42
0,92	0,43
0,95	0,44
0,97	0,49
1,00	0,48
1,02	0,45
1,05	0,45
1,07	0,43
1,09	0,48
1,12	0,46
1,14	0,46
1,17	0,41
1,19	0,43
1,22	0,40
1,24	0,48
1,26	0,44
1,29	0,47
1,31	0,41
1,34	0,45
1,36	0,42
1,39	0,49
1,41	0,44
1,44	0,49
1,46	0,42
1,48	0,48
1,51	0,43
1,53	0,48
1,56	0,42
1,58	0,49
1,61	0,40
1,63	0,48
1,66	0,41
1,68	0,49
1,70	0,46
1,73	0,53
1,75	0,43
1,78	0,52
1,80	0,43
1,83	0,53
1,85	0,44
1,88	0,49
1,90	0,41
1,92	0,46
1,95	0,40
1,97	0,47
2,00	0,41
2,02	0,46
2,05	0,42
2,07	0,47
2,10	0,46
2,12	0,49
2,14	0,45
2,17	0,47
2,19	0,45
2,22	0,46
2,24	0,46
2,27	0,45
2,29	0,44
2,31	0,46
2,34	0,44
2,36	0,47
2,39	0,46
2,41	0,46
2,44	0,48
2,46	0,48
2,49	0,48
2,51	0,50
2,53	0,46
2,56	0,46
2,58	0,44
2,61	0,42
2,63	0,44
2,66	0,43
2,68	0,43
2,71	0,45
2,73	0,45
2,75	0,44
2,78	0,46
2,80	0,45
2,83	0,46
2,85	0,45
2,88	0,45
2,90	0,45
2,93	0,46
2,95	0,45
2,97	0,47
3,00	0,43
3,02	0,44
3,05	0,43
3,07	0,45
3,10	0,44
3,12	0,45
3,15	0,43
3,17	0,49
3,19	0,47
3,22	0,50
3,24	0,48
3,27	0,49
3,29	0,47
3,32	0,48
3,34	0,44
3,36	0,46
3,39	0,42
3,41	0,44
3,44	0,42
3,46	0,44
3,49	0,42
3,51	0,45
3,54	0,43
3,56	0,46
3,58	0,44
3,61	0,46
3,63	0,44
3,66	0,46
3,68	0,43
3,71	0,46
3,73	0,42
3,76	0,45
3,78	0,43
3,80	0,44
3,83	0,43
3,85	0,46
3,88	0,43
3,90	0,48
3,93	0,46
3,95	0,46
3,98	0,45
4,00	0,46
4,02	0,45
4,05	0,47
4,07	0,44
4,10	0,45
4,12	0,42
4,15	0,43
4,17	0,44
4,20	0,45
4,22	0,44
4,24	0,45
4,27	0,44
4,29	0,46
4,32	0,45
4,34	0,45
4,37	0,44
4,39	0,43
4,42	0,42
4,44	0,43
4,46	0,44
4,49	0,44
4,51	0,45
4,54	0,45
4,56	0,47
4,59	0,47
4,61	0,46
4,63	0,47
4,66	0,47
4,68	0,44
4,71	0,46
4,73	0,44
4,76	0,46
4,78	0,45
4,81	0,46
4,83	0,45
4,85	0,45
4,88	0,43
4,90	0,46
4,93	0,45
4,95	0,47
4,98	0,45
5,00	0,46
5,03	0,45
5,05	0,48
5,07	0,45
5,10	0,47
5,12	0,44
5,15	0,46
5,17	0,45
5,20	0,46
5,22	0,44
5,25	0,46
5,27	0,44
5,29	0,47
5,32	0,45
5,34	0,47
5,37	0,46
5,39	0,47
5,42	0,45
5,44	0,47
5,47	0,44
5,49	0,46
5,51	0,44
5,54	0,45
5,56	0,44
5,59	0,45
5,61	0,43
5,64	0,47
5,66	0,45
5,68	0,46
5,71	0,45
5,73	0,46
5,76	0,46
5,78	0,47
5,81	0,43
5,83	0,45
5,86	0,44
5,88	0,45
5,90	0,47
5,93	0,48
5,95	0,47
5,98	0,49
6,00	0,48
6,03	0,50
6,05	0,50
6,08	0,47
6,10	0,46
6,12	0,45
6,15	0,45
6,17	0,46
6,20	0,45
6,22	0,44
6,25	0,45
6,27	0,44
6,30	0,46
6,32	0,43
6,34	0,43
6,37	0,43
6,39	0,44
6,42	0,43
6,44	0,45
6,47	0,43
6,49	0,47
6,52	0,46
6,54	0,45
6,56	0,45
6,59	0,46
6,61	0,45
6,64	0,48
6,66	0,45
6,69	0,47
6,71	0,46
6,73	0,47
6,76	0,46
6,78	0,49
6,81	0,46
6,83	0,48
6,86	0,45
6,88	0,48
6,91	0,46
6,93	0,48
6,95	0,45
6,98	0,46
7,00	0,43
7,03	0,47
7,05	0,43
7,08	0,44
7,10	0,43
7,13	0,45
7,15	0,44
7,17	0,47
7,20	0,43
7,22	0,47
7,25	0,46
7,27	0,47
7,30	0,45
7,32	0,45
7,35	0,43
7,37	0,47
7,39	0,46
7,42	0,48
7,44	0,46
7,47	0,48
7,49	0,48
7,52	0,49
7,54	0,46
7,57	0,48
7,59	0,45
7,61	0,45
7,64	0,45
7,66	0,45
7,69	0,46
7,71	0,47
7,74	0,46
7,76	0,48
7,78	0,46
7,81	0,45
7,83	0,47
7,86	0,46
7,88	0,46
7,91	0,45
7,93	0,44
7,96	0,46
7,98	0,47
8,00	0,46
8,03	0,47
8,05	0,46
8,08	0,48
8,10	0,50
8,13	0,50
8,15	0,49
8,18	0,50
8,20	0,48
8,22	0,50
8,25	0,48
8,27	0,48
8,30	0,47
8,32	0,48
8,35	0,46
8,37	0,48
8,40	0,45
8,42	0,47
8,44	0,46
8,47	0,47
8,49	0,47
8,52	0,48
8,54	0,46
8,57	0,50
8,59	0,48
8,62	0,50
8,64	0,48
8,66	0,50
8,69	0,48
8,71	0,51
8,74	0,47
8,76	0,50
8,79	0,47
8,81	0,50
8,84	0,50
8,86	0,52
8,88	0,49
8,91	0,51
8,93	0,48
8,96	0,52
8,98	0,50
9,01	0,49
9,03	0,48
9,05	0,49
9,08	0,47
9,10	0,50
9,13	0,47
9,15	0,48
9,18	0,46
9,20	0,48
9,23	0,48
9,25	0,50
9,27	0,48
9,30	0,51
9,32	0,50
9,35	0,51
9,37	0,51
9,40	0,51
9,42	0,50
9,45	0,51
9,47	0,47
9,49	0,48
9,52	0,47
9,54	0,47
9,57	0,49
9,59	0,48
9,62	0,48
9,64	0,48
9,67	0,49
9,69	0,52
9,71	0,53
9,74	0,50
9,76	0,51
9,79	0,49
9,81	0,50
9,84	0,49
9,86	0,49
9,89	0,47
9,91	0,47
9,93	0,45
9,96	0,48
9,98	0,48
10,01	0,49
10,03	0,49
10,06	0,51
10,08	0,51
10,10	0,54
10,13	0,52
10,15	0,54
10,18	0,53
10,20	0,52
10,23	0,51
10,25	0,52
10,28	0,50
10,30	0,54
10,32	0,51
10,35	0,53
10,37	0,52
10,40	0,54
10,42	0,54
10,45	0,57
10,47	0,52
10,50	0,55
10,52	0,52
10,54	0,54
10,57	0,52
10,59	0,52
10,62	0,50
10,64	0,53
10,67	0,51
10,69	0,55
10,72	0,52
10,74	0,55
10,76	0,55
10,79	0,57
10,81	0,55
10,84	0,57
10,86	0,54
10,89	0,57
10,91	0,55
10,94	0,55
10,96	0,53
10,98	0,54
11,01	0,53
11,03	0,57
11,06	0,55
11,08	0,57
11,11	0,56
11,13	0,57
11,15	0,59
11,18	0,59
11,20	0,56
11,23	0,58
11,25	0,56
11,28	0,55
11,30	0,55
11,33	0,53
11,35	0,53
11,37	0,53
11,40	0,53
11,42	0,54
11,45	0,54
11,47	0,54
11,50	0,58
11,52	0,58
11,55	0,60
11,57	0,59
11,59	0,60
11,62	0,59
11,64	0,61
11,67	0,58
11,69	0,59
11,72	0,56
11,74	0,58
11,77	0,56
11,79	0,58
11,81	0,56
11,84	0,58
11,86	0,55
11,89	0,60
11,91	0,58
11,94	0,60
11,96	0,60
11,99	0,60
12,01	0,57
12,03	0,59
12,06	0,55
12,08	0,58
12,11	0,55
12,13	0,57
12,16	0,57
12,18	0,60
12,21	0,58
12,23	0,64
12,25	0,61
12,28	0,64
12,30	0,61
12,33	0,63
12,35	0,62
12,38	0,64
12,40	0,59
12,42	0,62
12,45	0,58
12,47	0,61
12,50	0,60
12,52	0,64
12,55	0,62
12,57	0,65
12,60	0,63
12,62	0,69
12,64	0,67
12,67	0,68
12,69	0,64
12,72	0,64
12,74	0,62
12,77	0,63
12,79	0,60
12,82	0,62
12,84	0,59
12,86	0,61
12,89	0,63
12,91	0,64
12,94	0,63
12,96	0,66
12,99	0,65
13,01	0,66
13,04	0,67
13,06	0,67
13,08	0,67
13,11	0,67
13,13	0,65
13,16	0,66
13,18	0,66
13,21	0,66
13,23	0,67
13,26	0,66
13,28	0,67
13,30	0,66
13,33	0,67
13,35	0,70
13,38	0,71
13,40	0,70
13,43	0,72
13,45	0,69
13,47	0,71
13,50	0,70
13,52	0,69
13,55	0,68
13,57	0,69
13,60	0,66
13,62	0,71
13,65	0,70
13,67	0,71
13,69	0,72
13,72	0,74
13,74	0,72
13,77	0,76
13,79	0,74
13,82	0,76
13,84	0,73
13,87	0,73
13,89	0,72
13,91	0,73
13,94	0,70
13,96	0,73
13,99	0,70
14,01	0,73
14,04	0,71
14,06	0,73
14,09	0,75
14,11	0,77
14,13	0,75
14,16	0,78
14,18	0,73
14,21	0,76
14,23	0,74
14,26	0,73
14,28	0,72
14,31	0,74
14,33	0,72
14,35	0,76
14,38	0,74
14,40	0,76
14,43	0,76
14,45	0,77
14,48	0,74
14,50	0,75
14,52	0,74
14,55	0,75
14,57	0,75
14,60	0,75
14,62	0,75
14,65	0,78
14,67	0,77
14,70	0,77
14,72	0,77
14,74	0,79
14,77	0,80
14,79	0,79
14,82	0,82
14,84	0,81
14,87	0,83
14,89	0,83
14,92	0,81
14,94	0,80
14,96	0,81
14,99	0,79
15,01	0,80
15,04	0,78
15,06	0,78
15,09	0,79
15,11	0,79
15,14	0,78
15,16	0,80
15,18	0,78
15,21	0,81
15,23	0,81
15,26	0,81
15,28	0,80
15,31	0,82
15,33	0,81
15,36	0,83
15,38	0,80
15,40	0,81
15,43	0,79
15,45	0,82
15,48	0,80
15,50	0,83
15,53	0,81
15,55	0,87
15,57	0,84
15,60	0,87
15,62	0,84
15,65	0,85
15,67	0,81
15,70	0,84
15,72	0,80
15,75	0,84
15,77	0,80
15,79	0,82
15,82	0,83
15,84	0,85
15,87	0,83
15,89	0,85
15,92	0,82
15,94	0,86
15,97	0,84
15,99	0,86
16,01	0,84
16,04	0,86
16,06	0,84
16,09	0,87
16,11	0,84
16,14	0,86
16,16	0,85
16,19	0,86
16,21	0,84
16,23	0,86
16,26	0,84
16,28	0,90
16,31	0,89
16,33	0,90
16,36	0,89
16,38	0,89
16,41	0,90
16,43	0,89
16,45	0,86
16,48	0,86
16,50	0,83
16,53	0,83
16,55	0,85
16,58	0,84
16,60	0,85
16,63	0,85
16,65	0,86
16,67	0,88
16,70	0,90
16,72	0,89
16,75	0,91
16,77	0,89
16,80	0,90
16,82	0,90
16,84	0,90
16,87	0,88
16,89	0,90
16,92	0,88
16,94	0,91
16,97	0,90
16,99	0,92
17,02	0,92
17,04	0,93
17,06	0,92
17,09	0,94
17,11	0,91
17,14	0,92
17,16	0,91
17,19	0,93
17,21	0,91
17,24	0,91
17,26	0,89
17,28	0,93
17,31	0,91
17,33	0,94
17,36	0,92
17,38	0,95
17,41	0,94
17,43	0,97
17,46	0,95
17,48	0,98
17,50	0,95
17,53	0,98
17,55	0,98
17,58	0,99
17,60	0,97
17,63	0,99
17,65	0,98
17,68	1,02
17,70	1,00
17,72	1,00
17,75	1,00
17,77	1,01
17,80	1,00
17,82	1,03
17,85	1,00
17,87	1,01
17,89	1,00
17,92	1,01
17,94	1,01
17,97	1,01
17,99	1,00
18,02	1,02
18,04	1,01
18,07	1,02
18,09	1,03
18,11	1,04
18,14	1,06
18,16	1,07
18,19	1,04
18,21	1,06
18,24	1,07
18,26	1,07
18,29	1,09
18,31	1,07
18,33	1,07
18,36	1,09
18,38	1,10
18,41	1,10
18,43	1,12
18,46	1,08
18,48	1,11
18,51	1,11
18,53	1,12
18,55	1,12
18,58	1,12
18,60	1,11
18,63	1,13
18,65	1,11
18,68	1,14
18,70	1,11
18,73	1,12
18,75	1,13
18,77	1,15
18,80	1,13
18,82	1,16
18,85	1,14
18,87	1,18
18,90	1,17
18,92	1,17
18,94	1,15
18,97	1,18
18,99	1,16
19,02	1,20
19,04	1,18
19,07	1,20
19,09	1,19
19,12	1,21
19,14	1,20
19,16	1,22
19,19	1,17
19,21	1,20
19,24	1,17
19,26	1,19
19,29	1,17
19,31	1,19
19,34	1,17
19,36	1,20
19,38	1,18
19,41	1,20
19,43	1,16
19,46	1,18
19,48	1,18
19,51	1,20
19,53	1,18
19,56	1,20
19,58	1,19
19,60	1,23
19,63	1,22
19,65	1,22
19,68	1,21
19,70	1,22
19,73	1,20
19,75	1,23
19,78	1,23
19,80	1,24
19,82	1,24
19,85	1,24
19,87	1,24
19,90	1,24
19,92	1,23
19,95	1,25
19,97	1,25
19,99	1,23
20,02	1,23
20,04	1,22
20,07	1,22
20,09	1,22
20,12	1,21
20,14	1,20
20,17	1,20
20,19	1,20
20,21	1,24
20,24	1,23
20,26	1,24
20,29	1,22
20,31	1,24
20,34	1,24
20,36	1,26
20,39	1,22
20,41	1,24
20,43	1,21
20,46	1,23
20,48	1,24
20,51	1,25
20,53	1,23
20,56	1,25
20,58	1,24
20,61	1,28
20,63	1,26
20,65	1,26
20,68	1,24
20,70	1,25
20,73	1,21
20,75	1,22
20,78	1,19
20,80	1,21
20,83	1,18
20,85	1,20
20,87	1,19
20,90	1,20
20,92	1,18
20,95	1,22
20,97	1,19
21,00	1,22
21,02	1,20
21,05	1,23
21,07	1,23
21,09	1,25
21,12	1,21
21,14	1,25
21,17	1,23
21,19	1,25
21,22	1,25
21,24	1,26
21,26	1,25
21,29	1,28
21,31	1,26
21,34	1,28
21,36	1,26
21,39	1,25
21,41	1,25
21,44	1,25
21,46	1,24
21,48	1,26
21,51	1,24
21,53	1,25
21,56	1,25
21,58	1,26
21,61	1,27
21,63	1,29
21,66	1,29
21,68	1,32
21,70	1,32
21,73	1,33
21,75	1,35
21,78	1,34
21,80	1,35
21,83	1,34
21,85	1,34
21,88	1,34
21,90	1,35
21,92	1,34
21,95	1,38
21,97	1,37
22,00	1,40
22,02	1,38
22,05	1,41
22,07	1,42
22,10	1,44
22,12	1,41
22,14	1,43
22,17	1,40
22,19	1,42
22,22	1,41
22,24	1,43
22,27	1,41
22,29	1,44
22,31	1,42
22,34	1,47
22,36	1,46
22,39	1,48
22,41	1,48
22,44	1,50
22,46	1,50
22,49	1,53
22,51	1,52
22,53	1,56
22,56	1,54
22,58	1,57
22,61	1,57
22,63	1,59
22,66	1,57
22,68	1,61
22,71	1,60
22,73	1,63
22,75	1,61
22,78	1,62
22,80	1,63
22,83	1,65
22,85	1,62
22,88	1,64
22,90	1,62
22,93	1,64
22,95	1,63
22,97	1,64
23,00	1,64
23,02	1,66
23,05	1,64
23,07	1,67
23,10	1,66
23,12	1,67
23,15	1,69
23,17	1,71
23,19	1,71
23,22	1,73
23,24	1,73
23,27	1,74
23,29	1,76
23,32	1,74
23,34	1,74
23,36	1,73
23,39	1,73
23,41	1,75
23,44	1,76
23,46	1,77
23,49	1,78
23,51	1,77
23,54	1,80
23,56	1,80
23,58	1,80
23,61	1,79
23,63	1,78
23,66	1,76
23,68	1,78
23,71	1,76
23,73	1,77
23,76	1,75
23,78	1,76
23,80	1,76
23,83	1,78
23,85	1,76
23,88	1,81
23,90	1,79
23,93	1,81
23,95	1,78
23,98	1,81
24,00	1,78
24,02	1,81
24,05	1,76
24,07	1,79
24,10	1,75
24,12	1,78
24,15	1,77
24,17	1,80
24,20	1,77
24,22	1,79
24,24	1,77
24,27	1,82
24,29	1,79
24,32	1,79
24,34	1,76
24,37	1,76
24,39	1,74
24,42	1,76
24,44	1,71
24,46	1,74
24,49	1,71
24,51	1,72
24,54	1,73
24,56	1,74
24,59	1,72
24,61	1,75
24,63	1,73
24,66	1,75
24,68	1,74
24,71	1,75
24,73	1,74
24,76	1,75
24,78	1,71
24,81	1,73
24,83	1,71
24,85	1,72
24,88	1,71
24,90	1,69
24,93	1,69
24,95	1,68
24,98	1,68
25,00	1,71
25,03	1,71
25,05	1,70
25,07	1,70
25,10	1,67
25,12	1,68
25,15	1,67
25,17	1,65
25,20	1,63
25,22	1,62
25,25	1,61
25,27	1,65
25,29	1,64
25,32	1,65
25,34	1,66
25,37	1,67
25,39	1,68
25,42	1,70
25,44	1,68
25,47	1,69
25,49	1,67
25,51	1,66
25,54	1,66
25,56	1,66
25,59	1,65
25,61	1,67
25,64	1,65
25,66	1,68
25,68	1,66
25,71	1,67
25,73	1,69
25,76	1,71
25,78	1,68
25,81	1,71
25,83	1,66
25,86	1,68
25,88	1,67
25,90	1,67
25,93	1,65
25,95	1,68
25,98	1,66
26,00	1,72
26,03	1,70
26,05	1,72
26,08	1,73
26,10	1,76
26,12	1,76
26,15	1,78
26,17	1,76
26,20	1,79
26,22	1,78
26,25	1,79
26,27	1,79
26,30	1,80
26,32	1,79
26,34	1,83
26,37	1,82
26,39	1,85
26,42	1,84
26,44	1,85
26,47	1,88
26,49	1,89
26,52	1,89
26,54	1,91
26,56	1,90
26,59	1,93
26,61	1,93
26,64	1,92
26,66	1,93
26,69	1,95
26,71	1,96
26,73	1,98
26,76	1,98
26,78	1,99
26,81	2,04
26,83	2,05
26,86	2,07
26,88	2,07
26,91	2,09
26,93	2,09
26,95	2,12
26,98	2,11
27,00	2,14
27,03	2,12
27,05	2,15
27,08	2,16
27,10	2,19
27,13	2,20
27,15	2,23
27,17	2,22
27,20	2,30
27,22	2,29
27,25	2,32
27,27	2,32
27,30	2,32
27,32	2,31
27,35	2,34
27,37	2,32
27,39	2,36
27,42	2,34
27,44	2,37
27,47	2,39
27,49	2,41
27,52	2,40
27,54	2,44
27,57	2,42
27,59	2,46
27,61	2,45
27,64	2,49
27,66	2,50
27,69	2,53
27,71	2,51
27,74	2,56
27,76	2,54
27,78	2,56
27,81	2,54
27,83	2,57
27,86	2,56
27,88	2,58
27,91	2,56
27,93	2,63
27,96	2,62
27,98	2,64
28,00	2,63
28,03	2,63
28,05	2,63
28,08	2,65
28,10	2,61
28,13	2,63
28,15	2,61
28,18	2,62
28,20	2,63
28,22	2,65
28,25	2,64
28,27	2,66
28,30	2,64
28,32	2,66
28,35	2,67
28,37	2,67
28,40	2,67
28,42	2,66
28,44	2,65
28,47	2,66
28,49	2,64
28,52	2,63
28,54	2,64
28,57	2,62
28,59	2,64
28,62	2,63
28,64	2,64
28,66	2,67
28,69	2,67
28,71	2,64
28,74	2,65
28,76	2,61
28,79	2,62
28,81	2,59
28,84	2,58
28,86	2,55
28,88	2,55
28,91	2,51
28,93	2,55
28,96	2,52
28,98	2,53
29,01	2,51
29,03	2,52
29,05	2,50
29,08	2,52
29,10	2,48
29,13	2,50
29,15	2,46
29,18	2,48
29,20	2,46
29,23	2,47
29,25	2,43
29,27	2,45
29,30	2,41
29,32	2,44
29,35	2,41
29,37	2,41
29,40	2,41
29,42	2,42
29,45	2,40
29,47	2,42
29,49	2,39
29,52	2,40
29,54	2,36
29,57	2,35
29,59	2,33
29,62	2,32
29,64	2,29
29,67	2,31
29,69	2,27
29,71	2,28
29,74	2,27
29,76	2,27
29,79	2,27
29,81	2,27
29,84	2,23
29,86	2,25
29,89	2,24
29,91	2,24
29,93	2,24
29,96	2,21
29,98	2,20
30,01	2,21
30,03	2,22
30,06	2,22
30,08	2,23
30,10	2,20
30,13	2,23
30,15	2,22
30,18	2,23
30,20	2,22
30,23	2,22
30,25	2,20
30,28	2,22
30,30	2,20
30,32	2,22
30,35	2,19
30,37	2,19
30,40	2,19
30,42	2,20
30,45	2,19
30,47	2,22
30,50	2,21
30,52	2,25
30,54	2,24
30,57	2,25
30,59	2,24
30,62	2,27
30,64	2,26
30,67	2,31
30,69	2,28
30,72	2,31
30,74	2,30
30,76	2,34
30,79	2,34
30,81	2,37
30,84	2,33
30,86	2,39
30,89	2,37
30,91	2,42
30,94	2,40
30,96	2,43
30,98	2,42
31,01	2,47
31,03	2,46
31,06	2,50
31,08	2,48
31,11	2,50
31,13	2,51
31,15	2,55
31,18	2,55
31,20	2,60
31,23	2,59
31,25	2,65
31,28	2,67
31,30	2,70
31,33	2,71
31,35	2,74
31,37	2,74
31,40	2,79
31,42	2,79
31,45	2,82
31,47	2,85
31,50	2,88
31,52	2,90
31,55	2,93
31,57	2,94
31,59	2,98
31,62	3,01
31,64	3,02
31,67	3,03
31,69	3,05
31,72	3,08
31,74	3,11
31,77	3,14
31,79	3,15
31,81	3,16
31,84	3,18
31,86	3,23
31,89	3,25
31,91	3,29
31,94	3,30
31,96	3,33
31,99	3,37
32,01	3,41
32,03	3,41
32,06	3,45
32,08	3,44
32,11	3,48
32,13	3,51
32,16	3,55
32,18	3,56
32,20	3,61
32,23	3,59
32,25	3,65
32,28	3,65
32,30	3,67
32,33	3,66
32,35	3,69
32,38	3,67
32,40	3,72
32,42	3,70
32,45	3,73
32,47	3,73
32,50	3,77
32,52	3,77
32,55	3,78
32,57	3,77
32,60	3,82
32,62	3,80
32,64	3,83
32,67	3,81
32,69	3,83
32,72	3,84
32,74	3,87
32,77	3,83
32,79	3,86
32,82	3,84
32,84	3,87
32,86	3,87
32,89	3,88
32,91	3,85
32,94	3,87
32,96	3,85
32,99	3,88
33,01	3,86
33,04	3,85
33,06	3,83
33,08	3,84
33,11	3,83
33,13	3,84
33,16	3,81
33,18	3,80
33,21	3,78
33,23	3,76
33,26	3,75
33,28	3,73
33,30	3,70
33,33	3,70
33,35	3,68
33,38	3,67
33,40	3,67
33,43	3,65
33,45	3,65
33,47	3,63
33,50	3,60
33,52	3,59
33,55	3,58
33,57	3,55
33,60	3,57
33,62	3,54
33,65	3,53
33,67	3,51
33,69	3,51
33,72	3,50
33,74	3,48
33,77	3,42
33,79	3,43
33,82	3,38
33,84	3,37
33,87	3,34
33,89	3,33
33,91	3,29
33,94	3,30
33,96	3,24
33,99	3,27
34,01	3,23
34,04	3,22
34,06	3,18
34,09	3,19
34,11	3,14
34,13	3,16
34,16	3,12
34,18	3,13
34,21	3,10
34,23	3,10
34,26	3,07
34,28	3,08
34,31	3,04
34,33	3,07
34,35	3,04
34,38	3,04
34,40	3,01
34,43	3,00
34,45	2,98
34,48	2,98
34,50	2,93
34,52	2,95
34,55	2,92
34,57	2,93
34,60	2,91
34,62	2,91
34,65	2,89
34,67	2,90
34,70	2,87
34,72	2,88
34,74	2,85
34,77	2,86
34,79	2,87
34,82	2,88
34,84	2,87
34,87	2,87
34,89	2,86
34,92	2,87
34,94	2,86
34,96	2,85
34,99	2,85
35,01	2,84
35,04	2,84
35,06	2,88
35,09	2,90
35,11	2,91
35,14	2,93
35,16	2,92
35,18	2,95
35,21	2,96
35,23	2,95
35,26	2,95
35,28	2,95
35,31	2,94
35,33	2,96
35,36	2,96
35,38	2,99
35,40	2,99
35,43	3,01
35,45	3,03
35,48	3,07
35,50	3,08
35,53	3,12
35,55	3,11
35,57	3,15
35,60	3,16
35,62	3,19
35,65	3,19
35,67	3,23
35,70	3,22
35,72	3,28
35,75	3,28
35,77	3,32
35,79	3,35
35,82	3,41
35,84	3,41
35,87	3,46
35,89	3,46
35,92	3,53
35,94	3,54
35,97	3,56
35,99	3,57
36,01	3,62
36,04	3,64
36,06	3,70
36,09	3,70
36,11	3,77
36,14	3,78
36,16	3,83
36,19	3,87
36,21	3,93
36,23	3,95
36,26	4,03
36,28	4,04
36,31	4,10
36,33	4,13
36,36	4,17
36,38	4,20
36,41	4,25
36,43	4,24
36,45	4,30
36,48	4,33
36,50	4,39
36,53	4,46
36,55	4,50
36,58	4,53
36,60	4,59
36,62	4,62
36,65	4,68
36,67	4,71
36,70	4,71
36,72	4,73
36,75	4,75
36,77	4,79
36,80	4,83
36,82	4,86
36,84	4,88
36,87	4,92
36,89	4,96
36,92	5,03
36,94	5,03
36,97	5,07
36,99	5,09
37,02	5,13
37,04	5,14
37,06	5,18
37,09	5,18
37,11	5,22
37,14	5,23
37,16	5,26
37,19	5,27
37,21	5,30
37,24	5,29
37,26	5,35
37,28	5,34
37,31	5,37
37,33	5,37
37,36	5,38
37,38	5,40
37,41	5,42
37,43	5,38
37,46	5,42
37,48	5,38
37,50	5,41
37,53	5,39
37,55	5,39
37,58	5,36
37,60	5,38
37,63	5,35
37,65	5,37
37,68	5,34
37,70	5,36
37,72	5,35
37,75	5,37
37,77	5,34
37,80	5,36
37,82	5,31
37,85	5,32
37,87	5,29
37,89	5,27
37,92	5,23
37,94	5,21
37,97	5,16
37,99	5,18
38,02	5,13
38,04	5,13
38,07	5,09
38,09	5,07
38,11	5,06
38,14	5,04
38,16	4,99
38,19	4,98
38,21	4,92
38,24	4,89
38,26	4,85
38,29	4,80
38,31	4,76
38,33	4,74
38,36	4,70
38,38	4,69
38,41	4,64
38,43	4,62
38,46	4,62
38,48	4,59
38,51	4,56
38,53	4,52
38,55	4,48
38,58	4,45
38,60	4,42
38,63	4,35
38,65	4,34
38,68	4,28
38,70	4,26
38,73	4,23
38,75	4,22
38,77	4,19
38,80	4,18
38,82	4,13
38,85	4,14
38,87	4,10
38,90	4,08
38,92	4,04
38,94	4,01
38,97	3,96
38,99	3,95
39,02	3,88
39,04	3,89
39,07	3,84
39,09	3,86
39,12	3,83
39,14	3,83
39,16	3,80
39,19	3,83
39,21	3,78
39,24	3,80
39,26	3,75
39,29	3,76
39,31	3,73
39,34	3,75
39,36	3,68
39,38	3,70
39,41	3,65
39,43	3,66
39,46	3,63
39,48	3,64
39,51	3,61
39,53	3,64
39,56	3,61
39,58	3,67
39,60	3,64
39,63	3,65
39,65	3,64
39,68	3,63
39,70	3,62
39,73	3,63
39,75	3,60
39,78	3,62
39,80	3,61
39,82	3,62
39,85	3,65
39,87	3,68
39,90	3,68
39,92	3,72
39,95	3,72
39,97	3,75
39,99	3,78
40,02	3,79
40,04	3,81
40,07	3,83
40,09	3,83
40,12	3,86
40,14	3,87
40,17	3,89
40,19	3,93
40,21	3,93
40,24	3,97
40,26	4,00
40,29	4,04
40,31	4,10
40,34	4,14
40,36	4,15
40,39	4,22
40,41	4,22
40,43	4,27
40,46	4,29
40,48	4,32
40,51	4,34
40,53	4,38
40,56	4,40
40,58	4,48
40,61	4,50
40,63	4,57
40,65	4,62
40,68	4,68
40,70	4,72
40,73	4,79
40,75	4,81
40,78	4,88
40,80	4,90
40,83	4,95
40,85	4,99
40,87	5,05
40,90	5,09
40,92	5,16
40,95	5,20
40,97	5,28
41,00	5,32
41,02	5,39
41,05	5,46
41,07	5,53
41,09	5,57
41,12	5,65
41,14	5,66
41,17	5,74
41,19	5,77
41,22	5,82
41,24	5,86
41,26	5,92
41,29	5,96
41,31	6,05
41,34	6,09
41,36	6,16
41,39	6,24
41,41	6,30
41,44	6,36
41,46	6,42
41,48	6,45
41,51	6,51
41,53	6,55
41,56	6,59
41,58	6,65
41,61	6,67
41,63	6,70
41,66	6,76
41,68	6,81
41,70	6,87
41,73	6,90
41,75	6,92
41,78	7,00
41,80	7,03
41,83	7,07
41,85	7,10
41,88	7,11
41,90	7,13
41,92	7,17
41,95	7,16
41,97	7,21
42,00	7,21
42,02	7,23
42,05	7,26
42,07	7,28
42,10	7,28
42,12	7,33
42,14	7,31
42,17	7,34
42,19	7,33
42,22	7,34
42,24	7,33
42,27	7,35
42,29	7,31
42,31	7,34
42,34	7,29
42,36	7,30
42,39	7,27
42,41	7,28
42,44	7,24
42,46	7,25
42,49	7,19
42,51	7,24
42,53	7,20
42,56	7,20
42,58	7,16
42,61	7,13
42,63	7,07
42,66	7,07
42,68	6,98
42,71	6,97
42,73	6,89
42,75	6,88
42,78	6,84
42,80	6,83
42,83	6,76
42,85	6,75
42,88	6,68
42,90	6,68
42,93	6,62
42,95	6,60
42,97	6,54
43,00	6,50
43,02	6,43
43,05	6,41
43,07	6,32
43,10	6,29
43,12	6,21
43,15	6,17
43,17	6,12
43,19	6,08
43,22	6,02
43,24	6,03
43,27	5,96
43,29	5,91
43,32	5,86
43,34	5,81
43,36	5,77
43,39	5,72
43,41	5,65
43,44	5,61
43,46	5,55
43,49	5,49
43,51	5,47
43,54	5,42
43,56	5,38
43,58	5,35
43,61	5,31
43,63	5,28
43,66	5,27
43,68	5,21
43,71	5,19
43,73	5,13
43,76	5,09
43,78	5,05
43,80	5,01
43,83	4,95
43,85	4,94
43,88	4,88
43,90	4,88
43,93	4,84
43,95	4,83
43,98	4,82
44,00	4,81
44,02	4,76
44,05	4,77
44,07	4,73
44,10	4,73
44,12	4,68
44,15	4,67
44,17	4,64
44,20	4,63
44,22	4,59
44,24	4,61
44,27	4,59
44,29	4,60
44,32	4,58
44,34	4,60
44,37	4,59
44,39	4,62
44,41	4,58
44,44	4,60
44,46	4,59
44,49	4,61
44,51	4,61
44,54	4,62
44,56	4,62
44,59	4,65
44,61	4,66
44,63	4,69
44,66	4,69
44,68	4,71
44,71	4,73
44,73	4,76
44,76	4,77
44,78	4,81
44,81	4,83
44,83	4,85
44,85	4,87
44,88	4,91
44,90	4,95
44,93	4,99
44,95	5,02
44,98	5,06
45,00	5,09
45,03	5,12
45,05	5,17
45,07	5,21
45,10	5,26
45,12	5,30
45,15	5,34
45,17	5,39
45,20	5,46
45,22	5,50
45,25	5,57
45,27	5,60
45,29	5,67
45,32	5,71
45,34	5,79
45,37	5,83
45,39	5,90
45,42	5,91
45,44	6,02
45,47	6,05
45,49	6,13
45,51	6,18
45,54	6,27
45,56	6,33
45,59	6,42
45,61	6,46
45,64	6,56
45,66	6,59
45,68	6,67
45,71	6,72
45,73	6,80
45,76	6,85
45,78	6,94
45,81	6,98
45,83	7,10
45,86	7,15
45,88	7,24
45,90	7,31
45,93	7,41
45,95	7,47
45,98	7,59
46,00	7,62
46,03	7,71
46,05	7,76
46,08	7,85
46,10	7,90
46,12	8,00
46,15	8,03
46,17	8,15
46,20	8,21
46,22	8,29
46,25	8,35
46,27	8,44
46,30	8,48
46,32	8,57
46,34	8,63
46,37	8,70
46,39	8,73
46,42	8,79
46,44	8,85
46,47	8,92
46,49	8,97
46,52	9,01
46,54	9,04
46,56	9,12
46,59	9,18
46,61	9,21
46,64	9,25
46,66	9,28
46,69	9,33
46,71	9,38
46,73	9,42
46,76	9,44
46,78	9,48
46,81	9,49
46,83	9,54
46,86	9,55
46,88	9,57
46,91	9,60
46,93	9,62
46,95	9,61
46,98	9,64
47,00	9,62
47,03	9,65
47,05	9,62
47,08	9,63
47,10	9,61
47,13	9,58
47,15	9,56
47,17	9,58
47,20	9,55
47,22	9,56
47,25	9,51
47,27	9,49
47,30	9,47
47,32	9,47
47,35	9,40
47,37	9,40
47,39	9,33
47,42	9,32
47,44	9,28
47,47	9,26
47,49	9,20
47,52	9,19
47,54	9,11
47,57	9,10
47,59	9,02
47,61	8,97
47,64	8,88
47,66	8,83
47,69	8,73
47,71	8,70
47,74	8,60
47,76	8,56
47,78	8,47
47,81	8,43
47,83	8,37
47,86	8,31
47,88	8,23
47,91	8,20
47,93	8,12
47,96	8,06
47,98	7,98
48,00	7,91
48,03	7,85
48,05	7,78
48,08	7,68
48,10	7,62
48,13	7,55
48,15	7,50
48,18	7,45
48,20	7,39
48,22	7,32
48,25	7,26
48,27	7,19
48,30	7,15
48,32	7,05
48,35	6,96
48,37	6,90
48,40	6,83
48,42	6,76
48,44	6,72
48,47	6,66
48,49	6,61
48,52	6,57
48,54	6,51
48,57	6,50
48,59	6,43
48,62	6,38
48,64	6,34
48,66	6,30
48,69	6,24
48,71	6,23
48,74	6,16
48,76	6,15
48,79	6,11
48,81	6,07
48,84	6,03
48,86	6,02
48,88	5,98
48,91	5,98
48,93	5,95
48,96	5,96
48,98	5,93
49,01	5,92
49,03	5,90
49,05	5,88
49,08	5,86
49,10	5,86
49,13	5,83
49,15	5,86
49,18	5,84
49,20	5,85
49,23	5,87
49,25	5,90
49,27	5,89
49,30	5,91
49,32	5,90
49,35	5,93
49,37	5,92
49,40	5,95
49,42	5,95
49,45	5,98
49,47	5,99
49,49	6,04
49,52	6,04
49,54	6,10
49,57	6,10
49,59	6,16
49,62	6,19
49,64	6,24
49,67	6,25
49,69	6,31
49,71	6,34
49,74	6,41
49,76	6,44
49,79	6,49
49,81	6,53
49,84	6,60
49,86	6,64
49,89	6,70
49,91	6,74
49,93	6,81
49,96	6,86
49,98	6,92
50,01	6,97
50,03	7,06
50,06	7,12
50,08	7,20
50,10	7,26
50,13	7,33
50,15	7,42
50,18	7,50
50,20	7,56
50,23	7,63
50,25	7,70
50,28	7,77
50,30	7,87
50,32	7,93
50,35	8,02
50,37	8,11
50,40	8,19
50,42	8,28
50,45	8,39
50,47	8,46
50,50	8,59
50,52	8,65
50,54	8,74
50,57	8,82
50,59	8,92
50,62	9,00
50,64	9,10
50,67	9,13
50,69	9,26
50,72	9,35
50,74	9,47
50,76	9,55
50,79	9,67
50,81	9,75
50,84	9,89
50,86	9,96
50,89	10,08
50,91	10,12
50,94	10,23
50,96	10,30
50,98	10,42
51,01	10,47
51,03	10,58
51,06	10,65
51,08	10,78
51,11	10,85
51,13	10,95
51,15	11,03
51,18	11,14
51,20	11,20
51,23	11,31
51,25	11,35
51,28	11,44
51,30	11,49
51,33	11,57
51,35	11,61
51,37	11,70
51,40	11,73
51,42	11,83
51,45	11,87
51,47	11,93
51,50	11,96
51,52	12,02
51,55	12,05
51,57	12,12
51,59	12,14
51,62	12,19
51,64	12,19
51,67	12,23
51,69	12,26
51,72	12,30
51,74	12,29
51,77	12,32
51,79	12,32
51,81	12,36
51,84	12,37
51,86	12,36
51,89	12,35
51,91	12,35
51,94	12,33
51,96	12,34
51,99	12,32
52,01	12,31
52,03	12,29
52,06	12,26
52,08	12,24
52,11	12,21
52,13	12,17
52,16	12,13
52,18	12,08
52,20	12,01
52,23	11,96
52,25	11,89
52,28	11,86
52,30	11,80
52,33	11,75
52,35	11,68
52,38	11,62
52,40	11,55
52,42	11,52
52,45	11,44
52,47	11,38
52,50	11,29
52,52	11,22
52,55	11,13
52,57	11,08
52,60	10,97
52,62	10,91
52,64	10,79
52,67	10,73
52,69	10,64
52,72	10,59
52,74	10,48
52,77	10,43
52,79	10,31
52,82	10,27
52,84	10,15
52,86	10,09
52,89	9,97
52,91	9,88
52,94	9,76
52,96	9,70
52,99	9,59
53,01	9,52
53,04	9,41
53,06	9,34
53,08	9,25
53,11	9,17
53,13	9,07
53,16	9,02
53,18	8,91
53,21	8,85
53,23	8,77
53,26	8,70
53,28	8,63
53,30	8,56
53,33	8,47
53,35	8,43
53,38	8,36
53,40	8,31
53,43	8,26
53,45	8,21
53,47	8,15
53,50	8,06
53,52	8,00
53,55	7,97
53,57	7,93
53,60	7,85
53,62	7,81
53,65	7,76
53,67	7,76
53,69	7,73
53,72	7,69
53,74	7,66
53,77	7,63
53,79	7,59
53,82	7,60
53,84	7,55
53,87	7,53
53,89	7,52
53,91	7,51
53,94	7,50
53,96	7,51
53,99	7,50
54,01	7,52
54,04	7,52
54,06	7,52
54,09	7,52
54,11	7,54
54,13	7,54
54,16	7,59
54,18	7,59
54,21	7,63
54,23	7,64
54,26	7,68
54,28	7,70
54,31	7,75
54,33	7,75
54,35	7,80
54,38	7,81
54,40	7,87
54,43	7,90
54,45	7,94
54,48	7,96
54,50	8,01
54,52	8,04
54,55	8,12
54,57	8,13
54,60	8,21
54,62	8,28
54,65	8,37
54,67	8,43
54,70	8,52
54,72	8,56
54,74	8,66
54,77	8,70
54,79	8,77
54,82	8,83
54,84	8,91
54,87	8,97
54,89	9,10
54,92	9,19
54,94	9,30
54,96	9,39
54,99	9,49
55,01	9,60
55,04	9,70
55,06	9,77
55,09	9,88
55,11	9,95
55,14	10,02
55,16	10,10
55,18	10,17
55,21	10,28
55,23	10,38
55,26	10,48
55,28	10,60
55,31	10,71
55,33	10,83
55,36	10,99
55,38	11,10
55,40	11,24
55,43	11,33
55,45	11,44
55,48	11,54
55,50	11,68
55,53	11,74
55,55	11,86
55,57	11,93
55,60	12,07
55,62	12,20
55,65	12,35
55,67	12,44
55,70	12,59
55,72	12,68
55,75	12,84
55,77	12,93
55,79	13,03
55,82	13,11
55,84	13,23
55,87	13,31
55,89	13,43
55,92	13,50
55,94	13,63
55,97	13,72
55,99	13,85
56,01	13,95
56,04	14,07
56,06	14,15
56,09	14,29
56,11	14,37
56,14	14,47
56,16	14,54
56,19	14,64
56,21	14,71
56,23	14,79
56,26	14,81
56,28	14,89
56,31	14,95
56,33	15,04
56,36	15,11
56,38	15,18
56,41	15,23
56,43	15,33
56,45	15,36
56,48	15,44
56,50	15,46
56,53	15,49
56,55	15,51
56,58	15,52
56,60	15,52
56,62	15,55
56,65	15,55
56,67	15,57
56,70	15,57
56,72	15,58
56,75	15,60
56,77	15,60
56,80	15,58
56,82	15,60
56,84	15,57
56,87	15,55
56,89	15,54
56,92	15,51
56,94	15,49
56,97	15,45
56,99	15,39
57,02	15,34
57,04	15,30
57,06	15,24
57,09	15,20
57,11	15,13
57,14	15,07
57,16	15,01
57,19	14,95
57,21	14,91
57,24	14,85
57,26	14,75
57,28	14,68
57,31	14,58
57,33	14,51
57,36	14,41
57,38	14,31
57,41	14,19
57,43	14,09
57,46	13,98
57,48	13,92
57,50	13,79
57,53	13,73
57,55	13,63
57,58	13,55
57,60	13,44
57,63	13,38
57,65	13,25
57,68	13,18
57,70	13,03
57,72	12,92
57,75	12,79
57,77	12,70
57,80	12,56
57,82	12,47
57,85	12,32
57,87	12,27
57,89	12,16
57,92	12,08
57,94	11,98
57,97	11,91
57,99	11,79
58,02	11,74
58,04	11,59
58,07	11,49
58,09	11,37
58,11	11,28
58,14	11,18
58,16	11,10
58,19	10,99
58,21	10,95
58,24	10,87
58,26	10,82
58,29	10,76
58,31	10,70
58,33	10,63
58,36	10,56
58,38	10,47
58,41	10,41
58,43	10,34
58,46	10,27
58,48	10,22
58,51	10,16
58,53	10,11
58,55	10,06
58,58	10,03
58,60	9,99
58,63	9,95
58,65	9,91
58,68	9,92
58,70	9,89
58,73	9,88
58,75	9,85
58,77	9,83
58,80	9,80
58,82	9,80
58,85	9,76
58,87	9,77
58,90	9,75
58,92	9,77
58,94	9,78
58,97	9,81
58,99	9,81
59,02	9,87
59,04	9,87
59,07	9,92
59,09	9,92
59,12	9,96
59,14	9,97
59,16	10,03
59,19	10,02
59,21	10,08
59,24	10,09
59,26	10,16
59,29	10,18
59,31	10,25
59,34	10,28
59,36	10,35
59,38	10,39
59,41	10,50
59,43	10,55
59,46	10,65
59,48	10,71
59,51	10,79
59,53	10,84
59,56	10,94
59,58	10,99
59,60	11,09
59,63	11,14
59,65	11,22
59,68	11,31
59,70	11,41
59,73	11,48
59,75	11,60
59,78	11,69
59,80	11,82
59,82	11,92
59,85	12,05
59,87	12,15
59,90	12,28
59,92	12,38
59,95	12,49
59,97	12,57
59,99	12,64
