U1/V	IA/nA
0,02	0,41
0,04	0,41
0,07	0,43
0,09	0,44
0,12	0,48
0,14	0,47
0,17	0,48
0,19	0,47
0,21	0,49
0,24	0,48
0,26	0,49
0,29	0,45
0,31	0,47
0,34	0,45
0,36	0,46
0,39	0,44
0,41	0,46
0,43	0,45
0,46	0,47
0,48	0,45
0,51	0,48
0,53	0,44
0,56	0,45
0,58	0,44
0,61	0,46
0,63	0,44
0,65	0,45
0,68	0,44
0,70	0,47
0,73	0,46
0,75	0,47
0,78	0,47
0,80	0,47
0,83	0,46
0,85	0,48
0,87	0,48
0,90	0,50
0,92	0,49
0,95	0,47
0,97	0,48
1,00	0,48
1,02	0,47
1,05	0,47
1,07	0,46
1,09	0,46
1,12	0,46
1,14	0,45
1,17	0,45
1,19	0,44
1,22	0,45
1,24	0,45
1,26	0,44
1,29	0,44
1,31	0,46
1,34	0,46
1,36	0,47
1,39	0,46
1,41	0,47
1,44	0,47
1,46	0,48
1,48	0,46
1,51	0,47
1,53	0,44
1,56	0,45
1,58	0,45
1,61	0,46
1,63	0,45
1,66	0,47
1,68	0,45
1,70	0,47
1,73	0,46
1,75	0,46
1,78	0,45
1,80	0,45
1,83	0,43
1,85	0,44
1,88	0,42
1,90	0,44
1,92	0,40
1,95	0,42
1,97	0,42
2,00	0,44
2,02	0,42
2,05	0,46
2,07	0,44
2,10	0,47
2,12	0,44
2,14	0,46
2,17	0,45
2,19	0,46
2,22	0,42
2,24	0,44
2,27	0,42
2,29	0,45
2,31	0,45
2,34	0,46
2,36	0,44
2,39	0,46
2,41	0,44
2,44	0,48
2,46	0,46
2,49	0,45
2,51	0,45
2,53	0,45
2,56	0,45
2,58	0,46
2,61	0,44
2,63	0,44
2,66	0,43
2,68	0,43
2,71	0,44
2,73	0,44
2,75	0,44
2,78	0,45
2,80	0,45
2,83	0,46
2,85	0,47
2,88	0,47
2,90	0,47
2,93	0,46
2,95	0,46
2,97	0,45
3,00	0,46
3,02	0,45
3,05	0,47
3,07	0,46
3,10	0,47
3,12	0,46
3,15	0,48
3,17	0,49
3,19	0,50
3,22	0,46
3,24	0,47
3,27	0,45
3,29	0,47
3,32	0,45
3,34	0,46
3,36	0,45
3,39	0,46
3,41	0,43
3,44	0,46
3,46	0,45
3,49	0,46
3,51	0,45
3,54	0,46
3,56	0,45
3,58	0,47
3,61	0,45
3,63	0,47
3,66	0,45
3,68	0,45
3,71	0,44
3,73	0,46
3,76	0,44
3,78	0,48
3,80	0,46
3,83	0,48
3,85	0,47
3,88	0,47
3,90	0,48
3,93	0,49
3,95	0,46
3,98	0,48
4,00	0,45
4,02	0,46
4,05	0,45
4,07	0,45
4,10	0,44
4,12	0,45
4,15	0,45
4,17	0,48
4,20	0,47
4,22	0,47
4,24	0,49
4,27	0,49
4,29	0,48
4,32	0,48
4,34	0,47
4,37	0,47
4,39	0,48
4,42	0,45
4,44	0,46
4,46	0,44
4,49	0,44
4,51	0,46
4,54	0,47
4,56	0,46
4,59	0,47
4,61	0,46
4,63	0,49
4,66	0,48
4,68	0,46
4,71	0,45
4,73	0,44
4,76	0,43
4,78	0,45
4,81	0,43
4,83	0,45
4,85	0,43
4,88	0,44
4,90	0,45
4,93	0,45
4,95	0,43
4,98	0,47
5,00	0,45
5,03	0,47
5,05	0,45
5,07	0,45
5,10	0,44
5,12	0,47
5,15	0,43
5,17	0,45
5,20	0,42
5,22	0,44
5,25	0,45
5,27	0,46
5,29	0,45
5,32	0,46
5,34	0,44
5,37	0,49
5,39	0,48
5,42	0,47
5,44	0,46
5,47	0,46
5,49	0,44
5,51	0,46
5,54	0,43
5,56	0,45
5,59	0,42
5,61	0,43
5,64	0,44
5,66	0,45
5,68	0,43
5,71	0,46
5,73	0,45
5,76	0,47
5,78	0,47
5,81	0,48
5,83	0,48
5,86	0,49
5,88	0,45
5,90	0,47
5,93	0,45
5,95	0,46
5,98	0,46
6,00	0,46
6,03	0,46
6,05	0,47
6,08	0,47
6,10	0,50
6,12	0,49
6,15	0,48
6,17	0,47
6,20	0,45
6,22	0,45
6,25	0,45
6,27	0,43
6,30	0,43
6,32	0,43
6,34	0,43
6,37	0,47
6,39	0,47
6,42	0,47
6,44	0,49
6,47	0,49
6,49	0,48
6,52	0,49
6,54	0,47
6,56	0,47
6,59	0,46
6,61	0,44
6,64	0,43
6,66	0,44
6,69	0,43
6,71	0,45
6,73	0,44
6,76	0,45
6,78	0,44
6,81	0,45
6,83	0,46
6,86	0,48
6,88	0,45
6,91	0,47
6,93	0,44
6,95	0,45
6,98	0,45
7,00	0,45
7,03	0,43
7,05	0,44
7,08	0,42
7,10	0,46
7,13	0,45
7,15	0,46
7,17	0,46
7,20	0,47
7,22	0,47
7,25	0,49
7,27	0,46
7,30	0,47
7,32	0,46
7,35	0,46
7,37	0,46
7,39	0,45
7,42	0,43
7,44	0,45
7,47	0,44
7,49	0,46
7,52	0,45
7,54	0,44
7,57	0,47
7,59	0,47
7,61	0,47
7,64	0,49
7,66	0,45
7,69	0,45
7,71	0,45
7,74	0,42
7,76	0,44
7,78	0,43
7,81	0,42
7,83	0,44
7,86	0,44
7,88	0,44
7,91	0,48
7,93	0,47
7,96	0,47
7,98	0,47
8,00	0,47
8,03	0,46
8,05	0,47
8,08	0,44
8,10	0,45
8,13	0,44
8,15	0,44
8,18	0,44
8,20	0,46
8,22	0,46
8,25	0,47
8,27	0,44
8,30	0,49
8,32	0,48
8,35	0,48
8,37	0,47
8,40	0,46
8,42	0,45
8,44	0,46
8,47	0,43
8,49	0,45
8,52	0,44
8,54	0,44
8,57	0,45
8,59	0,47
8,62	0,45
8,64	0,48
8,66	0,46
8,69	0,48
8,71	0,46
8,74	0,48
8,76	0,46
8,79	0,48
8,81	0,44
8,84	0,46
8,86	0,43
8,88	0,45
8,91	0,43
8,93	0,45
8,96	0,44
8,98	0,47
9,01	0,45
9,03	0,51
9,05	0,50
9,08	0,51
9,10	0,49
9,13	0,48
9,15	0,46
9,18	0,48
9,20	0,45
9,23	0,45
9,25	0,43
9,27	0,44
9,30	0,45
9,32	0,47
9,35	0,46
9,37	0,47
9,40	0,46
9,42	0,48
9,45	0,49
9,47	0,49
9,49	0,49
9,52	0,48
9,54	0,48
9,57	0,49
9,59	0,48
9,62	0,48
9,64	0,48
9,67	0,47
9,69	0,48
9,71	0,47
9,74	0,48
9,76	0,50
9,79	0,50
9,81	0,49
9,84	0,50
9,86	0,48
9,89	0,49
9,91	0,48
9,93	0,47
9,96	0,47
9,98	0,46
10,01	0,45
10,03	0,48
10,06	0,47
10,08	0,48
10,10	0,47
10,13	0,48
10,15	0,49
10,18	0,51
10,20	0,49
10,23	0,51
10,25	0,50
10,28	0,50
10,30	0,50
10,32	0,50
10,35	0,48
10,37	0,50
10,40	0,48
10,42	0,51
10,45	0,50
10,47	0,50
10,50	0,51
10,52	0,53
10,54	0,51
10,57	0,53
10,59	0,51
10,62	0,52
10,64	0,50
10,67	0,49
10,69	0,48
10,72	0,48
10,74	0,47
10,76	0,50
10,79	0,48
10,81	0,50
10,84	0,49
10,86	0,50
10,89	0,51
10,91	0,52
10,94	0,49
10,96	0,50
10,98	0,49
11,01	0,51
11,03	0,51
11,06	0,49
11,08	0,48
11,11	0,49
11,13	0,49
11,15	0,51
11,18	0,51
11,20	0,50
11,23	0,54
11,25	0,54
11,28	0,54
11,30	0,54
11,33	0,53
11,35	0,51
11,37	0,52
11,40	0,50
11,42	0,52
11,45	0,50
11,47	0,51
11,50	0,51
11,52	0,52
11,55	0,51
11,57	0,53
11,59	0,52
11,62	0,54
11,64	0,53
11,67	0,53
11,69	0,53
11,72	0,55
11,74	0,53
11,77	0,56
11,79	0,53
11,81	0,54
11,84	0,53
11,86	0,54
11,89	0,53
11,91	0,54
11,94	0,50
11,96	0,54
11,99	0,52
12,01	0,55
12,03	0,54
12,06	0,56
12,08	0,54
12,11	0,56
12,13	0,54
12,16	0,57
12,18	0,53
12,21	0,54
12,23	0,53
12,25	0,55
12,28	0,53
12,30	0,54
12,33	0,53
12,35	0,56
12,38	0,56
12,40	0,56
12,42	0,56
12,45	0,57
12,47	0,56
12,50	0,59
12,52	0,56
12,55	0,58
12,57	0,58
12,60	0,58
12,62	0,58
12,64	0,59
12,67	0,58
12,69	0,61
12,72	0,59
12,74	0,53
12,77	0,52
12,79	0,52
12,82	0,52
12,84	0,51
12,86	0,51
12,89	0,51
12,91	0,56
12,94	0,56
12,96	0,59
12,99	0,59
13,01	0,60
13,04	0,59
13,06	0,60
13,08	0,62
13,11	0,62
13,13	0,60
13,16	0,61
13,18	0,59
13,21	0,60
13,23	0,60
13,26	0,61
13,28	0,61
13,30	0,63
13,33	0,61
13,35	0,64
13,38	0,63
13,40	0,63
13,43	0,62
13,45	0,64
13,47	0,62
13,50	0,65
13,52	0,62
13,55	0,64
13,57	0,62
13,60	0,63
13,62	0,61
13,65	0,61
13,67	0,58
13,69	0,62
13,72	0,60
13,74	0,62
13,77	0,61
13,79	0,63
13,82	0,63
13,84	0,66
13,87	0,63
13,89	0,65
13,91	0,64
13,94	0,66
13,96	0,65
13,99	0,66
14,01	0,65
14,04	0,68
14,06	0,66
14,09	0,69
14,11	0,67
14,13	0,67
14,16	0,67
14,18	0,67
14,21	0,65
14,23	0,67
14,26	0,66
14,28	0,67
14,31	0,66
14,33	0,65
14,35	0,66
14,38	0,65
14,40	0,64
14,43	0,66
14,45	0,66
14,48	0,66
14,50	0,68
14,52	0,68
14,55	0,70
14,57	0,69
14,60	0,68
14,62	0,68
14,65	0,68
14,67	0,68
14,70	0,71
14,72	0,69
14,74	0,71
14,77	0,71
14,79	0,73
14,82	0,73
14,84	0,74
14,87	0,71
14,89	0,73
14,92	0,70
14,94	0,72
14,96	0,71
14,99	0,72
15,01	0,71
15,04	0,71
15,06	0,69
15,09	0,73
15,11	0,70
15,14	0,71
15,16	0,71
15,18	0,73
15,21	0,71
15,23	0,74
15,26	0,72
15,28	0,76
15,31	0,73
15,33	0,73
15,36	0,72
15,38	0,74
15,40	0,71
15,43	0,76
15,45	0,74
15,48	0,77
15,50	0,75
15,53	0,77
15,55	0,77
15,57	0,80
15,60	0,77
15,62	0,79
15,65	0,77
15,67	0,78
15,70	0,76
15,72	0,76
15,75	0,75
15,77	0,76
15,79	0,75
15,82	0,76
15,84	0,75
15,87	0,76
15,89	0,78
15,92	0,79
15,94	0,78
15,97	0,80
15,99	0,79
16,01	0,80
16,04	0,80
16,06	0,79
16,09	0,79
16,11	0,77
16,14	0,76
16,16	0,79
16,19	0,80
16,21	0,80
16,23	0,80
16,26	0,79
16,28	0,81
16,31	0,82
16,33	0,80
16,36	0,80
16,38	0,79
16,41	0,77
16,43	0,78
16,45	0,75
16,48	0,76
16,50	0,75
16,53	0,75
16,55	0,76
16,58	0,78
16,60	0,77
16,63	0,81
16,65	0,79
16,67	0,82
16,70	0,80
16,72	0,82
16,75	0,81
16,77	0,83
16,80	0,80
16,82	0,83
16,84	0,80
16,87	0,82
16,89	0,83
16,92	0,84
16,94	0,82
16,97	0,84
16,99	0,81
17,02	0,86
17,04	0,84
17,06	0,85
17,09	0,83
17,11	0,83
17,14	0,81
17,16	0,83
17,19	0,79
17,21	0,81
17,24	0,77
17,26	0,79
17,28	0,79
17,31	0,81
17,33	0,80
17,36	0,85
17,38	0,82
17,41	0,85
17,43	0,85
17,46	0,88
17,48	0,86
17,50	0,88
17,53	0,84
17,55	0,86
17,58	0,85
17,60	0,87
17,63	0,88
17,65	0,88
17,68	0,88
17,70	0,90
17,72	0,90
17,75	0,94
17,77	0,93
17,80	0,90
17,82	0,89
17,85	0,87
17,87	0,88
17,89	0,88
17,92	0,87
17,94	0,85
17,97	0,85
17,99	0,86
18,02	0,90
18,04	0,88
18,07	0,90
18,09	0,90
18,11	0,93
18,14	0,92
18,16	0,94
18,19	0,91
18,21	0,94
18,24	0,91
18,26	0,91
18,29	0,88
18,31	0,90
18,33	0,88
18,36	0,93
18,38	0,91
18,41	0,94
18,43	0,92
18,46	0,97
18,48	0,98
18,51	1,01
18,53	0,96
18,55	1,00
18,58	0,97
18,60	1,00
18,63	0,96
18,65	0,96
18,68	0,93
18,70	0,96
18,73	0,92
18,75	0,96
18,77	0,93
18,80	0,96
18,82	0,96
18,85	1,00
18,87	0,98
18,90	1,01
18,92	0,97
18,94	1,00
18,97	0,99
18,99	0,99
19,02	0,97
19,04	0,98
19,07	0,97
19,09	1,02
19,12	1,00
19,14	1,04
19,16	1,03
19,19	1,04
19,21	1,06
19,24	1,07
19,26	1,06
19,29	1,08
19,31	1,05
19,34	1,04
19,36	1,04
19,38	1,02
19,41	1,03
19,43	1,03
19,46	1,03
19,48	1,04
19,51	1,06
19,53	1,06
19,56	1,11
19,58	1,10
19,60	1,11
19,63	1,10
19,65	1,11
19,68	1,10
19,70	1,12
19,73	1,08
19,75	1,10
19,78	1,08
19,80	1,11
19,82	1,11
19,85	1,14
19,87	1,13
19,90	1,17
19,92	1,13
19,95	1,18
19,97	1,16
19,99	1,18
20,02	1,15
20,04	1,15
20,07	1,12
20,09	1,14
20,12	1,09
20,14	1,11
20,17	1,08
20,19	1,09
20,21	1,08
20,24	1,09
20,26	1,07
20,29	1,11
20,31	1,09
20,34	1,11
20,36	1,09
20,39	1,10
20,41	1,09
20,43	1,12
20,46	1,07
20,48	1,09
20,51	1,05
20,53	1,07
20,56	1,07
20,58	1,08
20,61	1,06
20,63	1,08
20,65	1,07
20,68	1,13
20,70	1,11
20,73	1,11
20,75	1,10
20,78	1,09
20,80	1,09
20,83	1,10
20,85	1,07
20,87	1,08
20,90	1,08
20,92	1,08
20,95	1,11
20,97	1,10
21,00	1,10
21,02	1,11
21,05	1,11
21,07	1,11
21,09	1,12
21,12	1,11
21,14	1,13
21,17	1,11
21,19	1,10
21,22	1,11
21,24	1,12
21,26	1,11
21,29	1,13
21,31	1,11
21,34	1,13
21,36	1,12
21,39	1,12
21,41	1,14
21,44	1,16
21,46	1,13
21,48	1,16
21,51	1,12
21,53	1,15
21,56	1,13
21,58	1,13
21,61	1,11
21,63	1,12
21,66	1,10
21,68	1,16
21,70	1,15
21,73	1,17
21,75	1,15
21,78	1,18
21,80	1,17
21,83	1,20
21,85	1,17
21,88	1,19
21,90	1,17
21,92	1,19
21,95	1,18
21,97	1,19
22,00	1,16
22,02	1,18
22,05	1,16
22,07	1,19
22,10	1,18
22,12	1,19
22,14	1,22
22,17	1,24
22,19	1,22
22,22	1,25
22,24	1,22
22,27	1,24
22,29	1,22
22,31	1,21
22,34	1,21
22,36	1,22
22,39	1,21
22,41	1,24
22,44	1,23
22,46	1,25
22,49	1,25
22,51	1,27
22,53	1,29
22,56	1,30
22,58	1,30
22,61	1,30
22,63	1,30
22,66	1,31
22,68	1,32
22,71	1,30
22,73	1,30
22,75	1,31
22,78	1,33
22,80	1,34
22,83	1,35
22,85	1,33
22,88	1,38
22,90	1,37
22,93	1,38
22,95	1,38
22,97	1,38
23,00	1,36
23,02	1,39
23,05	1,37
23,07	1,41
23,10	1,38
23,12	1,40
23,15	1,40
23,17	1,43
23,19	1,41
23,22	1,44
23,24	1,42
23,27	1,46
23,29	1,45
23,32	1,48
23,34	1,45
23,36	1,49
23,39	1,46
23,41	1,49
23,44	1,44
23,46	1,47
23,49	1,43
23,51	1,45
23,54	1,44
23,56	1,47
23,58	1,43
23,61	1,51
23,63	1,49
23,66	1,52
23,68	1,50
23,71	1,51
23,73	1,49
23,76	1,53
23,78	1,50
23,80	1,53
23,83	1,50
23,85	1,53
23,88	1,53
23,90	1,56
23,93	1,53
23,95	1,55
23,98	1,53
24,00	1,56
24,02	1,55
24,05	1,56
24,07	1,54
24,10	1,55
24,12	1,54
24,15	1,55
24,17	1,53
24,20	1,55
24,22	1,54
24,24	1,54
24,27	1,55
24,29	1,55
24,32	1,57
24,34	1,60
24,37	1,60
24,39	1,60
24,42	1,60
24,44	1,58
24,46	1,59
24,49	1,58
24,51	1,58
24,54	1,57
24,56	1,55
24,59	1,54
24,61	1,58
24,63	1,55
24,66	1,56
24,68	1,54
24,71	1,55
24,73	1,55
24,76	1,56
24,78	1,53
24,81	1,56
24,83	1,53
24,85	1,55
24,88	1,54
24,90	1,55
24,93	1,53
24,95	1,55
24,98	1,51
25,00	1,54
25,03	1,52
25,05	1,53
25,07	1,52
25,10	1,53
25,12	1,51
25,15	1,53
25,17	1,50
25,20	1,52
25,22	1,49
25,25	1,51
25,27	1,50
25,29	1,51
25,32	1,48
25,34	1,50
25,37	1,47
25,39	1,50
25,42	1,48
25,44	1,50
25,47	1,49
25,49	1,51
25,51	1,48
25,54	1,50
25,56	1,48
25,59	1,50
25,61	1,50
25,64	1,49
25,66	1,47
25,68	1,49
25,71	1,48
25,73	1,50
25,76	1,49
25,78	1,48
25,81	1,49
25,83	1,49
25,86	1,49
25,88	1,50
25,90	1,49
25,93	1,49
25,95	1,48
25,98	1,48
26,00	1,50
26,03	1,48
26,05	1,49
26,08	1,50
26,10	1,51
26,12	1,50
26,15	1,52
26,17	1,51
26,20	1,56
26,22	1,54
26,25	1,54
26,27	1,54
26,30	1,56
26,32	1,55
26,34	1,59
26,37	1,56
26,39	1,58
26,42	1,57
26,44	1,59
26,47	1,59
26,49	1,61
26,52	1,57
26,54	1,61
26,56	1,58
26,59	1,61
26,61	1,59
26,64	1,61
26,66	1,59
26,69	1,63
26,71	1,62
26,73	1,67
26,76	1,63
26,78	1,64
26,81	1,63
26,83	1,66
26,86	1,65
26,88	1,68
26,91	1,66
26,93	1,73
26,95	1,74
26,98	1,78
27,00	1,77
27,03	1,81
27,05	1,79
27,08	1,83
27,10	1,82
27,13	1,86
27,15	1,86
27,17	1,88
27,20	1,89
27,22	1,91
27,25	1,91
27,27	1,94
27,30	1,92
27,32	1,93
27,35	1,93
27,37	1,93
27,39	1,98
27,42	2,00
27,44	2,01
27,47	2,03
27,49	2,02
27,52	2,03
27,54	2,07
27,57	2,05
27,59	2,06
27,61	2,05
27,64	2,06
27,66	2,08
27,69	2,10
27,71	2,08
27,74	2,11
27,76	2,08
27,78	2,10
27,81	2,13
27,83	2,16
27,86	2,15
27,88	2,17
27,91	2,14
27,93	2,19
27,96	2,18
27,98	2,19
28,00	2,18
28,03	2,20
28,05	2,19
28,08	2,23
28,10	2,21
28,13	2,24
28,15	2,22
28,18	2,25
28,20	2,23
28,22	2,24
28,25	2,21
28,27	2,24
28,30	2,21
28,32	2,24
28,35	2,21
28,37	2,24
28,40	2,24
28,42	2,28
28,44	2,24
28,47	2,28
28,49	2,25
28,52	2,28
28,54	2,27
28,57	2,28
28,59	2,26
28,62	2,29
28,64	2,26
28,66	2,30
28,69	2,27
28,71	2,27
28,74	2,25
28,76	2,25
28,79	2,23
28,81	2,26
28,84	2,23
28,86	2,25
28,88	2,22
28,91	2,23
28,93	2,24
28,96	2,25
28,98	2,24
29,01	2,27
29,03	2,26
29,05	2,27
29,08	2,27
29,10	2,25
29,13	2,23
29,15	2,22
29,18	2,19
29,20	2,18
29,23	2,18
29,25	2,18
29,27	2,20
29,30	2,19
29,32	2,17
29,35	2,16
29,37	2,17
29,40	2,16
29,42	2,15
29,45	2,11
29,47	2,12
29,49	2,11
29,52	2,12
29,54	2,10
29,57	2,10
29,59	2,07
29,62	2,06
29,64	2,04
29,67	2,07
29,69	2,05
29,71	2,07
29,74	2,05
29,76	2,07
29,79	2,06
29,81	2,10
29,84	2,07
29,86	2,10
29,89	2,07
29,91	2,09
29,93	2,09
29,96	2,11
29,98	2,07
30,01	2,10
30,03	2,06
30,06	2,09
30,08	2,06
30,10	2,06
30,13	2,05
30,15	2,06
30,18	2,01
30,20	2,03
30,23	1,98
30,25	1,99
30,28	1,97
30,30	1,97
30,32	1,96
30,35	1,98
30,37	1,95
30,40	1,99
30,42	1,96
30,45	1,97
30,47	1,97
30,50	1,97
30,52	1,95
30,54	1,96
30,57	1,93
30,59	1,94
30,62	1,94
30,64	1,93
30,67	1,95
30,69	1,94
30,72	1,95
30,74	2,00
30,76	2,02
30,79	2,05
30,81	2,07
30,84	2,06
30,86	2,11
30,89	2,11
30,91	2,12
30,94	2,13
30,96	2,11
30,98	2,10
31,01	2,12
31,03	2,09
31,06	2,13
31,08	2,12
31,11	2,13
31,13	2,15
31,15	2,18
31,18	2,17
31,20	2,24
31,23	2,22
31,25	2,25
31,28	2,23
31,30	2,25
31,33	2,25
31,35	2,28
31,37	2,25
31,40	2,29
31,42	2,28
31,45	2,31
31,47	2,33
31,50	2,37
31,52	2,36
31,55	2,41
31,57	2,40
31,59	2,47
31,62	2,46
31,64	2,49
31,67	2,49
31,69	2,52
31,72	2,51
31,74	2,56
31,77	2,53
31,79	2,57
31,81	2,55
31,84	2,57
31,86	2,57
31,89	2,61
31,91	2,60
31,94	2,67
31,96	2,66
31,99	2,72
32,01	2,74
32,03	2,79
32,06	2,81
32,08	2,85
32,11	2,83
32,13	2,88
32,16	2,87
32,18	2,90
32,20	2,91
32,23	2,91
32,25	2,93
32,28	2,95
32,30	2,96
32,33	3,01
32,35	3,03
32,38	3,03
32,40	3,05
32,42	3,04
32,45	3,06
32,47	3,07
32,50	3,08
32,52	3,08
32,55	3,10
32,57	3,10
32,60	3,16
32,62	3,16
32,64	3,19
32,67	3,19
32,69	3,20
32,72	3,20
32,74	3,23
32,77	3,20
32,79	3,23
32,82	3,21
32,84	3,21
32,86	3,20
32,89	3,23
32,91	3,21
32,94	3,25
32,96	3,22
32,99	3,26
33,01	3,24
33,04	3,26
33,06	3,27
33,08	3,30
33,11	3,25
33,13	3,28
33,16	3,23
33,18	3,26
33,21	3,24
33,23	3,24
33,26	3,21
33,28	3,24
33,30	3,21
33,33	3,25
33,35	3,22
33,38	3,23
33,40	3,22
33,43	3,25
33,45	3,22
33,47	3,24
33,50	3,19
33,52	3,20
33,55	3,16
33,57	3,16
33,60	3,12
33,62	3,11
33,65	3,07
33,67	3,09
33,69	3,10
33,72	3,12
33,74	3,10
33,77	3,11
33,79	3,11
33,82	3,12
33,84	3,10
33,87	3,08
33,89	3,02
33,91	3,00
33,94	2,98
33,96	2,94
33,99	2,93
34,01	2,91
34,04	2,89
34,06	2,90
34,09	2,88
34,11	2,87
34,13	2,90
34,16	2,87
34,18	2,87
34,21	2,83
34,23	2,81
34,26	2,79
34,28	2,79
34,31	2,74
34,33	2,76
34,35	2,71
34,38	2,71
34,40	2,70
34,43	2,72
34,45	2,70
34,48	2,71
34,50	2,67
34,52	2,72
34,55	2,69
34,57	2,70
34,60	2,67
34,62	2,67
34,65	2,63
34,67	2,65
34,70	2,58
34,72	2,60
34,74	2,56
34,77	2,57
34,79	2,56
34,82	2,57
34,84	2,54
34,87	2,57
34,89	2,55
34,92	2,58
34,94	2,55
34,96	2,56
34,99	2,55
35,01	2,56
35,04	2,53
35,06	2,55
35,09	2,51
35,11	2,53
35,14	2,52
35,16	2,53
35,18	2,51
35,21	2,54
35,23	2,52
35,26	2,58
35,28	2,57
35,31	2,58
35,33	2,57
35,36	2,56
35,38	2,56
35,40	2,58
35,43	2,56
35,45	2,57
35,48	2,56
35,50	2,58
35,53	2,62
35,55	2,63
35,57	2,64
35,60	2,64
35,62	2,64
35,65	2,66
35,67	2,68
35,70	2,68
35,72	2,70
35,75	2,71
35,77	2,73
35,79	2,77
35,82	2,79
35,84	2,81
35,87	2,85
35,89	2,85
35,92	2,89
35,94	2,92
35,97	2,95
35,99	3,00
36,01	3,04
36,04	3,03
36,06	3,09
36,09	3,08
36,11	3,11
36,14	3,11
36,16	3,13
36,19	3,14
36,21	3,17
36,23	3,16
36,26	3,23
36,28	3,23
36,31	3,29
36,33	3,29
36,36	3,34
36,38	3,36
36,41	3,43
36,43	3,43
36,45	3,49
36,48	3,49
36,50	3,55
36,53	3,57
36,55	3,61
36,58	3,62
36,60	3,67
36,62	3,68
36,65	3,75
36,67	3,75
36,70	3,80
36,72	3,84
36,75	3,88
36,77	3,89
36,80	3,95
36,82	3,95
36,84	4,00
36,87	4,01
36,89	4,04
36,92	4,07
36,94	4,11
36,97	4,12
36,99	4,17
37,02	4,18
37,04	4,21
37,06	4,22
37,09	4,26
37,11	4,25
37,14	4,28
37,16	4,27
37,19	4,30
37,21	4,33
37,24	4,36
37,26	4,38
37,28	4,40
37,31	4,41
37,33	4,43
37,36	4,46
37,38	4,47
37,41	4,49
37,43	4,47
37,46	4,53
37,48	4,53
37,50	4,55
37,53	4,54
37,55	4,55
37,58	4,53
37,60	4,56
37,63	4,54
37,65	4,57
37,68	4,54
37,70	4,56
37,72	4,55
37,75	4,56
37,77	4,53
37,80	4,55
37,82	4,52
37,85	4,56
37,87	4,52
37,89	4,52
37,92	4,49
37,94	4,52
37,97	4,49
37,99	4,51
38,02	4,45
38,04	4,46
38,07	4,43
38,09	4,44
38,11	4,40
38,14	4,41
38,16	4,35
38,19	4,39
38,21	4,35
38,24	4,34
38,26	4,29
38,29	4,29
38,31	4,24
38,33	4,25
38,36	4,20
38,38	4,20
38,41	4,14
38,43	4,13
38,46	4,10
38,48	4,11
38,51	4,06
38,53	4,06
38,55	4,01
38,58	4,02
38,60	4,00
38,63	3,97
38,65	3,93
38,68	3,91
38,70	3,88
38,73	3,88
38,75	3,84
38,77	3,84
38,80	3,82
38,82	3,80
38,85	3,77
38,87	3,75
38,90	3,73
38,92	3,72
38,94	3,68
38,97	3,64
38,99	3,62
39,02	3,60
39,04	3,58
39,07	3,54
39,09	3,53
39,12	3,51
39,14	3,49
39,16	3,46
39,19	3,47
39,21	3,44
39,24	3,44
39,26	3,41
39,29	3,41
39,31	3,39
39,34	3,41
39,36	3,36
39,38	3,37
39,41	3,34
39,43	3,35
39,46	3,32
39,48	3,34
39,51	3,31
39,53	3,33
39,56	3,29
39,58	3,31
39,60	3,27
39,63	3,28
39,65	3,24
39,68	3,26
39,70	3,22
39,73	3,24
39,75	3,21
39,78	3,23
39,80	3,20
39,82	3,23
39,85	3,20
39,87	3,22
39,90	3,19
39,92	3,24
39,95	3,21
39,97	3,24
39,99	3,23
40,02	3,26
40,04	3,27
40,07	3,30
40,09	3,28
40,12	3,32
40,14	3,31
40,17	3,34
40,19	3,36
40,21	3,39
40,24	3,38
40,26	3,41
40,29	3,42
40,31	3,47
40,34	3,48
40,36	3,50
40,39	3,51
40,41	3,53
40,43	3,55
40,46	3,58
40,48	3,59
40,51	3,61
40,53	3,63
40,56	3,66
40,58	3,70
40,61	3,72
40,63	3,75
40,65	3,79
40,68	3,83
40,70	3,86
40,73	3,92
40,75	3,95
40,78	4,01
40,80	4,02
40,83	4,05
40,85	4,08
40,87	4,14
40,90	4,14
40,92	4,21
40,95	4,24
40,97	4,30
41,00	4,33
41,02	4,39
41,05	4,43
41,07	4,51
41,09	4,51
41,12	4,58
41,14	4,60
41,17	4,67
41,19	4,69
41,22	4,75
41,24	4,76
41,26	4,83
41,29	4,84
41,31	4,93
41,34	4,93
41,36	5,00
41,39	5,03
41,41	5,11
41,44	5,14
41,46	5,22
41,48	5,23
41,51	5,32
41,53	5,34
41,56	5,39
41,58	5,41
41,61	5,47
41,63	5,48
41,66	5,57
41,68	5,59
41,70	5,65
41,73	5,68
41,75	5,73
41,78	5,76
41,80	5,83
41,83	5,83
41,85	5,89
41,88	5,89
41,90	5,92
41,92	5,93
41,95	5,97
41,97	5,98
42,00	6,01
42,02	6,03
42,05	6,08
42,07	6,07
42,10	6,09
42,12	6,12
42,14	6,14
42,17	6,15
42,19	6,15
42,22	6,15
42,24	6,18
42,27	6,20
42,29	6,20
42,31	6,22
42,34	6,20
42,36	6,20
42,39	6,22
42,41	6,24
42,44	6,23
42,46	6,23
42,49	6,19
42,51	6,22
42,53	6,20
42,56	6,19
42,58	6,16
42,61	6,16
42,63	6,12
42,66	6,14
42,68	6,09
42,71	6,11
42,73	6,06
42,75	6,06
42,78	6,01
42,80	6,00
42,83	5,93
42,85	5,95
42,88	5,89
42,90	5,90
42,93	5,83
42,95	5,83
42,97	5,78
43,00	5,80
43,02	5,70
43,05	5,69
43,07	5,61
43,10	5,61
43,12	5,57
43,15	5,56
43,17	5,49
43,19	5,50
43,22	5,42
43,24	5,45
43,27	5,38
43,29	5,35
43,32	5,28
43,34	5,26
43,36	5,19
43,39	5,18
43,41	5,10
43,44	5,07
43,46	5,01
43,49	5,00
43,51	4,95
43,54	4,93
43,56	4,87
43,58	4,87
43,61	4,81
43,63	4,79
43,66	4,75
43,68	4,74
43,71	4,70
43,73	4,68
43,76	4,60
43,78	4,59
43,80	4,54
43,83	4,51
43,85	4,50
43,88	4,46
43,90	4,41
43,93	4,40
43,95	4,38
43,98	4,39
44,00	4,37
44,02	4,30
44,05	4,28
44,07	4,24
44,10	4,24
44,12	4,20
44,15	4,18
44,17	4,14
44,20	4,15
44,22	4,13
44,24	4,16
44,27	4,12
44,29	4,13
44,32	4,09
44,34	4,10
44,37	4,07
44,39	4,11
44,41	4,07
44,44	4,10
44,46	4,06
44,49	4,08
44,51	4,06
44,54	4,09
44,56	4,05
44,59	4,11
44,61	4,06
44,63	4,11
44,66	4,08
44,68	4,12
44,71	4,10
44,73	4,16
44,76	4,11
44,78	4,17
44,81	4,14
44,83	4,20
44,85	4,17
44,88	4,22
44,90	4,19
44,93	4,25
44,95	4,24
44,98	4,30
45,00	4,29
45,03	4,35
45,05	4,37
45,07	4,44
45,10	4,44
45,12	4,49
45,15	4,49
45,17	4,56
45,20	4,57
45,22	4,61
45,25	4,63
45,27	4,68
45,29	4,70
45,32	4,77
45,34	4,80
45,37	4,86
45,39	4,89
45,42	4,94
45,44	4,98
45,47	5,02
45,49	5,06
45,51	5,12
45,54	5,17
45,56	5,20
45,59	5,25
45,61	5,29
45,64	5,37
45,66	5,42
45,68	5,47
45,71	5,51
45,73	5,58
45,76	5,61
45,78	5,73
45,81	5,76
45,83	5,84
45,86	5,87
45,88	5,96
45,90	6,02
45,93	6,13
45,95	6,13
45,98	6,23
46,00	6,24
46,03	6,34
46,05	6,38
46,08	6,47
46,10	6,48
46,12	6,58
46,15	6,59
46,17	6,73
46,20	6,75
46,22	6,86
46,25	6,88
46,27	6,96
46,30	6,98
46,32	7,08
46,34	7,09
46,37	7,18
46,39	7,18
46,42	7,27
46,44	7,31
46,47	7,41
46,49	7,43
46,52	7,53
46,54	7,54
46,56	7,64
46,59	7,66
46,61	7,74
46,64	7,76
46,66	7,83
46,69	7,81
46,71	7,89
46,73	7,89
46,76	7,95
46,78	7,97
46,81	8,01
46,83	8,01
46,86	8,07
46,88	8,08
46,91	8,15
46,93	8,15
46,95	8,17
46,98	8,17
47,00	8,19
47,03	8,19
47,05	8,21
47,08	8,20
47,10	8,21
47,13	8,20
47,15	8,20
47,17	8,23
47,20	8,23
47,22	8,22
47,25	8,23
47,27	8,22
47,30	8,20
47,32	8,21
47,35	8,17
47,37	8,16
47,39	8,12
47,42	8,08
47,44	8,06
47,47	8,05
47,49	8,00
47,52	8,00
47,54	7,94
47,57	7,93
47,59	7,87
47,61	7,86
47,64	7,83
47,66	7,82
47,69	7,73
47,71	7,73
47,74	7,62
47,76	7,63
47,78	7,56
47,81	7,54
47,83	7,44
47,86	7,43
47,88	7,34
47,91	7,37
47,93	7,26
47,96	7,25
47,98	7,16
48,00	7,15
48,03	7,05
48,05	7,05
48,08	6,93
48,10	6,92
48,13	6,81
48,15	6,79
48,18	6,70
48,20	6,68
48,22	6,57
48,25	6,57
48,27	6,46
48,30	6,44
48,32	6,34
48,35	6,31
48,37	6,24
48,40	6,21
48,42	6,12
48,44	6,11
48,47	6,00
48,49	5,97
48,52	5,90
48,54	5,88
48,57	5,82
48,59	5,81
48,62	5,74
48,64	5,75
48,66	5,68
48,69	5,66
48,71	5,62
48,74	5,60
48,76	5,55
48,79	5,52
48,81	5,46
48,84	5,47
48,86	5,42
48,88	5,39
48,91	5,35
48,93	5,35
48,96	5,31
48,98	5,30
49,01	5,23
49,03	5,23
49,05	5,19
49,08	5,19
49,10	5,18
49,13	5,18
49,15	5,15
49,18	5,16
49,20	5,15
49,23	5,16
49,25	5,16
49,27	5,13
49,30	5,13
49,32	5,13
49,35	5,14
49,37	5,15
49,40	5,15
49,42	5,15
49,45	5,16
49,47	5,17
49,49	5,21
49,52	5,21
49,54	5,24
49,57	5,26
49,59	5,28
49,62	5,30
49,64	5,33
49,67	5,35
49,69	5,39
49,71	5,40
49,74	5,43
49,76	5,47
49,79	5,52
49,81	5,54
49,84	5,61
49,86	5,62
49,89	5,68
49,91	5,70
49,93	5,74
49,96	5,79
49,98	5,85
50,01	5,86
50,03	5,94
50,06	5,95
50,08	6,03
50,10	6,08
50,13	6,13
50,15	6,17
50,18	6,25
50,20	6,28
50,23	6,37
50,25	6,40
50,28	6,48
50,30	6,54
50,32	6,62
50,35	6,68
50,37	6,76
50,40	6,82
50,42	6,90
50,45	6,97
50,47	7,04
50,50	7,10
50,52	7,18
50,54	7,24
50,57	7,35
50,59	7,42
50,62	7,50
50,64	7,57
50,67	7,66
50,69	7,76
50,72	7,84
50,74	7,91
50,76	8,00
50,79	8,07
50,81	8,15
50,84	8,24
50,86	8,30
50,89	8,38
50,91	8,45
50,94	8,53
50,96	8,60
50,98	8,67
51,01	8,73
51,03	8,85
51,06	8,92
51,08	9,02
51,11	9,09
51,13	9,19
51,15	9,26
51,18	9,36
51,20	9,40
51,23	9,50
51,25	9,54
51,28	9,61
51,30	9,69
51,33	9,77
51,35	9,82
51,37	9,89
51,40	9,93
51,42	10,04
51,45	10,09
51,47	10,14
51,50	10,18
51,52	10,23
51,55	10,26
51,57	10,32
51,59	10,32
51,62	10,38
51,64	10,41
51,67	10,45
51,69	10,48
51,72	10,52
51,74	10,53
51,77	10,60
51,79	10,59
51,81	10,63
51,84	10,63
51,86	10,65
51,89	10,65
51,91	10,66
51,94	10,62
51,96	10,64
51,99	10,60
52,01	10,62
52,03	10,63
52,06	10,64
52,08	10,61
52,11	10,61
52,13	10,58
52,16	10,59
52,18	10,55
52,20	10,50
52,23	10,45
52,25	10,40
52,28	10,35
52,30	10,33
52,33	10,26
52,35	10,23
52,38	10,17
52,40	10,14
52,42	10,11
52,45	10,08
52,47	10,01
52,50	9,97
52,52	9,91
52,55	9,86
52,57	9,80
52,60	9,74
52,62	9,67
52,64	9,61
52,67	9,52
52,69	9,47
52,72	9,40
52,74	9,33
52,77	9,25
52,79	9,17
52,82	9,10
52,84	9,03
52,86	8,94
52,89	8,88
52,91	8,81
52,94	8,73
52,96	8,65
52,99	8,56
53,01	8,51
53,04	8,44
53,06	8,35
53,08	8,27
53,11	8,20
53,13	8,12
53,16	8,08
53,18	7,99
53,21	7,93
53,23	7,87
53,26	7,81
53,28	7,74
53,30	7,70
53,33	7,61
53,35	7,58
53,38	7,50
53,40	7,44
53,43	7,38
53,45	7,34
53,47	7,27
53,50	7,24
53,52	7,15
53,55	7,13
53,57	7,07
53,60	7,04
53,62	6,99
53,65	6,96
53,67	6,90
53,69	6,90
53,72	6,82
53,74	6,81
53,77	6,76
53,79	6,73
53,82	6,69
53,84	6,68
53,87	6,64
53,89	6,66
53,91	6,62
53,94	6,62
53,96	6,62
53,99	6,62
54,01	6,60
54,04	6,60
54,06	6,57
54,09	6,58
54,11	6,58
54,13	6,58
54,16	6,58
54,18	6,58
54,21	6,58
54,23	6,60
54,26	6,62
54,28	6,65
54,31	6,66
54,33	6,68
54,35	6,74
54,38	6,77
54,40	6,78
54,43	6,82
54,45	6,83
54,48	6,86
54,50	6,88
54,52	6,89
54,55	6,94
54,57	6,98
54,60	7,02
54,62	7,07
54,65	7,14
54,67	7,18
54,70	7,25
54,72	7,28
54,74	7,35
54,77	7,40
54,79	7,46
54,82	7,50
54,84	7,58
54,87	7,62
54,89	7,71
54,92	7,75
54,94	7,84
54,96	7,90
54,99	8,00
55,01	8,07
55,04	8,18
55,06	8,24
55,09	8,37
55,11	8,42
55,14	8,51
55,16	8,56
55,18	8,64
55,21	8,69
55,23	8,80
55,26	8,86
55,28	8,98
55,31	9,05
55,33	9,16
55,36	9,27
55,38	9,38
55,40	9,46
55,43	9,57
55,45	9,63
55,48	9,74
55,50	9,83
55,53	9,93
55,55	10,01
55,57	10,12
55,60	10,21
55,62	10,35
55,65	10,43
55,67	10,55
55,70	10,64
55,72	10,75
55,75	10,85
55,77	10,97
55,79	11,04
55,82	11,18
55,84	11,26
55,87	11,35
55,89	11,44
55,92	11,51
55,94	11,60
55,97	11,71
55,99	11,78
56,01	11,88
56,04	11,96
56,06	12,05
56,09	12,17
56,11	12,27
56,14	12,35
56,16	12,43
56,19	12,49
56,21	12,58
56,23	12,66
56,26	12,72
56,28	12,79
56,31	12,84
56,33	12,91
56,36	12,98
56,38	13,04
56,41	13,08
56,43	13,15
56,45	13,19
56,48	13,25
56,50	13,28
56,53	13,33
56,55	13,40
56,58	13,45
56,60	13,45
56,62	13,49
56,65	13,48
56,67	13,52
56,70	13,52
56,72	13,52
56,75	13,52
56,77	13,53
56,80	13,51
56,82	13,56
56,84	13,53
56,87	13,54
56,89	13,52
56,92	13,52
56,94	13,49
56,97	13,50
56,99	13,45
57,02	13,44
57,04	13,38
57,06	13,36
57,09	13,31
57,11	13,28
57,14	13,19
57,16	13,17
57,19	13,10
57,21	13,09
57,24	13,02
57,26	12,97
57,28	12,92
57,31	12,88
57,33	12,78
57,36	12,72
57,38	12,62
57,41	12,56
57,43	12,45
57,46	12,37
57,48	12,28
57,50	12,20
57,53	12,10
57,55	12,04
57,58	11,94
57,60	11,88
57,63	11,79
57,65	11,72
57,68	11,65
57,70	11,56
57,72	11,44
57,75	11,35
57,77	11,25
57,80	11,16
57,82	11,07
57,85	10,94
57,87	10,84
57,89	10,76
57,92	10,67
57,94	10,61
57,97	10,51
57,99	10,41
58,02	10,36
58,04	10,26
58,07	10,17
58,09	10,08
58,11	9,99
58,14	9,89
58,16	9,81
58,19	9,72
58,21	9,66
58,24	9,57
58,26	9,52
58,29	9,45
58,31	9,39
58,33	9,31
58,36	9,26
58,38	9,18
58,41	9,15
58,43	9,07
58,46	9,02
58,48	8,95
58,51	8,92
58,53	8,86
58,55	8,85
58,58	8,76
58,60	8,74
58,63	8,69
58,65	8,68
58,68	8,64
58,70	8,63
58,73	8,56
58,75	8,59
58,77	8,55
58,80	8,54
58,82	8,51
58,85	8,51
58,87	8,48
58,90	8,49
58,92	8,46
58,94	8,48
58,97	8,45
58,99	8,46
59,02	8,46
59,04	8,48
59,07	8,47
59,09	8,50
59,12	8,50
59,14	8,57
59,16	8,58
59,19	8,62
59,21	8,64
59,24	8,70
59,26	8,71
59,29	8,78
59,31	8,81
59,34	8,87
59,36	8,90
59,38	8,95
59,41	9,00
59,43	9,08
59,46	9,12
59,48	9,19
59,51	9,25
59,53	9,31
59,56	9,39
59,58	9,45
59,60	9,51
59,63	9,57
59,65	9,64
59,68	9,71
59,70	9,76
59,73	9,81
59,75	9,91
59,78	9,98
59,80	10,07
59,82	10,15
59,85	10,25
59,87	10,36
59,90	10,48
59,92	10,56
59,95	10,65
59,97	10,72
59,99	10,77
