U1/V	IA/nA
0,02	0,48
0,04	0,48
0,07	0,46
0,09	0,46
0,12	0,46
0,14	0,45
0,17	0,43
0,19	0,45
0,21	0,43
0,24	0,45
0,26	0,43
0,29	0,43
0,31	0,44
0,34	0,44
0,36	0,43
0,39	0,44
0,41	0,42
0,43	0,43
0,46	0,41
0,48	0,41
0,51	0,42
0,53	0,42
0,56	0,42
0,58	0,42
0,61	0,43
0,63	0,42
0,65	0,44
0,68	0,43
0,70	0,45
0,73	0,44
0,75	0,44
0,78	0,44
0,80	0,46
0,83	0,44
0,85	0,46
0,87	0,43
0,90	0,44
0,92	0,43
0,95	0,45
0,97	0,45
1,00	0,47
1,02	0,43
1,05	0,47
1,07	0,45
1,09	0,47
1,12	0,45
1,14	0,46
1,17	0,43
1,19	0,45
1,22	0,42
1,24	0,45
1,26	0,42
1,29	0,44
1,31	0,43
1,34	0,45
1,36	0,42
1,39	0,44
1,41	0,41
1,44	0,44
1,46	0,42
1,48	0,43
1,51	0,41
1,53	0,44
1,56	0,41
1,58	0,45
1,61	0,42
1,63	0,44
1,66	0,43
1,68	0,44
1,70	0,43
1,73	0,45
1,75	0,42
1,78	0,45
1,80	0,43
1,83	0,44
1,85	0,42
1,88	0,43
1,90	0,42
1,92	0,44
1,95	0,42
1,97	0,44
2,00	0,41
2,02	0,42
2,05	0,43
2,07	0,44
2,10	0,44
2,12	0,44
2,14	0,43
2,17	0,44
2,19	0,44
2,22	0,44
2,24	0,44
2,27	0,43
2,29	0,42
2,31	0,44
2,34	0,46
2,36	0,45
2,39	0,45
2,41	0,43
2,44	0,46
2,46	0,45
2,49	0,44
2,51	0,43
2,53	0,43
2,56	0,41
2,58	0,43
2,61	0,41
2,63	0,43
2,66	0,42
2,68	0,42
2,71	0,42
2,73	0,42
2,75	0,40
2,78	0,43
2,80	0,41
2,83	0,43
2,85	0,41
2,88	0,44
2,90	0,43
2,93	0,46
2,95	0,43
2,97	0,45
3,00	0,43
3,02	0,46
3,05	0,45
3,07	0,47
3,10	0,45
3,12	0,47
3,15	0,44
3,17	0,48
3,19	0,46
3,22	0,46
3,24	0,44
3,27	0,45
3,29	0,42
3,32	0,44
3,34	0,41
3,36	0,43
3,39	0,40
3,41	0,42
3,44	0,42
3,46	0,43
3,49	0,41
3,51	0,44
3,54	0,42
3,56	0,44
3,58	0,43
3,61	0,43
3,63	0,43
3,66	0,44
3,68	0,41
3,71	0,42
3,73	0,42
3,76	0,43
3,78	0,45
3,80	0,44
3,83	0,45
3,85	0,46
3,88	0,47
3,90	0,47
3,93	0,47
3,95	0,45
3,98	0,46
4,00	0,44
4,02	0,45
4,05	0,44
4,07	0,44
4,10	0,42
4,12	0,43
4,15	0,41
4,17	0,45
4,20	0,42
4,22	0,43
4,24	0,42
4,27	0,43
4,29	0,41
4,32	0,44
4,34	0,42
4,37	0,45
4,39	0,43
4,42	0,43
4,44	0,41
4,46	0,44
4,49	0,42
4,51	0,46
4,54	0,45
4,56	0,47
4,59	0,45
4,61	0,47
4,63	0,46
4,66	0,48
4,68	0,43
4,71	0,45
4,73	0,42
4,76	0,45
4,78	0,42
4,81	0,43
4,83	0,41
4,85	0,43
4,88	0,42
4,90	0,45
4,93	0,41
4,95	0,44
4,98	0,43
5,00	0,46
5,03	0,44
5,05	0,45
5,07	0,43
5,10	0,46
5,12	0,45
5,15	0,45
5,17	0,43
5,20	0,43
5,22	0,41
5,25	0,44
5,27	0,42
5,29	0,44
5,32	0,44
5,34	0,44
5,37	0,45
5,39	0,46
5,42	0,44
5,44	0,46
5,47	0,44
5,49	0,44
5,51	0,44
5,54	0,43
5,56	0,44
5,59	0,43
5,61	0,43
5,64	0,43
5,66	0,43
5,68	0,42
5,71	0,45
5,73	0,44
5,76	0,46
5,78	0,45
5,81	0,45
5,83	0,44
5,86	0,47
5,88	0,43
5,90	0,45
5,93	0,42
5,95	0,43
5,98	0,45
6,00	0,47
6,03	0,45
6,05	0,47
6,08	0,44
6,10	0,48
6,12	0,45
6,15	0,45
6,17	0,43
6,20	0,45
6,22	0,43
6,25	0,45
6,27	0,42
6,30	0,44
6,32	0,42
6,34	0,43
6,37	0,42
6,39	0,45
6,42	0,43
6,44	0,47
6,47	0,45
6,49	0,48
6,52	0,47
6,54	0,48
6,56	0,46
6,59	0,48
6,61	0,43
6,64	0,46
6,66	0,43
6,69	0,45
6,71	0,45
6,73	0,45
6,76	0,44
6,78	0,46
6,81	0,45
6,83	0,48
6,86	0,47
6,88	0,47
6,91	0,46
6,93	0,45
6,95	0,44
6,98	0,45
7,00	0,43
7,03	0,44
7,05	0,42
7,08	0,42
7,10	0,45
7,13	0,46
7,15	0,46
7,17	0,48
7,20	0,47
7,22	0,47
7,25	0,49
7,27	0,48
7,30	0,48
7,32	0,47
7,35	0,45
7,37	0,45
7,39	0,47
7,42	0,45
7,44	0,47
7,47	0,46
7,49	0,47
7,52	0,46
7,54	0,47
7,57	0,48
7,59	0,50
7,61	0,46
7,64	0,48
7,66	0,44
7,69	0,46
7,71	0,44
7,74	0,45
7,76	0,43
7,78	0,44
7,81	0,42
7,83	0,47
7,86	0,45
7,88	0,47
7,91	0,47
7,93	0,49
7,96	0,47
7,98	0,50
8,00	0,47
8,03	0,48
8,05	0,46
8,08	0,46
8,10	0,45
8,13	0,47
8,15	0,43
8,18	0,47
8,20	0,45
8,22	0,48
8,25	0,47
8,27	0,48
8,30	0,48
8,32	0,50
8,35	0,47
8,37	0,49
8,40	0,45
8,42	0,46
8,44	0,44
8,47	0,44
8,49	0,44
8,52	0,45
8,54	0,44
8,57	0,47
8,59	0,47
8,62	0,48
8,64	0,51
8,66	0,51
8,69	0,50
8,71	0,50
8,74	0,49
8,76	0,48
8,79	0,49
8,81	0,47
8,84	0,48
8,86	0,47
8,88	0,48
8,91	0,48
8,93	0,49
8,96	0,49
8,98	0,50
9,01	0,48
9,03	0,52
9,05	0,50
9,08	0,52
9,10	0,51
9,13	0,50
9,15	0,48
9,18	0,50
9,20	0,47
9,23	0,50
9,25	0,49
9,27	0,50
9,30	0,52
9,32	0,53
9,35	0,51
9,37	0,55
9,40	0,53
9,42	0,54
9,45	0,52
9,47	0,53
9,49	0,52
9,52	0,55
9,54	0,51
9,57	0,54
9,59	0,51
9,62	0,53
9,64	0,52
9,67	0,53
9,69	0,51
9,71	0,53
9,74	0,50
9,76	0,56
9,79	0,55
9,81	0,56
9,84	0,54
9,86	0,54
9,89	0,52
9,91	0,55
9,93	0,50
9,96	0,52
9,98	0,49
10,01	0,51
10,03	0,53
10,06	0,55
10,08	0,54
10,10	0,58
10,13	0,56
10,15	0,58
10,18	0,58
10,20	0,58
10,23	0,57
10,25	0,57
10,28	0,54
10,30	0,55
10,32	0,53
10,35	0,54
10,37	0,54
10,40	0,56
10,42	0,56
10,45	0,57
10,47	0,58
10,50	0,61
10,52	0,62
10,54	0,59
10,57	0,60
10,59	0,58
10,62	0,58
10,64	0,59
10,67	0,57
10,69	0,56
10,72	0,57
10,74	0,55
10,76	0,59
10,79	0,57
10,81	0,57
10,84	0,58
10,86	0,58
10,89	0,58
10,91	0,61
10,94	0,59
10,96	0,62
10,98	0,61
11,01	0,61
11,03	0,61
11,06	0,61
11,08	0,59
11,11	0,62
11,13	0,59
11,15	0,62
11,18	0,60
11,20	0,61
11,23	0,63
11,25	0,66
11,28	0,63
11,30	0,66
11,33	0,61
11,35	0,65
11,37	0,62
11,40	0,62
11,42	0,60
11,45	0,61
11,47	0,59
11,50	0,64
11,52	0,61
11,55	0,63
11,57	0,63
11,59	0,65
11,62	0,65
11,64	0,68
11,67	0,65
11,69	0,67
11,72	0,67
11,74	0,67
11,77	0,66
11,79	0,65
11,81	0,64
11,84	0,65
11,86	0,64
11,89	0,66
11,91	0,65
11,94	0,66
11,96	0,70
11,99	0,70
12,01	0,70
12,03	0,71
12,06	0,69
12,08	0,68
12,11	0,68
12,13	0,66
12,16	0,67
12,18	0,66
12,21	0,67
12,23	0,68
12,25	0,69
12,28	0,68
12,30	0,70
12,33	0,70
12,35	0,72
12,38	0,71
12,40	0,72
12,42	0,71
12,45	0,72
12,47	0,71
12,50	0,74
12,52	0,71
12,55	0,72
12,57	0,72
12,60	0,74
12,62	0,74
12,64	0,76
12,67	0,72
12,69	0,79
12,72	0,76
12,74	0,78
12,77	0,77
12,79	0,77
12,82	0,74
12,84	0,77
12,86	0,73
12,89	0,76
12,91	0,73
12,94	0,75
12,96	0,75
12,99	0,78
13,01	0,76
13,04	0,79
13,06	0,76
13,08	0,81
13,11	0,79
13,13	0,81
13,16	0,79
13,18	0,82
13,21	0,80
13,23	0,83
13,26	0,79
13,28	0,82
13,30	0,81
13,33	0,82
13,35	0,81
13,38	0,83
13,40	0,81
13,43	0,87
13,45	0,85
13,47	0,86
13,50	0,84
13,52	0,85
13,55	0,84
13,57	0,85
13,60	0,82
13,62	0,83
13,65	0,81
13,67	0,82
13,69	0,84
13,72	0,85
13,74	0,85
13,77	0,86
13,79	0,85
13,82	0,87
13,84	0,88
13,87	0,87
13,89	0,88
13,91	0,87
13,94	0,87
13,96	0,88
13,99	0,88
14,01	0,88
14,04	0,89
14,06	0,87
14,09	0,88
14,11	0,88
14,13	0,88
14,16	0,89
14,18	0,90
14,21	0,87
14,23	0,90
14,26	0,88
14,28	0,91
14,31	0,89
14,33	0,91
14,35	0,90
14,38	0,89
14,40	0,87
14,43	0,90
14,45	0,89
14,48	0,91
14,50	0,89
14,52	0,91
14,55	0,91
14,57	0,94
14,60	0,91
14,62	0,94
14,65	0,91
14,67	0,94
14,70	0,93
14,72	0,94
14,74	0,92
14,77	0,95
14,79	0,92
14,82	0,96
14,84	0,94
14,87	0,95
14,89	0,95
14,92	0,97
14,94	0,95
14,96	0,98
14,99	0,95
15,01	0,97
15,04	0,95
15,06	0,96
15,09	0,95
15,11	0,94
15,14	0,93
15,16	0,95
15,18	0,94
15,21	0,96
15,23	0,95
15,26	0,96
15,28	0,98
15,31	0,99
15,33	0,97
15,36	0,98
15,38	0,97
15,40	0,99
15,43	1,00
15,45	0,99
15,48	0,98
15,50	0,98
15,53	0,98
15,55	1,00
15,57	0,99
15,60	0,97
15,62	0,98
15,65	0,98
15,67	1,00
15,70	0,99
15,72	0,99
15,75	0,98
15,77	0,99
15,79	0,98
15,82	1,00
15,84	0,97
15,87	0,97
15,89	0,97
15,92	0,98
15,94	0,97
15,97	0,99
15,99	0,98
16,01	1,02
16,04	1,01
16,06	1,02
16,09	1,02
16,11	1,04
16,14	1,01
16,16	1,05
16,19	1,03
16,21	1,05
16,23	1,03
16,26	1,04
16,28	1,05
16,31	1,07
16,33	1,03
16,36	1,06
16,38	1,04
16,41	1,05
16,43	1,04
16,45	1,05
16,48	1,03
16,50	1,06
16,53	1,04
16,55	1,07
16,58	1,04
16,60	1,06
16,63	1,06
16,65	1,08
16,67	1,07
16,70	1,09
16,72	1,07
16,75	1,11
16,77	1,10
16,80	1,11
16,82	1,10
16,84	1,11
16,87	1,09
16,89	1,13
16,92	1,12
16,94	1,14
16,97	1,14
16,99	1,16
17,02	1,17
17,04	1,19
17,06	1,17
17,09	1,19
17,11	1,18
17,14	1,17
17,16	1,17
17,19	1,17
17,21	1,17
17,24	1,18
17,26	1,18
17,28	1,19
17,31	1,18
17,33	1,18
17,36	1,22
17,38	1,22
17,41	1,23
17,43	1,23
17,46	1,25
17,48	1,27
17,50	1,29
17,53	1,27
17,55	1,29
17,58	1,28
17,60	1,29
17,63	1,30
17,65	1,32
17,68	1,30
17,70	1,32
17,72	1,30
17,75	1,33
17,77	1,31
17,80	1,32
17,82	1,32
17,85	1,34
17,87	1,32
17,89	1,35
17,92	1,33
17,94	1,38
17,97	1,36
17,99	1,39
18,02	1,38
18,04	1,40
18,07	1,38
18,09	1,43
18,11	1,41
18,14	1,44
18,16	1,42
18,19	1,45
18,21	1,45
18,24	1,48
18,26	1,44
18,29	1,46
18,31	1,44
18,33	1,46
18,36	1,47
18,38	1,49
18,41	1,48
18,43	1,50
18,46	1,49
18,48	1,53
18,51	1,52
18,53	1,52
18,55	1,50
18,58	1,50
18,60	1,49
18,63	1,51
18,65	1,49
18,68	1,49
18,70	1,48
18,73	1,48
18,75	1,49
18,77	1,51
18,80	1,50
18,82	1,53
18,85	1,52
18,87	1,52
18,90	1,54
18,92	1,54
18,94	1,53
18,97	1,53
18,99	1,50
19,02	1,51
19,04	1,52
19,07	1,51
19,09	1,54
19,12	1,53
19,14	1,54
19,16	1,54
19,19	1,55
19,21	1,55
19,24	1,56
19,26	1,54
19,29	1,55
19,31	1,53
19,34	1,54
19,36	1,52
19,38	1,51
19,41	1,49
19,43	1,50
19,46	1,47
19,48	1,51
19,51	1,49
19,53	1,51
19,56	1,50
19,58	1,51
19,60	1,50
19,63	1,53
19,65	1,51
19,68	1,52
19,70	1,50
19,73	1,51
19,75	1,49
19,78	1,50
19,80	1,46
19,82	1,50
19,85	1,47
19,87	1,50
19,90	1,49
19,92	1,50
19,95	1,50
19,97	1,53
19,99	1,49
20,02	1,52
20,04	1,49
20,07	1,50
20,09	1,48
20,12	1,48
20,14	1,46
20,17	1,47
20,19	1,46
20,21	1,48
20,24	1,46
20,26	1,47
20,29	1,48
20,31	1,50
20,34	1,49
20,36	1,49
20,39	1,47
20,41	1,49
20,43	1,48
20,46	1,46
20,48	1,46
20,51	1,45
20,53	1,45
20,56	1,48
20,58	1,48
20,61	1,50
20,63	1,50
20,65	1,49
20,68	1,52
20,70	1,52
20,73	1,50
20,75	1,51
20,78	1,50
20,80	1,49
20,83	1,50
20,85	1,48
20,87	1,50
20,90	1,49
20,92	1,50
20,95	1,50
20,97	1,51
21,00	1,51
21,02	1,55
21,05	1,53
21,07	1,56
21,09	1,54
21,12	1,56
21,14	1,55
21,17	1,58
21,19	1,55
21,22	1,58
21,24	1,56
21,26	1,58
21,29	1,59
21,31	1,62
21,34	1,61
21,36	1,65
21,39	1,62
21,41	1,67
21,44	1,67
21,46	1,68
21,48	1,67
21,51	1,68
21,53	1,66
21,56	1,70
21,58	1,67
21,61	1,71
21,63	1,69
21,66	1,72
21,68	1,72
21,70	1,77
21,73	1,75
21,75	1,80
21,78	1,79
21,80	1,83
21,83	1,84
21,85	1,87
21,88	1,87
21,90	1,89
21,92	1,87
21,95	1,90
21,97	1,88
22,00	1,91
22,02	1,91
22,05	1,92
22,07	1,94
22,10	1,95
22,12	1,97
22,14	2,01
22,17	2,02
22,19	2,04
22,22	2,05
22,24	2,04
22,27	2,06
22,29	2,07
22,31	2,06
22,34	2,06
22,36	2,06
22,39	2,06
22,41	2,10
22,44	2,12
22,46	2,13
22,49	2,15
22,51	2,16
22,53	2,18
22,56	2,21
22,58	2,21
22,61	2,22
22,63	2,22
22,66	2,22
22,68	2,24
22,71	2,24
22,73	2,23
22,75	2,26
22,78	2,25
22,80	2,28
22,83	2,29
22,85	2,30
22,88	2,34
22,90	2,36
22,93	2,34
22,95	2,37
22,97	2,32
23,00	2,35
23,02	2,34
23,05	2,34
23,07	2,32
23,10	2,34
23,12	2,31
23,15	2,37
23,17	2,35
23,19	2,37
23,22	2,38
23,24	2,40
23,27	2,38
23,29	2,41
23,32	2,38
23,34	2,40
23,36	2,37
23,39	2,38
23,41	2,38
23,44	2,38
23,46	2,36
23,49	2,39
23,51	2,37
23,54	2,39
23,56	2,37
23,58	2,37
23,61	2,38
23,63	2,39
23,66	2,37
23,68	2,38
23,71	2,35
23,73	2,35
23,76	2,33
23,78	2,32
23,80	2,33
23,83	2,33
23,85	2,31
23,88	2,33
23,90	2,30
23,93	2,30
23,95	2,31
23,98	2,30
24,00	2,30
24,02	2,29
24,05	2,28
24,07	2,29
24,10	2,30
24,12	2,27
24,15	2,26
24,17	2,23
24,20	2,23
24,22	2,22
24,24	2,22
24,27	2,21
24,29	2,20
24,32	2,18
24,34	2,23
24,37	2,20
24,39	2,21
24,42	2,19
24,44	2,18
24,46	2,16
24,49	2,18
24,51	2,12
24,54	2,14
24,56	2,10
24,59	2,11
24,61	2,09
24,63	2,11
24,66	2,07
24,68	2,09
24,71	2,07
24,73	2,10
24,76	2,08
24,78	2,09
24,81	2,06
24,83	2,09
24,85	2,06
24,88	2,08
24,90	2,04
24,93	2,06
24,95	2,04
24,98	2,05
25,00	2,04
25,03	2,06
25,05	2,03
25,07	2,10
25,10	2,08
25,12	2,10
25,15	2,08
25,17	2,07
25,20	2,05
25,22	2,07
25,25	2,02
25,27	2,04
25,29	2,01
25,32	2,02
25,34	2,04
25,37	2,06
25,39	2,04
25,42	2,06
25,44	2,05
25,47	2,08
25,49	2,07
25,51	2,07
25,54	2,07
25,56	2,07
25,59	2,06
25,61	2,08
25,64	2,12
25,66	2,14
25,68	2,15
25,71	2,16
25,73	2,17
25,76	2,18
25,78	2,19
25,81	2,21
25,83	2,22
25,86	2,21
25,88	2,24
25,90	2,23
25,93	2,26
25,95	2,28
25,98	2,28
26,00	2,28
26,03	2,30
26,05	2,30
26,08	2,35
26,10	2,35
26,12	2,37
26,15	2,37
26,17	2,41
26,20	2,43
26,22	2,47
26,25	2,47
26,27	2,52
26,30	2,52
26,32	2,55
26,34	2,56
26,37	2,58
26,39	2,58
26,42	2,63
26,44	2,63
26,47	2,67
26,49	2,68
26,52	2,71
26,54	2,75
26,56	2,79
26,59	2,78
26,61	2,82
26,64	2,83
26,66	2,87
26,69	2,88
26,71	2,90
26,73	2,92
26,76	2,96
26,78	2,96
26,81	3,02
26,83	3,02
26,86	3,06
26,88	3,08
26,91	3,13
26,93	3,14
26,95	3,19
26,98	3,19
27,00	3,23
27,03	3,23
27,05	3,28
27,08	3,29
27,10	3,32
27,13	3,33
27,15	3,36
27,17	3,38
27,20	3,42
27,22	3,43
27,25	3,44
27,27	3,46
27,30	3,48
27,32	3,49
27,35	3,52
27,37	3,53
27,39	3,54
27,42	3,55
27,44	3,56
27,47	3,59
27,49	3,59
27,52	3,59
27,54	3,61
27,57	3,63
27,59	3,64
27,61	3,67
27,64	3,66
27,66	3,69
27,69	3,70
27,71	3,70
27,74	3,70
27,76	3,71
27,78	3,70
27,81	3,73
27,83	3,70
27,86	3,71
27,88	3,70
27,91	3,71
27,93	3,70
27,96	3,72
27,98	3,68
28,00	3,71
28,03	3,68
28,05	3,70
28,08	3,68
28,10	3,68
28,13	3,65
28,15	3,67
28,18	3,63
28,20	3,65
28,22	3,61
28,25	3,62
28,27	3,60
28,30	3,60
28,32	3,56
28,35	3,58
28,37	3,53
28,40	3,55
28,42	3,51
28,44	3,51
28,47	3,47
28,49	3,48
28,52	3,44
28,54	3,46
28,57	3,42
28,59	3,43
28,62	3,39
28,64	3,40
28,66	3,37
28,69	3,38
28,71	3,34
28,74	3,35
28,76	3,30
28,79	3,30
28,81	3,26
28,84	3,25
28,86	3,22
28,88	3,21
28,91	3,19
28,93	3,19
28,96	3,14
28,98	3,13
29,01	3,13
29,03	3,12
29,05	3,09
29,08	3,04
29,10	3,02
29,13	3,02
29,15	3,01
29,18	2,99
29,20	2,97
29,23	2,96
29,25	2,96
29,27	2,96
29,30	2,97
29,32	2,96
29,35	2,95
29,37	2,92
29,40	2,93
29,42	2,91
29,45	2,90
29,47	2,87
29,49	2,87
29,52	2,84
29,54	2,84
29,57	2,82
29,59	2,83
29,62	2,80
29,64	2,81
29,67	2,79
29,69	2,78
29,71	2,76
29,74	2,79
29,76	2,77
29,79	2,79
29,81	2,78
29,84	2,80
29,86	2,79
29,89	2,82
29,91	2,79
29,93	2,81
29,96	2,77
29,98	2,79
30,01	2,79
30,03	2,81
30,06	2,80
30,08	2,83
30,10	2,81
30,13	2,85
30,15	2,85
30,18	2,86
30,20	2,84
30,23	2,86
30,25	2,85
30,28	2,89
30,30	2,88
30,32	2,91
30,35	2,91
30,37	2,94
30,40	2,95
30,42	2,98
30,45	2,98
30,47	3,01
30,50	3,02
30,52	3,06
30,54	3,08
30,57	3,12
30,59	3,15
30,62	3,18
30,64	3,18
30,67	3,22
30,69	3,23
30,72	3,26
30,74	3,31
30,76	3,33
30,79	3,34
30,81	3,38
30,84	3,41
30,86	3,46
30,89	3,50
30,91	3,50
30,94	3,54
30,96	3,57
30,98	3,61
31,01	3,64
31,03	3,67
31,06	3,69
31,08	3,72
31,11	3,75
31,13	3,80
31,15	3,82
31,18	3,87
31,20	3,90
31,23	3,95
31,25	3,99
31,28	4,05
31,30	4,09
31,33	4,15
31,35	4,17
31,37	4,22
31,40	4,25
31,42	4,30
31,45	4,32
31,47	4,39
31,50	4,43
31,52	4,50
31,55	4,53
31,57	4,60
31,59	4,65
31,62	4,72
31,64	4,72
31,67	4,79
31,69	4,79
31,72	4,85
31,74	4,87
31,77	4,91
31,79	4,92
31,81	4,97
31,84	4,99
31,86	5,06
31,89	5,07
31,91	5,11
31,94	5,15
31,96	5,20
31,99	5,22
32,01	5,27
32,03	5,27
32,06	5,32
32,08	5,33
32,11	5,36
32,13	5,37
32,16	5,39
32,18	5,39
32,20	5,44
32,23	5,45
32,25	5,49
32,28	5,49
32,30	5,51
32,33	5,54
32,35	5,56
32,38	5,54
32,40	5,56
32,42	5,54
32,45	5,54
32,47	5,53
32,50	5,52
32,52	5,52
32,55	5,52
32,57	5,51
32,60	5,51
32,62	5,51
32,64	5,50
32,67	5,50
32,69	5,50
32,72	5,49
32,74	5,48
32,77	5,47
32,79	5,46
32,82	5,45
32,84	5,42
32,86	5,41
32,89	5,36
32,91	5,35
32,94	5,34
32,96	5,32
32,99	5,28
33,01	5,26
33,04	5,21
33,06	5,22
33,08	5,18
33,11	5,14
33,13	5,10
33,16	5,07
33,18	5,02
33,21	5,01
33,23	4,94
33,26	4,92
33,28	4,88
33,30	4,86
33,33	4,81
33,35	4,79
33,38	4,74
33,40	4,74
33,43	4,69
33,45	4,68
33,47	4,63
33,50	4,62
33,52	4,57
33,55	4,56
33,57	4,49
33,60	4,49
33,62	4,42
33,65	4,41
33,67	4,37
33,69	4,36
33,72	4,30
33,74	4,29
33,77	4,24
33,79	4,26
33,82	4,20
33,84	4,17
33,87	4,13
33,89	4,10
33,91	4,06
33,94	4,04
33,96	3,98
33,99	3,97
34,01	3,92
34,04	3,90
34,06	3,89
34,09	3,88
34,11	3,85
34,13	3,85
34,16	3,82
34,18	3,82
34,21	3,80
34,23	3,78
34,26	3,77
34,28	3,75
34,31	3,72
34,33	3,72
34,35	3,71
34,38	3,70
34,40	3,71
34,43	3,68
34,45	3,68
34,48	3,67
34,50	3,66
34,52	3,68
34,55	3,67
34,57	3,65
34,60	3,67
34,62	3,65
34,65	3,66
34,67	3,65
34,70	3,64
34,72	3,63
34,74	3,64
34,77	3,63
34,79	3,67
34,82	3,67
34,84	3,70
34,87	3,72
34,89	3,76
34,92	3,76
34,94	3,81
34,96	3,80
34,99	3,84
35,01	3,85
35,04	3,87
35,06	3,88
35,09	3,92
35,11	3,92
35,14	3,99
35,16	4,00
35,18	4,04
35,21	4,06
35,23	4,11
35,26	4,14
35,28	4,18
35,31	4,18
35,33	4,24
35,36	4,25
35,38	4,30
35,40	4,32
35,43	4,36
35,45	4,40
35,48	4,46
35,50	4,48
35,53	4,55
35,55	4,58
35,57	4,63
35,60	4,68
35,62	4,74
35,65	4,78
35,67	4,84
35,70	4,88
35,72	4,96
35,75	5,01
35,77	5,06
35,79	5,11
35,82	5,17
35,84	5,22
35,87	5,28
35,89	5,32
35,92	5,39
35,94	5,43
35,97	5,48
35,99	5,56
36,01	5,61
36,04	5,67
36,06	5,74
36,09	5,79
36,11	5,86
36,14	5,93
36,16	5,97
36,19	6,06
36,21	6,11
36,23	6,18
36,26	6,24
36,28	6,30
36,31	6,35
36,33	6,44
36,36	6,48
36,38	6,56
36,41	6,62
36,43	6,69
36,45	6,76
36,48	6,84
36,50	6,87
36,53	6,96
36,55	6,99
36,58	7,06
36,60	7,09
36,62	7,15
36,65	7,18
36,67	7,25
36,70	7,25
36,72	7,34
36,75	7,36
36,77	7,42
36,80	7,45
36,82	7,49
36,84	7,51
36,87	7,58
36,89	7,57
36,92	7,63
36,94	7,63
36,97	7,67
36,99	7,69
37,02	7,74
37,04	7,74
37,06	7,80
37,09	7,78
37,11	7,82
37,14	7,82
37,16	7,85
37,19	7,83
37,21	7,85
37,24	7,79
37,26	7,81
37,28	7,78
37,31	7,79
37,33	7,76
37,36	7,76
37,38	7,73
37,41	7,75
37,43	7,71
37,46	7,74
37,48	7,70
37,50	7,67
37,53	7,63
37,55	7,59
37,58	7,55
37,60	7,53
37,63	7,47
37,65	7,43
37,68	7,37
37,70	7,34
37,72	7,28
37,75	7,24
37,77	7,18
37,80	7,15
37,82	7,11
37,85	7,08
37,87	7,04
37,89	7,03
37,92	6,96
37,94	6,90
37,97	6,83
37,99	6,78
38,02	6,72
38,04	6,67
38,07	6,63
38,09	6,58
38,11	6,53
38,14	6,48
38,16	6,42
38,19	6,38
38,21	6,32
38,24	6,23
38,26	6,18
38,29	6,08
38,31	6,03
38,33	5,97
38,36	5,92
38,38	5,86
38,41	5,82
38,43	5,75
38,46	5,76
38,48	5,69
38,51	5,65
38,53	5,59
38,55	5,56
38,58	5,50
38,60	5,48
38,63	5,40
38,65	5,38
38,68	5,31
38,70	5,28
38,73	5,24
38,75	5,21
38,77	5,15
38,80	5,14
38,82	5,08
38,85	5,08
38,87	5,03
38,90	5,01
38,92	4,99
38,94	4,98
38,97	4,94
38,99	4,95
39,02	4,89
39,04	4,88
39,07	4,84
39,09	4,83
39,12	4,80
39,14	4,78
39,16	4,74
39,19	4,76
39,21	4,74
39,24	4,74
39,26	4,75
39,29	4,76
39,31	4,77
39,34	4,79
39,36	4,78
39,38	4,78
39,41	4,79
39,43	4,78
39,46	4,79
39,48	4,78
39,51	4,79
39,53	4,81
39,56	4,83
39,58	4,86
39,60	4,88
39,63	4,88
39,65	4,95
39,68	4,96
39,70	5,00
39,73	5,03
39,75	5,04
39,78	5,05
39,80	5,09
39,82	5,09
39,85	5,14
39,87	5,15
39,90	5,19
39,92	5,25
39,95	5,31
39,97	5,34
39,99	5,41
40,02	5,44
40,04	5,52
40,07	5,55
40,09	5,61
40,12	5,62
40,14	5,70
40,17	5,72
40,19	5,81
40,21	5,82
40,24	5,91
40,26	5,95
40,29	6,05
40,31	6,10
40,34	6,19
40,36	6,22
40,39	6,36
40,41	6,41
40,43	6,49
40,46	6,54
40,48	6,62
40,51	6,67
40,53	6,75
40,56	6,78
40,58	6,87
40,61	6,92
40,63	7,01
40,65	7,09
40,68	7,19
40,70	7,27
40,73	7,37
40,75	7,44
40,78	7,55
40,80	7,61
40,83	7,70
40,85	7,77
40,87	7,86
40,90	7,93
40,92	8,02
40,95	8,09
40,97	8,21
41,00	8,29
41,02	8,38
41,05	8,47
41,07	8,56
41,09	8,65
41,12	8,78
41,14	8,85
41,17	8,92
41,19	9,00
41,22	9,06
41,24	9,14
41,26	9,21
41,29	9,28
41,31	9,35
41,34	9,42
41,36	9,50
41,39	9,61
41,41	9,68
41,44	9,77
41,46	9,83
41,48	9,91
41,51	9,98
41,53	10,06
41,56	10,08
41,58	10,15
41,61	10,18
41,63	10,24
41,66	10,29
41,68	10,34
41,70	10,36
41,73	10,43
41,75	10,44
41,78	10,50
41,80	10,51
41,83	10,53
41,85	10,57
41,88	10,60
41,90	10,60
41,92	10,63
41,95	10,60
41,97	10,62
42,00	10,60
42,02	10,62
42,05	10,59
42,07	10,58
42,10	10,53
42,12	10,55
42,14	10,51
42,17	10,52
42,19	10,48
42,22	10,48
42,24	10,45
42,27	10,45
42,29	10,38
42,31	10,37
42,34	10,29
42,36	10,27
42,39	10,21
42,41	10,16
42,44	10,07
42,46	10,04
42,49	9,97
42,51	9,95
42,53	9,88
42,56	9,82
42,58	9,76
42,61	9,71
42,63	9,63
42,66	9,58
42,68	9,47
42,71	9,39
42,73	9,29
42,75	9,21
42,78	9,14
42,80	9,05
42,83	8,94
42,85	8,88
42,88	8,81
42,90	8,75
42,93	8,68
42,95	8,61
42,97	8,55
43,00	8,48
43,02	8,39
43,05	8,30
43,07	8,21
43,10	8,13
43,12	8,06
43,15	7,95
43,17	7,87
43,19	7,79
43,22	7,72
43,24	7,65
43,27	7,59
43,29	7,49
43,32	7,45
43,34	7,37
43,36	7,32
43,39	7,24
43,41	7,18
43,44	7,10
43,46	7,05
43,49	6,97
43,51	6,94
43,54	6,86
43,56	6,82
43,58	6,75
43,61	6,72
43,63	6,65
43,66	6,64
43,68	6,58
43,71	6,58
43,73	6,52
43,76	6,49
43,78	6,44
43,80	6,43
43,83	6,37
43,85	6,37
43,88	6,31
43,90	6,31
43,93	6,28
43,95	6,27
43,98	6,25
44,00	6,25
44,02	6,21
44,05	6,24
44,07	6,20
44,10	6,22
44,12	6,20
44,15	6,20
44,17	6,18
44,20	6,21
44,22	6,19
44,24	6,23
44,27	6,20
44,29	6,23
44,32	6,26
44,34	6,29
44,37	6,30
44,39	6,34
44,41	6,34
44,44	6,40
44,46	6,42
44,49	6,45
44,51	6,48
44,54	6,53
44,56	6,55
44,59	6,62
44,61	6,67
44,63	6,72
44,66	6,77
44,68	6,80
44,71	6,86
44,73	6,92
44,76	6,95
44,78	7,01
44,81	7,07
44,83	7,11
44,85	7,18
44,88	7,24
44,90	7,33
44,93	7,39
44,95	7,47
44,98	7,53
45,00	7,59
45,03	7,65
45,05	7,76
45,07	7,81
45,10	7,89
45,12	7,97
45,15	8,08
45,17	8,17
45,20	8,29
45,22	8,35
45,25	8,45
45,27	8,53
45,29	8,64
45,32	8,73
45,34	8,85
45,37	8,91
45,39	9,02
45,42	9,10
45,44	9,22
45,47	9,30
45,49	9,40
45,51	9,50
45,54	9,63
45,56	9,72
45,59	9,85
45,61	9,94
45,64	10,08
45,66	10,16
45,68	10,27
45,71	10,36
45,73	10,47
45,76	10,56
45,78	10,69
45,81	10,77
45,83	10,90
45,86	11,01
45,88	11,13
45,90	11,24
45,93	11,37
45,95	11,45
45,98	11,58
46,00	11,65
46,03	11,77
46,05	11,88
46,08	11,98
46,10	12,06
46,12	12,17
46,15	12,26
46,17	12,41
46,20	12,49
46,22	12,58
46,25	12,66
46,27	12,75
46,30	12,82
46,32	12,92
46,34	12,98
46,37	13,05
46,39	13,12
46,42	13,19
46,44	13,27
46,47	13,35
46,49	13,42
46,52	13,48
46,54	13,55
46,56	13,61
46,59	13,68
46,61	13,72
46,64	13,76
46,66	13,78
46,69	13,81
46,71	13,83
46,73	13,86
46,76	13,86
46,78	13,92
46,81	13,90
46,83	13,91
46,86	13,91
46,88	13,91
46,91	13,91
46,93	13,92
46,95	13,85
46,98	13,85
47,00	13,82
47,03	13,79
47,05	13,76
47,08	13,73
47,10	13,68
47,13	13,65
47,15	13,59
47,17	13,58
47,20	13,52
47,22	13,47
47,25	13,39
47,27	13,35
47,30	13,26
47,32	13,21
47,35	13,10
47,37	13,04
47,39	12,94
47,42	12,88
47,44	12,79
47,47	12,74
47,49	12,64
47,52	12,61
47,54	12,50
47,57	12,45
47,59	12,32
47,61	12,22
47,64	12,10
47,66	11,99
47,69	11,84
47,71	11,76
47,74	11,60
47,76	11,52
47,78	11,41
47,81	11,31
47,83	11,20
47,86	11,12
47,88	11,00
47,91	10,91
47,93	10,82
47,96	10,72
47,98	10,63
48,00	10,53
48,03	10,40
48,05	10,30
48,08	10,19
48,10	10,07
48,13	9,98
48,15	9,87
48,18	9,78
48,20	9,68
48,22	9,60
48,25	9,54
48,27	9,44
48,30	9,35
48,32	9,26
48,35	9,17
48,37	9,13
48,40	9,04
48,42	8,95
48,44	8,89
48,47	8,82
48,49	8,76
48,52	8,72
48,54	8,64
48,57	8,61
48,59	8,55
48,62	8,49
48,64	8,45
48,66	8,41
48,69	8,34
48,71	8,33
48,74	8,28
48,76	8,27
48,79	8,23
48,81	8,21
48,84	8,18
48,86	8,19
48,88	8,14
48,91	8,13
48,93	8,10
48,96	8,11
48,98	8,10
49,01	8,11
49,03	8,11
49,05	8,12
49,08	8,14
49,10	8,18
49,13	8,18
49,15	8,21
49,18	8,22
49,20	8,25
49,23	8,27
49,25	8,31
49,27	8,33
49,30	8,38
49,32	8,40
49,35	8,45
49,37	8,48
49,40	8,54
49,42	8,58
49,45	8,65
49,47	8,69
49,49	8,78
49,52	8,80
49,54	8,88
49,57	8,94
49,59	9,03
49,62	9,08
49,64	9,18
49,67	9,23
49,69	9,35
49,71	9,42
49,74	9,51
49,76	9,58
49,79	9,68
49,81	9,75
49,84	9,86
49,86	9,93
49,89	10,03
49,91	10,12
49,93	10,22
49,96	10,30
49,98	10,40
50,01	10,49
50,03	10,62
50,06	10,72
50,08	10,83
50,10	10,95
50,13	11,08
50,15	11,20
50,18	11,32
50,20	11,46
50,23	11,59
50,25	11,67
50,28	11,78
50,30	11,91
50,32	12,03
50,35	12,16
50,37	12,25
50,40	12,39
50,42	12,55
50,45	12,70
50,47	12,81
50,50	12,96
50,52	13,07
50,54	13,20
50,57	13,33
50,59	13,48
50,62	13,59
50,64	13,73
50,67	13,84
50,69	14,00
50,72	14,14
50,74	14,29
50,76	14,42
50,79	14,57
50,81	14,70
50,84	14,86
50,86	14,97
50,89	15,11
50,91	15,19
50,94	15,32
50,96	15,43
50,98	15,54
51,01	15,63
51,03	15,78
51,06	15,88
51,08	16,03
51,11	16,15
51,13	16,27
51,15	16,39
51,18	16,51
51,20	16,58
51,23	16,72
51,25	16,79
51,28	16,88
51,30	16,98
51,33	17,06
51,35	17,12
51,37	17,20
51,40	17,23
51,42	17,34
51,45	17,39
51,47	17,43
51,50	17,49
51,52	17,54
51,55	17,57
51,57	17,64
51,59	17,63
51,62	17,68
51,64	17,69
51,67	17,72
51,69	17,74
51,72	17,75
51,74	17,74
51,77	17,76
51,79	17,74
51,81	17,74
51,84	17,71
51,86	17,70
51,89	17,67
51,91	17,64
51,94	17,58
51,96	17,54
51,99	17,49
52,01	17,44
52,03	17,40
52,06	17,33
52,08	17,27
52,11	17,20
52,13	17,13
52,16	17,08
52,18	16,99
52,20	16,89
52,23	16,81
52,25	16,69
52,28	16,60
52,30	16,52
52,33	16,41
52,35	16,31
52,38	16,20
52,40	16,10
52,42	16,03
52,45	15,90
52,47	15,78
52,50	15,67
52,52	15,55
52,55	15,41
52,57	15,30
52,60	15,14
52,62	15,04
52,64	14,90
52,67	14,76
52,69	14,62
52,72	14,53
52,74	14,39
52,77	14,32
52,79	14,16
52,82	14,05
52,84	13,90
52,86	13,81
52,89	13,67
52,91	13,55
52,94	13,36
52,96	13,26
52,99	13,10
53,01	13,01
53,04	12,87
53,06	12,78
53,08	12,64
53,11	12,57
53,13	12,44
53,16	12,38
53,18	12,24
53,21	12,15
53,23	12,04
53,26	11,97
53,28	11,84
53,30	11,77
53,33	11,67
53,35	11,62
53,38	11,53
53,40	11,46
53,43	11,39
53,45	11,34
53,47	11,26
53,50	11,22
53,52	11,15
53,55	11,11
53,57	11,06
53,60	11,00
53,62	10,98
53,65	10,95
53,67	10,89
53,69	10,87
53,72	10,84
53,74	10,82
53,77	10,79
53,79	10,76
53,82	10,77
53,84	10,76
53,87	10,76
53,89	10,76
53,91	10,76
53,94	10,76
53,96	10,81
53,99	10,82
54,01	10,86
54,04	10,86
54,06	10,89
54,09	10,91
54,11	10,96
54,13	10,95
54,16	10,99
54,18	11,00
54,21	11,07
54,23	11,12
54,26	11,20
54,28	11,24
54,31	11,33
54,33	11,39
54,35	11,51
54,38	11,55
54,40	11,62
54,43	11,67
54,45	11,75
54,48	11,80
54,50	11,90
54,52	11,95
54,55	12,07
54,57	12,14
54,60	12,25
54,62	12,36
54,65	12,49
54,67	12,58
54,70	12,74
54,72	12,81
54,74	12,94
54,77	13,02
54,79	13,14
54,82	13,22
54,84	13,36
54,87	13,43
54,89	13,59
54,92	13,70
54,94	13,87
54,96	14,00
54,99	14,17
55,01	14,30
55,04	14,47
55,06	14,59
55,09	14,77
55,11	14,88
55,14	15,02
55,16	15,14
55,18	15,28
55,21	15,41
55,23	15,56
55,26	15,69
55,28	15,87
55,31	16,02
55,33	16,18
55,36	16,36
55,38	16,53
55,40	16,69
55,43	16,86
55,45	16,99
55,48	17,13
55,50	17,29
55,53	17,43
55,55	17,58
55,57	17,71
55,60	17,86
55,62	18,03
55,65	18,21
55,67	18,35
55,70	18,55
55,72	18,69
55,75	18,87
55,77	19,00
55,79	19,15
55,82	19,30
55,84	19,46
55,87	19,55
55,89	19,71
55,92	19,81
55,94	19,97
55,97	20,10
55,99	20,22
56,01	20,34
56,04	20,49
56,06	20,60
56,09	20,77
56,11	20,88
56,14	21,01
56,16	21,12
56,19	21,24
56,21	21,33
56,23	21,44
56,26	21,51
56,28	21,60
56,31	21,69
56,33	21,77
56,36	21,84
56,38	21,91
56,41	21,96
56,43	22,03
56,45	22,06
56,48	22,13
56,50	22,16
56,53	22,21
56,55	22,27
56,58	22,31
56,60	22,31
56,62	22,35
56,65	22,30
56,67	22,33
56,70	22,29
56,72	22,26
56,75	22,23
56,77	22,23
56,80	22,19
56,82	22,22
56,84	22,16
56,87	22,15
56,89	22,12
56,92	22,09
56,94	22,05
56,97	22,02
56,99	21,94
57,02	21,89
57,04	21,82
57,06	21,73
57,09	21,64
57,11	21,53
57,14	21,41
57,16	21,33
57,19	21,23
57,21	21,15
57,24	21,04
57,26	20,92
57,28	20,85
57,31	20,75
57,33	20,61
57,36	20,49
57,38	20,32
57,41	20,19
57,43	20,05
57,46	19,87
57,48	19,72
57,50	19,57
57,53	19,43
57,55	19,32
57,58	19,19
57,60	19,06
57,63	18,95
57,65	18,82
57,68	18,71
57,70	18,55
57,72	18,39
57,75	18,22
57,77	18,07
57,80	17,90
57,82	17,76
57,85	17,57
57,87	17,45
57,89	17,32
57,92	17,22
57,94	17,08
57,97	16,97
57,99	16,81
58,02	16,76
58,04	16,59
58,07	16,48
58,09	16,31
58,11	16,19
58,14	16,04
58,16	15,96
58,19	15,80
58,21	15,74
58,24	15,60
58,26	15,53
58,29	15,45
58,31	15,38
58,33	15,26
58,36	15,20
58,38	15,09
58,41	15,03
58,43	14,93
58,46	14,88
58,48	14,79
58,51	14,75
58,53	14,68
58,55	14,66
58,58	14,60
58,60	14,57
58,63	14,53
58,65	14,50
58,68	14,47
58,70	14,46
58,73	14,43
58,75	14,46
58,77	14,44
58,80	14,43
58,82	14,43
58,85	14,43
58,87	14,44
58,90	14,47
58,92	14,46
58,94	14,48
58,97	14,49
58,99	14,52
59,02	14,56
59,04	14,59
59,07	14,62
59,09	14,65
59,12	14,71
59,14	14,77
59,16	14,85
59,19	14,90
59,21	14,99
59,24	15,06
59,26	15,15
59,29	15,23
59,31	15,31
59,34	15,38
59,36	15,48
59,38	15,55
59,41	15,66
59,43	15,74
59,46	15,86
59,48	15,98
59,51	16,10
59,53	16,21
59,56	16,37
59,58	16,47
59,60	16,59
59,63	16,69
59,65	16,82
59,68	16,93
59,70	17,06
59,73	17,15
59,75	17,31
59,78	17,43
59,80	17,60
59,82	17,74
59,85	17,92
59,87	18,07
59,90	18,25
59,92	18,39
59,95	18,53
59,97	18,63
59,99	18,71
