U1/V	IA/nA
0,02	0,43
0,04	0,44
0,07	0,45
0,09	0,47
0,12	0,48
0,14	0,48
0,17	0,49
0,19	0,46
0,21	0,45
0,24	0,45
0,26	0,43
0,29	0,44
0,31	0,42
0,34	0,42
0,36	0,44
0,39	0,44
0,41	0,43
0,43	0,45
0,46	0,45
0,48	0,47
0,51	0,46
0,53	0,46
0,56	0,46
0,58	0,48
0,61	0,46
0,63	0,48
0,65	0,44
0,68	0,45
0,70	0,44
0,73	0,46
0,75	0,44
0,78	0,47
0,80	0,44
0,83	0,50
0,85	0,48
0,87	0,50
0,90	0,49
0,92	0,48
0,95	0,44
0,97	0,46
1,00	0,41
1,02	0,44
1,05	0,41
1,07	0,43
1,09	0,43
1,12	0,46
1,14	0,44
1,17	0,47
1,19	0,44
1,22	0,47
1,24	0,45
1,26	0,46
1,29	0,45
1,31	0,47
1,34	0,45
1,36	0,48
1,39	0,45
1,41	0,47
1,44	0,46
1,46	0,47
1,48	0,46
1,51	0,47
1,53	0,45
1,56	0,50
1,58	0,49
1,61	0,49
1,63	0,48
1,66	0,48
1,68	0,47
1,70	0,48
1,73	0,45
1,75	0,46
1,78	0,44
1,80	0,38
1,83	0,40
1,85	0,41
1,88	0,39
1,90	0,38
1,92	0,37
1,95	0,39
1,97	0,46
2,00	0,46
2,02	0,46
2,05	0,45
2,07	0,46
2,10	0,47
2,12	0,47
2,14	0,45
2,17	0,46
2,19	0,43
2,22	0,45
2,24	0,44
2,27	0,44
2,29	0,47
2,31	0,48
2,34	0,45
2,36	0,47
2,39	0,45
2,41	0,47
2,44	0,45
2,46	0,44
2,49	0,42
2,51	0,43
2,53	0,41
2,56	0,45
2,58	0,43
2,61	0,45
2,63	0,44
2,66	0,46
2,68	0,45
2,71	0,47
2,73	0,44
2,75	0,47
2,78	0,44
2,80	0,46
2,83	0,45
2,85	0,45
2,88	0,43
2,90	0,45
2,93	0,43
2,95	0,46
2,97	0,44
3,00	0,45
3,02	0,47
3,05	0,48
3,07	0,46
3,10	0,47
3,12	0,44
3,15	0,45
3,17	0,43
3,19	0,43
3,22	0,42
3,24	0,43
3,27	0,41
3,29	0,44
3,32	0,43
3,34	0,44
3,36	0,43
3,39	0,45
3,41	0,45
3,44	0,46
3,46	0,44
3,49	0,45
3,51	0,45
3,54	0,45
3,56	0,45
3,58	0,43
3,61	0,43
3,63	0,43
3,66	0,43
3,68	0,43
3,71	0,44
3,73	0,42
3,76	0,45
3,78	0,44
3,80	0,45
3,83	0,45
3,85	0,45
3,88	0,44
3,90	0,46
3,93	0,45
3,95	0,47
3,98	0,44
4,00	0,45
4,02	0,44
4,05	0,46
4,07	0,44
4,10	0,47
4,12	0,45
4,15	0,49
4,17	0,47
4,20	0,48
4,22	0,45
4,24	0,47
4,27	0,44
4,29	0,48
4,32	0,43
4,34	0,46
4,37	0,45
4,39	0,48
4,42	0,47
4,44	0,49
4,46	0,46
4,49	0,49
4,51	0,46
4,54	0,48
4,56	0,45
4,59	0,46
4,61	0,43
4,63	0,46
4,66	0,44
4,68	0,47
4,71	0,43
4,73	0,44
4,76	0,43
4,78	0,45
4,81	0,43
4,83	0,44
4,85	0,42
4,88	0,46
4,90	0,45
4,93	0,46
4,95	0,45
4,98	0,46
5,00	0,45
5,03	0,48
5,05	0,46
5,07	0,48
5,10	0,47
5,12	0,47
5,15	0,46
5,17	0,47
5,20	0,45
5,22	0,48
5,25	0,46
5,27	0,45
5,29	0,46
5,32	0,45
5,34	0,46
5,37	0,46
5,39	0,45
5,42	0,44
5,44	0,43
5,47	0,42
5,49	0,45
5,51	0,43
5,54	0,44
5,56	0,43
5,59	0,44
5,61	0,46
5,64	0,48
5,66	0,45
5,68	0,47
5,71	0,45
5,73	0,46
5,76	0,46
5,78	0,48
5,81	0,46
5,83	0,48
5,86	0,46
5,88	0,49
5,90	0,47
5,93	0,48
5,95	0,46
5,98	0,47
6,00	0,45
6,03	0,46
6,05	0,43
6,08	0,45
6,10	0,43
6,12	0,45
6,15	0,43
6,17	0,44
6,20	0,42
6,22	0,47
6,25	0,44
6,27	0,46
6,30	0,44
6,32	0,47
6,34	0,47
6,37	0,49
6,39	0,45
6,42	0,48
6,44	0,46
6,47	0,48
6,49	0,48
6,52	0,50
6,54	0,48
6,56	0,50
6,59	0,48
6,61	0,51
6,64	0,49
6,66	0,48
6,69	0,47
6,71	0,48
6,73	0,48
6,76	0,50
6,78	0,48
6,81	0,50
6,83	0,48
6,86	0,49
6,88	0,49
6,91	0,48
6,93	0,47
6,95	0,48
6,98	0,47
7,00	0,49
7,03	0,50
7,05	0,50
7,08	0,52
7,10	0,51
7,13	0,50
7,15	0,50
7,17	0,50
7,20	0,50
7,22	0,52
7,25	0,50
7,27	0,51
7,30	0,51
7,32	0,52
7,35	0,53
7,37	0,54
7,39	0,50
7,42	0,51
7,44	0,49
7,47	0,50
7,49	0,49
7,52	0,49
7,54	0,48
7,57	0,51
7,59	0,50
7,61	0,53
7,64	0,51
7,66	0,53
7,69	0,52
7,71	0,54
7,74	0,52
7,76	0,54
7,78	0,51
7,81	0,54
7,83	0,52
7,86	0,52
7,88	0,51
7,91	0,53
7,93	0,51
7,96	0,56
7,98	0,55
8,00	0,56
8,03	0,55
8,05	0,57
8,08	0,56
8,10	0,57
8,13	0,53
8,15	0,56
8,18	0,53
8,20	0,55
8,22	0,53
8,25	0,54
8,27	0,53
8,30	0,55
8,32	0,53
8,35	0,56
8,37	0,54
8,40	0,56
8,42	0,57
8,44	0,58
8,47	0,58
8,49	0,59
8,52	0,58
8,54	0,60
8,57	0,60
8,59	0,59
8,62	0,59
8,64	0,58
8,66	0,58
8,69	0,60
8,71	0,60
8,74	0,61
8,76	0,61
8,79	0,60
8,81	0,62
8,84	0,62
8,86	0,61
8,88	0,61
8,91	0,61
8,93	0,59
8,96	0,60
8,98	0,59
9,01	0,61
9,03	0,59
9,05	0,60
9,08	0,60
9,10	0,62
9,13	0,62
9,15	0,66
9,18	0,65
9,20	0,68
9,23	0,67
9,25	0,68
9,27	0,67
9,30	0,69
9,32	0,65
9,35	0,67
9,37	0,64
9,40	0,66
9,42	0,66
9,45	0,69
9,47	0,67
9,49	0,70
9,52	0,67
9,54	0,73
9,57	0,70
9,59	0,71
9,62	0,68
9,64	0,69
9,67	0,67
9,69	0,71
9,71	0,67
9,74	0,70
9,76	0,67
9,79	0,69
9,81	0,70
9,84	0,72
9,86	0,69
9,89	0,73
9,91	0,71
9,93	0,74
9,96	0,72
9,98	0,74
10,01	0,72
10,03	0,75
10,06	0,71
10,08	0,72
10,10	0,70
10,13	0,72
10,15	0,72
10,18	0,73
10,20	0,72
10,23	0,73
10,25	0,74
10,28	0,78
10,30	0,78
10,32	0,76
10,35	0,77
10,37	0,75
10,40	0,76
10,42	0,77
10,45	0,74
10,47	0,74
10,50	0,74
10,52	0,73
10,54	0,76
10,57	0,76
10,59	0,77
10,62	0,79
10,64	0,80
10,67	0,79
10,69	0,81
10,72	0,80
10,74	0,81
10,76	0,80
10,79	0,78
10,81	0,77
10,84	0,79
10,86	0,77
10,89	0,81
10,91	0,79
10,94	0,80
10,96	0,79
10,98	0,81
11,01	0,82
11,03	0,84
11,06	0,80
11,08	0,82
11,11	0,79
11,13	0,82
11,15	0,81
11,18	0,81
11,20	0,80
11,23	0,82
11,25	0,80
11,28	0,85
11,30	0,83
11,33	0,85
11,35	0,86
11,37	0,88
11,40	0,86
11,42	0,89
11,45	0,86
11,47	0,89
11,50	0,88
11,52	0,88
11,55	0,87
11,57	0,87
11,59	0,86
11,62	0,88
11,64	0,86
11,67	0,89
11,69	0,87
11,72	0,88
11,74	0,90
11,77	0,92
11,79	0,92
11,81	0,94
11,84	0,92
11,86	0,93
11,89	0,92
11,91	0,92
11,94	0,91
11,96	0,91
11,99	0,90
12,01	0,92
12,03	0,92
12,06	0,92
12,08	0,95
12,11	0,96
12,13	0,97
12,16	0,98
12,18	0,97
12,21	0,98
12,23	1,00
12,25	0,98
12,28	0,99
12,30	0,97
12,33	0,97
12,35	0,98
12,38	1,00
12,40	1,00
12,42	1,03
12,45	1,02
12,47	1,07
12,50	1,07
12,52	1,09
12,55	1,08
12,57	1,07
12,60	1,05
12,62	1,06
12,64	1,04
12,67	1,07
12,69	1,05
12,72	1,07
12,74	1,08
12,77	1,11
12,79	1,09
12,82	1,13
12,84	1,11
12,86	1,14
12,89	1,12
12,91	1,14
12,94	1,12
12,96	1,16
12,99	1,13
13,01	1,16
13,04	1,13
13,06	1,16
13,08	1,15
13,11	1,17
13,13	1,15
13,16	1,17
13,18	1,15
13,21	1,22
13,23	1,19
13,26	1,21
13,28	1,19
13,30	1,19
13,33	1,17
13,35	1,20
13,38	1,16
13,40	1,18
13,43	1,16
13,45	1,18
13,47	1,20
13,50	1,21
13,52	1,20
13,55	1,23
13,57	1,22
13,60	1,24
13,62	1,24
13,65	1,25
13,67	1,26
13,69	1,26
13,72	1,23
13,74	1,24
13,77	1,23
13,79	1,23
13,82	1,23
13,84	1,22
13,87	1,23
13,89	1,24
13,91	1,25
13,94	1,30
13,96	1,31
13,99	1,29
14,01	1,31
14,04	1,28
14,06	1,30
14,09	1,29
14,11	1,27
14,13	1,26
14,16	1,27
14,18	1,25
14,21	1,29
14,23	1,27
14,26	1,28
14,28	1,28
14,31	1,29
14,33	1,29
14,35	1,31
14,38	1,28
14,40	1,31
14,43	1,29
14,45	1,30
14,48	1,29
14,50	1,30
14,52	1,29
14,55	1,32
14,57	1,29
14,60	1,32
14,62	1,30
14,65	1,31
14,67	1,32
14,70	1,34
14,72	1,31
14,74	1,34
14,77	1,30
14,79	1,32
14,82	1,30
14,84	1,30
14,87	1,29
14,89	1,30
14,92	1,28
14,94	1,32
14,96	1,30
14,99	1,32
15,01	1,31
15,04	1,32
15,06	1,33
15,09	1,35
15,11	1,32
15,14	1,35
15,16	1,34
15,18	1,35
15,21	1,35
15,23	1,33
15,26	1,32
15,28	1,33
15,31	1,33
15,33	1,36
15,36	1,33
15,38	1,30
15,40	1,33
15,43	1,34
15,45	1,34
15,48	1,34
15,50	1,32
15,53	1,34
15,55	1,37
15,57	1,36
15,60	1,37
15,62	1,36
15,65	1,37
15,67	1,37
15,70	1,38
15,72	1,38
15,75	1,40
15,77	1,39
15,79	1,41
15,82	1,40
15,84	1,41
15,87	1,42
15,89	1,44
15,92	1,42
15,94	1,46
15,97	1,44
15,99	1,46
16,01	1,45
16,04	1,47
16,06	1,46
16,09	1,48
16,11	1,45
16,14	1,51
16,16	1,49
16,19	1,51
16,21	1,50
16,23	1,52
16,26	1,51
16,28	1,54
16,31	1,51
16,33	1,55
16,36	1,52
16,38	1,55
16,41	1,55
16,43	1,57
16,45	1,56
16,48	1,60
16,50	1,58
16,53	1,62
16,55	1,62
16,58	1,64
16,60	1,63
16,63	1,66
16,65	1,64
16,67	1,68
16,70	1,66
16,72	1,68
16,75	1,68
16,77	1,70
16,80	1,70
16,82	1,73
16,84	1,71
16,87	1,76
16,89	1,77
16,92	1,79
16,94	1,80
16,97	1,80
16,99	1,81
17,02	1,84
17,04	1,84
17,06	1,86
17,09	1,85
17,11	1,85
17,14	1,89
17,16	1,91
17,19	1,92
17,21	1,93
17,24	1,92
17,26	1,95
17,28	1,99
17,31	1,98
17,33	1,99
17,36	2,00
17,38	2,01
17,41	2,05
17,43	2,06
17,46	2,06
17,48	2,08
17,50	2,08
17,53	2,11
17,55	2,11
17,58	2,13
17,60	2,14
17,63	2,15
17,65	2,15
17,68	2,17
17,70	2,16
17,72	2,19
17,75	2,18
17,77	2,20
17,80	2,19
17,82	2,20
17,85	2,19
17,87	2,22
17,89	2,21
17,92	2,24
17,94	2,23
17,97	2,25
17,99	2,26
18,02	2,28
18,04	2,27
18,07	2,29
18,09	2,28
18,11	2,31
18,14	2,31
18,16	2,34
18,19	2,32
18,21	2,34
18,24	2,33
18,26	2,36
18,29	2,35
18,31	2,35
18,33	2,33
18,36	2,35
18,38	2,35
18,41	2,36
18,43	2,34
18,46	2,36
18,48	2,34
18,51	2,34
18,53	2,33
18,55	2,32
18,58	2,30
18,60	2,32
18,63	2,30
18,65	2,32
18,68	2,32
18,70	2,32
18,73	2,33
18,75	2,33
18,77	2,31
18,80	2,31
18,82	2,31
18,85	2,31
18,87	2,33
18,90	2,31
18,92	2,31
18,94	2,31
18,97	2,30
18,99	2,31
19,02	2,31
19,04	2,28
19,07	2,30
19,09	2,28
19,12	2,28
19,14	2,27
19,16	2,26
19,19	2,24
19,21	2,25
19,24	2,22
19,26	2,24
19,29	2,21
19,31	2,21
19,34	2,20
19,36	2,21
19,38	2,18
19,41	2,20
19,43	2,18
19,46	2,21
19,48	2,19
19,51	2,19
19,53	2,18
19,56	2,20
19,58	2,17
19,60	2,21
19,63	2,17
19,65	2,19
19,68	2,17
19,70	2,17
19,73	2,16
19,75	2,18
19,78	2,13
19,80	2,15
19,82	2,12
19,85	2,14
19,87	2,12
19,90	2,12
19,92	2,10
19,95	2,12
19,97	2,10
19,99	2,13
20,02	2,09
20,04	2,10
20,07	2,11
20,09	2,13
20,12	2,12
20,14	2,13
20,17	2,12
20,19	2,15
20,21	2,14
20,24	2,14
20,26	2,13
20,29	2,13
20,31	2,12
20,34	2,14
20,36	2,15
20,39	2,17
20,41	2,18
20,43	2,18
20,46	2,20
20,48	2,22
20,51	2,21
20,53	2,22
20,56	2,22
20,58	2,21
20,61	2,21
20,63	2,21
20,65	2,22
20,68	2,23
20,70	2,24
20,73	2,25
20,75	2,27
20,78	2,28
20,80	2,33
20,83	2,33
20,85	2,34
20,87	2,34
20,90	2,36
20,92	2,38
20,95	2,40
20,97	2,38
21,00	2,42
21,02	2,42
21,05	2,45
21,07	2,47
21,09	2,51
21,12	2,52
21,14	2,56
21,17	2,55
21,19	2,61
21,22	2,61
21,24	2,63
21,26	2,64
21,29	2,68
21,31	2,68
21,34	2,73
21,36	2,73
21,39	2,77
21,41	2,78
21,44	2,81
21,46	2,83
21,48	2,87
21,51	2,88
21,53	2,94
21,56	2,95
21,58	2,99
21,61	3,01
21,63	3,05
21,66	3,07
21,68	3,12
21,70	3,11
21,73	3,15
21,75	3,16
21,78	3,21
21,80	3,26
21,83	3,29
21,85	3,31
21,88	3,36
21,90	3,39
21,92	3,45
21,95	3,47
21,97	3,47
22,00	3,49
22,02	3,51
22,05	3,52
22,07	3,55
22,10	3,55
22,12	3,57
22,14	3,59
22,17	3,61
22,19	3,65
22,22	3,68
22,24	3,70
22,27	3,75
22,29	3,78
22,31	3,79
22,34	3,83
22,36	3,83
22,39	3,85
22,41	3,85
22,44	3,85
22,46	3,86
22,49	3,89
22,51	3,90
22,53	3,96
22,56	3,96
22,58	3,98
22,61	3,99
22,63	4,01
22,66	4,02
22,68	4,04
22,71	4,00
22,73	4,02
22,75	4,00
22,78	4,01
22,80	4,00
22,83	4,01
22,85	4,00
22,88	4,02
22,90	4,00
22,93	4,04
22,95	4,02
22,97	4,04
23,00	4,03
23,02	4,04
23,05	4,02
23,07	4,04
23,10	4,01
23,12	4,02
23,15	4,00
23,17	3,99
23,19	3,97
23,22	3,97
23,24	3,93
23,27	3,95
23,29	3,92
23,32	3,93
23,34	3,90
23,36	3,90
23,39	3,89
23,41	3,90
23,44	3,86
23,46	3,86
23,49	3,81
23,51	3,81
23,54	3,77
23,56	3,75
23,58	3,72
23,61	3,70
23,63	3,66
23,66	3,67
23,68	3,63
23,71	3,62
23,73	3,62
23,76	3,61
23,78	3,60
23,80	3,60
23,83	3,56
23,85	3,55
23,88	3,52
23,90	3,48
23,93	3,47
23,95	3,43
23,98	3,41
24,00	3,41
24,02	3,40
24,05	3,40
24,07	3,39
24,10	3,37
24,12	3,38
24,15	3,36
24,17	3,34
24,20	3,32
24,22	3,29
24,24	3,25
24,27	3,25
24,29	3,21
24,32	3,21
24,34	3,19
24,37	3,18
24,39	3,18
24,42	3,19
24,44	3,16
24,46	3,20
24,49	3,18
24,51	3,19
24,54	3,16
24,56	3,15
24,59	3,13
24,61	3,15
24,63	3,11
24,66	3,12
24,68	3,09
24,71	3,12
24,73	3,11
24,76	3,12
24,78	3,10
24,81	3,12
24,83	3,09
24,85	3,14
24,88	3,12
24,90	3,14
24,93	3,14
24,95	3,14
24,98	3,14
25,00	3,16
25,03	3,14
25,05	3,16
25,07	3,14
25,10	3,17
25,12	3,18
25,15	3,20
25,17	3,21
25,20	3,26
25,22	3,25
25,25	3,29
25,27	3,30
25,29	3,32
25,32	3,33
25,34	3,35
25,37	3,34
25,39	3,38
25,42	3,38
25,44	3,40
25,47	3,42
25,49	3,44
25,51	3,46
25,54	3,48
25,56	3,50
25,59	3,57
25,61	3,61
25,64	3,62
25,66	3,67
25,68	3,68
25,71	3,73
25,73	3,76
25,76	3,77
25,78	3,78
25,81	3,82
25,83	3,84
25,86	3,90
25,88	3,87
25,90	3,90
25,93	3,95
25,95	4,02
25,98	4,06
26,00	4,12
26,03	4,16
26,05	4,28
26,08	4,32
26,10	4,36
26,12	4,39
26,15	4,43
26,17	4,47
26,20	4,54
26,22	4,56
26,25	4,62
26,27	4,66
26,30	4,72
26,32	4,79
26,34	4,86
26,37	4,89
26,39	4,97
26,42	4,99
26,44	5,06
26,47	5,10
26,49	5,14
26,52	5,17
26,54	5,23
26,56	5,25
26,59	5,34
26,61	5,36
26,64	5,43
26,66	5,49
26,69	5,56
26,71	5,61
26,73	5,69
26,76	5,73
26,78	5,80
26,81	5,84
26,83	5,87
26,86	5,92
26,88	5,95
26,91	5,98
26,93	6,03
26,95	6,06
26,98	6,11
27,00	6,15
27,03	6,19
27,05	6,26
27,08	6,30
27,10	6,33
27,13	6,39
27,15	6,39
27,17	6,41
27,20	6,42
27,22	6,41
27,25	6,44
27,27	6,44
27,30	6,44
27,32	6,49
27,35	6,51
27,37	6,52
27,39	6,56
27,42	6,56
27,44	6,58
27,47	6,59
27,49	6,60
27,52	6,60
27,54	6,63
27,57	6,61
27,59	6,62
27,61	6,59
27,64	6,58
27,66	6,56
27,69	6,55
27,71	6,53
27,74	6,53
27,76	6,48
27,78	6,52
27,81	6,48
27,83	6,47
27,86	6,45
27,88	6,42
27,91	6,38
27,93	6,37
27,96	6,30
27,98	6,29
28,00	6,23
28,03	6,20
28,05	6,16
28,08	6,15
28,10	6,09
28,13	6,08
28,15	6,01
28,18	6,00
28,20	5,95
28,22	5,92
28,25	5,87
28,27	5,85
28,30	5,79
28,32	5,78
28,35	5,71
28,37	5,69
28,40	5,64
28,42	5,60
28,44	5,55
28,47	5,52
28,49	5,46
28,52	5,47
28,54	5,40
28,57	5,37
28,59	5,31
28,62	5,26
28,64	5,20
28,66	5,18
28,69	5,11
28,71	5,08
28,74	5,02
28,76	4,99
28,79	4,98
28,81	4,96
28,84	4,91
28,86	4,88
28,88	4,83
28,91	4,82
28,93	4,79
28,96	4,76
28,98	4,74
29,01	4,70
29,03	4,68
29,05	4,67
29,08	4,63
29,10	4,60
29,13	4,58
29,15	4,55
29,18	4,54
29,20	4,51
29,23	4,49
29,25	4,51
29,27	4,49
29,30	4,46
29,32	4,46
29,35	4,45
29,37	4,45
29,40	4,43
29,42	4,42
29,45	4,41
29,47	4,41
29,49	4,39
29,52	4,40
29,54	4,39
29,57	4,41
29,59	4,41
29,62	4,42
29,64	4,43
29,67	4,46
29,69	4,45
29,71	4,48
29,74	4,47
29,76	4,50
29,79	4,51
29,81	4,53
29,84	4,53
29,86	4,57
29,89	4,57
29,91	4,63
29,93	4,64
29,96	4,67
29,98	4,71
30,01	4,75
30,03	4,77
30,06	4,82
30,08	4,83
30,10	4,87
30,13	4,89
30,15	4,94
30,18	4,98
30,20	5,02
30,23	5,04
30,25	5,11
30,28	5,14
30,30	5,20
30,32	5,24
30,35	5,28
30,37	5,34
30,40	5,39
30,42	5,42
30,45	5,48
30,47	5,53
30,50	5,60
30,52	5,68
30,54	5,72
30,57	5,78
30,59	5,85
30,62	5,92
30,64	6,01
30,67	6,07
30,69	6,11
30,72	6,20
30,74	6,25
30,76	6,32
30,79	6,38
30,81	6,45
30,84	6,50
30,86	6,59
30,89	6,66
30,91	6,77
30,94	6,82
30,96	6,91
30,98	6,97
31,01	7,06
31,03	7,11
31,06	7,21
31,08	7,27
31,11	7,39
31,13	7,46
31,15	7,55
31,18	7,64
31,20	7,75
31,23	7,81
31,25	7,93
31,28	7,97
31,30	8,08
31,33	8,17
31,35	8,26
31,37	8,33
31,40	8,43
31,42	8,47
31,45	8,60
31,47	8,65
31,50	8,73
31,52	8,80
31,55	8,90
31,57	8,98
31,59	9,08
31,62	9,13
31,64	9,23
31,67	9,29
31,69	9,38
31,72	9,44
31,74	9,51
31,77	9,56
31,79	9,65
31,81	9,69
31,84	9,77
31,86	9,82
31,89	9,88
31,91	9,92
31,94	9,98
31,96	10,01
31,99	10,08
32,01	10,08
32,03	10,13
32,06	10,15
32,08	10,17
32,11	10,19
32,13	10,22
32,16	10,21
32,18	10,25
32,20	10,24
32,23	10,24
32,25	10,24
32,28	10,23
32,30	10,22
32,33	10,23
32,35	10,22
32,38	10,21
32,40	10,18
32,42	10,16
32,45	10,17
32,47	10,15
32,50	10,11
32,52	10,08
32,55	10,06
32,57	10,03
32,60	10,00
32,62	9,94
32,64	9,90
32,67	9,84
32,69	9,79
32,72	9,73
32,74	9,68
32,77	9,62
32,79	9,57
32,82	9,50
32,84	9,47
32,86	9,40
32,89	9,34
32,91	9,28
32,94	9,22
32,96	9,13
32,99	9,06
33,01	8,94
33,04	8,88
33,06	8,78
33,08	8,71
33,11	8,62
33,13	8,54
33,16	8,46
33,18	8,43
33,21	8,35
33,23	8,30
33,26	8,21
33,28	8,16
33,30	8,08
33,33	8,02
33,35	7,90
33,38	7,84
33,40	7,73
33,43	7,68
33,45	7,61
33,47	7,56
33,50	7,47
33,52	7,43
33,55	7,36
33,57	7,34
33,60	7,26
33,62	7,20
33,65	7,13
33,67	7,07
33,69	6,99
33,72	6,95
33,74	6,87
33,77	6,83
33,79	6,78
33,82	6,75
33,84	6,72
33,87	6,68
33,89	6,64
33,91	6,63
33,94	6,58
33,96	6,54
33,99	6,50
34,01	6,47
34,04	6,45
34,06	6,42
34,09	6,38
34,11	6,38
34,13	6,36
34,16	6,35
34,18	6,36
34,21	6,35
34,23	6,34
34,26	6,33
34,28	6,33
34,31	6,32
34,33	6,33
34,35	6,30
34,38	6,33
34,40	6,33
34,43	6,36
34,45	6,37
34,48	6,41
34,50	6,42
34,52	6,45
34,55	6,44
34,57	6,49
34,60	6,49
34,62	6,52
34,65	6,54
34,67	6,59
34,70	6,62
34,72	6,69
34,74	6,71
34,77	6,79
34,79	6,83
34,82	6,89
34,84	6,93
34,87	6,99
34,89	7,01
34,92	7,11
34,94	7,14
34,96	7,21
34,99	7,27
35,01	7,35
35,04	7,42
35,06	7,50
35,09	7,54
35,11	7,64
35,14	7,69
35,16	7,78
35,18	7,82
35,21	7,89
35,23	7,96
35,26	8,04
35,28	8,10
35,31	8,19
35,33	8,26
35,36	8,36
35,38	8,47
35,40	8,57
35,43	8,66
35,45	8,76
35,48	8,85
35,50	8,96
35,53	9,07
35,55	9,15
35,57	9,24
35,60	9,33
35,62	9,41
35,65	9,53
35,67	9,63
35,70	9,72
35,72	9,85
35,75	9,95
35,77	10,08
35,79	10,19
35,82	10,31
35,84	10,42
35,87	10,54
35,89	10,61
35,92	10,74
35,94	10,83
35,97	10,96
35,99	11,03
36,01	11,16
36,04	11,26
36,06	11,41
36,09	11,52
36,11	11,69
36,14	11,80
36,16	11,97
36,19	12,07
36,21	12,22
36,23	12,31
36,26	12,44
36,28	12,49
36,31	12,61
36,33	12,70
36,36	12,81
36,38	12,92
36,41	13,05
36,43	13,15
36,45	13,29
36,48	13,38
36,50	13,51
36,53	13,61
36,55	13,70
36,58	13,79
36,60	13,87
36,62	13,94
36,65	14,03
36,67	14,08
36,70	14,15
36,72	14,19
36,75	14,26
36,77	14,33
36,80	14,42
36,82	14,46
36,84	14,56
36,87	14,60
36,89	14,67
36,92	14,71
36,94	14,75
36,97	14,76
36,99	14,79
37,02	14,76
37,04	14,78
37,06	14,77
37,09	14,77
37,11	14,79
37,14	14,77
37,16	14,76
37,19	14,75
37,21	14,72
37,24	14,72
37,26	14,67
37,28	14,60
37,31	14,56
37,33	14,49
37,36	14,44
37,38	14,40
37,41	14,32
37,43	14,26
37,46	14,20
37,48	14,13
37,50	14,09
37,53	14,01
37,55	13,92
37,58	13,85
37,60	13,76
37,63	13,67
37,65	13,59
37,68	13,50
37,70	13,40
37,72	13,30
37,75	13,18
37,77	13,09
37,80	12,97
37,82	12,85
37,85	12,75
37,87	12,62
37,89	12,51
37,92	12,39
37,94	12,27
37,97	12,18
37,99	12,09
38,02	11,95
38,04	11,85
38,07	11,71
38,09	11,62
38,11	11,50
38,14	11,39
38,16	11,23
38,19	11,12
38,21	10,97
38,24	10,89
38,26	10,75
38,29	10,65
38,31	10,54
38,33	10,47
38,36	10,36
38,38	10,30
38,41	10,18
38,43	10,11
38,46	10,01
38,48	9,94
38,51	9,83
38,53	9,76
38,55	9,66
38,58	9,59
38,60	9,51
38,63	9,47
38,65	9,38
38,68	9,33
38,70	9,28
38,73	9,24
38,75	9,17
38,77	9,13
38,80	9,06
38,82	9,02
38,85	8,97
38,87	8,93
38,90	8,90
38,92	8,87
38,94	8,85
38,97	8,85
38,99	8,82
39,02	8,81
39,04	8,84
39,07	8,82
39,09	8,82
39,12	8,82
39,14	8,82
39,16	8,83
39,19	8,85
39,21	8,83
39,24	8,87
39,26	8,87
39,29	8,90
39,31	8,92
39,34	8,96
39,36	8,99
39,38	9,03
39,41	9,04
39,43	9,12
39,46	9,15
39,48	9,20
39,51	9,24
39,53	9,27
39,56	9,32
39,58	9,40
39,60	9,44
39,63	9,54
39,65	9,59
39,68	9,68
39,70	9,76
39,73	9,85
39,75	9,90
39,78	10,00
39,80	10,05
39,82	10,15
39,85	10,21
39,87	10,31
39,90	10,39
39,92	10,51
39,95	10,57
39,97	10,70
39,99	10,79
40,02	10,92
40,04	11,02
40,07	11,12
40,09	11,21
40,12	11,33
40,14	11,41
40,17	11,56
40,19	11,64
40,21	11,75
40,24	11,88
40,26	12,00
40,29	12,13
40,31	12,28
40,34	12,38
40,36	12,54
40,39	12,66
40,41	12,81
40,43	12,95
40,46	13,08
40,48	13,20
40,51	13,37
40,53	13,49
40,56	13,63
40,58	13,76
40,61	13,92
40,63	14,10
40,65	14,25
40,68	14,39
40,70	14,56
40,73	14,73
40,75	14,89
40,78	15,05
40,80	15,16
40,83	15,32
40,85	15,44
40,87	15,58
40,90	15,75
40,92	15,92
40,95	16,05
40,97	16,24
41,00	16,36
41,02	16,55
41,05	16,71
41,07	16,87
41,09	17,00
41,12	17,16
41,14	17,27
41,17	17,45
41,19	17,55
41,22	17,68
41,24	17,82
41,26	17,97
41,29	18,10
41,31	18,26
41,34	18,38
41,36	18,55
41,39	18,67
41,41	18,80
41,44	18,92
41,46	19,04
41,48	19,12
41,51	19,25
41,53	19,33
41,56	19,44
41,58	19,50
41,61	19,59
41,63	19,70
41,66	19,81
41,68	19,88
41,70	19,97
41,73	19,99
41,75	20,09
41,78	20,11
41,80	20,15
41,83	20,18
41,85	20,22
41,88	20,23
41,90	20,30
41,92	20,28
41,95	20,31
41,97	20,29
42,00	20,30
42,02	20,28
42,05	20,27
42,07	20,21
42,10	20,21
42,12	20,17
42,14	20,14
42,17	20,10
42,19	20,03
42,22	19,98
42,24	19,93
42,27	19,85
42,29	19,79
42,31	19,69
42,34	19,58
42,36	19,54
42,39	19,43
42,41	19,32
42,44	19,22
42,46	19,09
42,49	18,98
42,51	18,88
42,53	18,75
42,56	18,66
42,58	18,53
42,61	18,41
42,63	18,30
42,66	18,19
42,68	18,04
42,71	17,89
42,73	17,74
42,75	17,59
42,78	17,45
42,80	17,29
42,83	17,13
42,85	16,97
42,88	16,83
42,90	16,71
42,93	16,54
42,95	16,40
42,97	16,25
43,00	16,13
43,02	16,00
43,05	15,86
43,07	15,68
43,10	15,58
43,12	15,40
43,15	15,28
43,17	15,11
43,19	14,96
43,22	14,79
43,24	14,68
43,27	14,51
43,29	14,43
43,32	14,27
43,34	14,17
43,36	14,06
43,39	13,97
43,41	13,84
43,44	13,74
43,46	13,60
43,49	13,51
43,51	13,39
43,54	13,29
43,56	13,18
43,58	13,11
43,61	13,01
43,63	12,97
43,66	12,87
43,68	12,83
43,71	12,77
43,73	12,71
43,76	12,65
43,78	12,62
43,80	12,56
43,83	12,56
43,85	12,50
43,88	12,47
43,90	12,44
43,93	12,42
43,95	12,40
43,98	12,39
44,00	12,38
44,02	12,39
44,05	12,38
44,07	12,38
44,10	12,41
44,12	12,43
44,15	12,44
44,17	12,46
44,20	12,49
44,22	12,54
44,24	12,59
44,27	12,60
44,29	12,65
44,32	12,68
44,34	12,73
44,37	12,78
44,39	12,83
44,41	12,88
44,44	12,98
44,46	13,03
44,49	13,15
44,51	13,22
44,54	13,31
44,56	13,41
44,59	13,51
44,61	13,57
44,63	13,68
44,66	13,75
44,68	13,86
44,71	13,93
44,73	14,05
44,76	14,15
44,78	14,27
44,81	14,38
44,83	14,53
44,85	14,65
44,88	14,81
44,90	14,95
44,93	15,11
44,95	15,24
44,98	15,37
45,00	15,47
45,03	15,62
45,05	15,74
45,07	15,88
45,10	16,02
45,12	16,18
45,15	16,35
45,17	16,53
45,20	16,69
45,22	16,87
45,25	17,03
45,27	17,20
45,29	17,38
45,32	17,54
45,34	17,69
45,37	17,86
45,39	18,01
45,42	18,19
45,44	18,35
45,47	18,51
45,49	18,70
45,51	18,89
45,54	19,06
45,56	19,27
45,59	19,46
45,61	19,64
45,64	19,86
45,66	20,03
45,68	20,24
45,71	20,42
45,73	20,56
45,76	20,73
45,78	20,92
45,81	21,09
45,83	21,31
45,86	21,47
45,88	21,68
45,90	21,88
45,93	22,09
45,95	22,28
45,98	22,48
46,00	22,62
46,03	22,83
46,05	22,98
46,08	23,16
46,10	23,30
46,12	23,48
46,15	23,61
46,17	23,81
46,20	23,96
46,22	24,16
46,25	24,30
46,27	24,49
46,30	24,65
46,32	24,83
46,34	24,97
46,37	25,12
46,39	25,23
46,42	25,37
46,44	25,48
46,47	25,60
46,49	25,69
46,52	25,80
46,54	25,90
46,56	26,05
46,59	26,16
46,61	26,27
46,64	26,35
46,66	26,43
46,69	26,50
46,71	26,57
46,73	26,58
46,76	26,63
46,78	26,64
46,81	26,68
46,83	26,70
46,86	26,73
46,88	26,73
46,91	26,75
46,93	26,75
46,95	26,77
46,98	26,73
47,00	26,73
47,03	26,71
47,05	26,71
47,08	26,68
47,10	26,66
47,13	26,61
47,15	26,59
47,17	26,54
47,20	26,47
47,22	26,39
47,25	26,29
47,27	26,18
47,30	26,11
47,32	26,00
47,35	25,90
47,37	25,78
47,39	25,66
47,42	25,57
47,44	25,46
47,47	25,33
47,49	25,22
47,52	25,08
47,54	24,97
47,57	24,81
47,59	24,65
47,61	24,49
47,64	24,31
47,66	24,13
47,69	23,96
47,71	23,77
47,74	23,59
47,76	23,46
47,78	23,32
47,81	23,17
47,83	23,01
47,86	22,83
47,88	22,68
47,91	22,53
47,93	22,32
47,96	22,13
47,98	21,92
48,00	21,74
48,03	21,56
48,05	21,39
48,08	21,20
48,10	21,04
48,13	20,84
48,15	20,72
48,18	20,53
48,20	20,41
48,22	20,23
48,25	20,09
48,27	19,89
48,30	19,74
48,32	19,54
48,35	19,40
48,37	19,20
48,40	19,06
48,42	18,91
48,44	18,80
48,47	18,66
48,49	18,59
48,52	18,46
48,54	18,38
48,57	18,27
48,59	18,20
48,62	18,08
48,64	18,00
48,66	17,88
48,69	17,81
48,71	17,71
48,74	17,65
48,76	17,59
48,79	17,55
48,81	17,49
48,84	17,47
48,86	17,42
48,88	17,42
48,91	17,37
48,93	17,34
48,96	17,33
48,98	17,33
49,01	17,32
49,03	17,34
49,05	17,33
49,08	17,39
49,10	17,40
49,13	17,43
49,15	17,46
49,18	17,50
49,20	17,53
49,23	17,59
49,25	17,62
49,27	17,68
49,30	17,72
49,32	17,79
49,35	17,88
49,37	17,97
49,40	18,07
49,42	18,16
49,45	18,27
49,47	18,39
49,49	18,50
49,52	18,59
49,54	18,70
49,57	18,78
49,59	18,88
49,62	18,99
49,64	19,11
49,67	19,23
49,69	19,40
49,71	19,52
49,74	19,71
49,76	19,88
49,79	20,05
49,81	20,20
49,84	20,35
49,86	20,47
49,89	20,63
49,91	20,75
49,93	20,92
49,96	21,04
49,98	21,22
50,01	21,39
50,03	21,59
50,06	21,77
50,08	21,99
50,10	22,16
50,13	22,38
50,15	22,59
50,18	22,82
50,20	23,01
50,23	23,19
50,25	23,33
50,28	23,53
50,30	23,71
50,32	23,89
50,35	24,09
50,37	24,30
50,40	24,52
50,42	24,79
50,45	25,01
50,47	25,26
50,50	25,50
50,52	25,72
50,54	25,93
50,57	26,14
50,59	26,32
50,62	26,54
50,64	26,74
50,67	26,95
50,69	27,16
50,72	27,41
50,74	27,64
50,76	27,87
50,79	28,11
50,81	28,37
50,84	28,59
50,86	28,83
50,89	29,02
50,91	29,23
50,94	29,46
50,96	29,64
50,98	29,84
51,01	30,03
51,03	30,23
51,06	30,45
51,08	30,69
51,11	30,90
51,13	31,09
51,15	31,27
51,18	31,48
51,20	31,68
51,23	31,89
51,25	32,01
51,28	32,20
51,30	32,35
51,33	32,52
51,35	32,66
51,37	32,81
51,40	32,92
51,42	33,10
51,45	33,24
51,47	33,42
51,50	33,53
51,52	33,69
51,55	33,81
51,57	33,94
51,59	34,02
51,62	34,13
51,64	34,19
51,67	34,29
51,69	34,33
51,72	34,37
51,74	34,41
51,77	34,47
51,79	34,50
51,81	34,58
51,84	34,59
51,86	34,64
51,89	34,65
51,91	34,68
51,94	34,68
51,96	34,69
51,99	34,64
52,01	34,65
52,03	34,62
52,06	34,61
52,08	34,57
52,11	34,55
52,13	34,51
52,16	34,50
52,18	34,44
52,20	34,40
52,23	34,30
52,25	34,23
52,28	34,15
52,30	34,08
52,33	33,97
52,35	33,88
52,38	33,76
52,40	33,69
52,42	33,56
52,45	33,42
52,47	33,27
52,50	33,13
52,52	32,96
52,55	32,84
52,57	32,67
52,60	32,53
52,62	32,36
52,64	32,21
52,67	32,05
52,69	31,90
52,72	31,73
52,74	31,58
52,77	31,40
52,79	31,23
52,82	31,02
52,84	30,83
52,86	30,62
52,89	30,40
52,91	30,17
52,94	29,96
52,96	29,73
52,99	29,55
53,01	29,38
53,04	29,20
53,06	29,00
53,08	28,82
53,11	28,65
53,13	28,49
53,16	28,30
53,18	28,07
53,21	27,86
53,23	27,68
53,26	27,49
53,28	27,30
53,30	27,12
53,33	26,96
53,35	26,81
53,38	26,67
53,40	26,53
53,43	26,38
53,45	26,25
53,47	26,10
53,50	25,94
53,52	25,78
53,55	25,65
53,57	25,50
53,60	25,40
53,62	25,27
53,65	25,20
53,67	25,09
53,69	25,01
53,72	24,92
53,74	24,89
53,77	24,80
53,79	24,75
53,82	24,67
53,84	24,64
53,87	24,59
53,89	24,56
53,91	24,48
53,94	24,47
53,96	24,42
53,99	24,42
54,01	24,42
54,04	24,44
54,06	24,44
54,09	24,48
54,11	24,49
54,13	24,54
54,16	24,56
54,18	24,59
54,21	24,63
54,23	24,68
54,26	24,73
54,28	24,81
54,31	24,87
54,33	24,95
54,35	25,02
54,38	25,09
54,40	25,21
54,43	25,30
54,45	25,41
54,48	25,53
54,50	25,64
54,52	25,76
54,55	25,93
54,57	26,07
54,60	26,22
54,62	26,35
54,65	26,49
54,67	26,64
54,70	26,79
54,72	26,91
54,74	27,07
54,77	27,19
54,79	27,33
54,82	27,48
54,84	27,66
54,87	27,84
54,89	28,07
54,92	28,22
54,94	28,47
54,96	28,69
54,99	28,94
55,01	29,14
55,04	29,36
55,06	29,59
55,09	29,83
55,11	30,01
55,14	30,25
55,16	30,42
55,18	30,64
55,21	30,86
55,23	31,08
55,26	31,32
55,28	31,58
55,31	31,80
55,33	32,08
55,36	32,33
55,38	32,58
55,40	32,84
55,43	33,06
55,45	33,26
55,48	33,52
55,50	33,75
55,53	33,97
55,55	34,21
55,57	34,44
55,60	34,72
55,62	35,04
55,65	35,29
55,67	35,57
55,70	35,83
55,72	36,11
55,75	36,39
55,77	36,61
55,79	36,81
55,82	37,03
55,84	37,24
55,87	37,48
55,89	37,69
55,92	37,89
55,94	38,17
55,97	38,43
55,99	38,68
56,01	38,95
56,04	39,20
56,06	39,45
56,09	39,72
56,11	39,94
56,14	40,16
56,16	40,36
56,19	40,57
56,21	40,79
56,23	41,00
56,26	41,18
56,28	41,38
56,31	41,56
56,33	41,78
56,36	41,95
56,38	42,13
56,41	42,28
56,43	42,46
56,45	42,62
56,48	42,84
56,50	42,97
56,53	43,15
56,55	43,27
56,58	43,43
56,60	43,54
56,62	43,65
56,65	43,69
56,67	43,88
56,70	43,94
56,72	44,08
56,75	44,15
56,77	44,26
56,80	44,35
56,82	44,45
56,84	44,45
56,87	44,56
56,89	44,56
56,92	44,63
56,94	44,66
56,97	44,71
56,99	44,72
57,02	44,77
57,04	44,75
57,06	44,81
57,09	44,79
57,11	44,79
57,14	44,75
57,16	44,75
57,19	44,72
57,21	44,72
57,24	44,67
57,26	44,65
57,28	44,58
57,31	44,54
57,33	44,49
57,36	44,42
57,38	44,31
57,41	44,22
57,43	44,11
57,46	44,01
57,48	43,91
57,50	43,79
57,53	43,66
57,55	43,58
57,58	43,44
57,60	43,33
57,63	43,16
57,65	43,04
57,68	42,88
57,70	42,73
57,72	42,55
57,75	42,37
57,77	42,17
57,80	42,04
57,82	41,82
57,85	41,61
57,87	41,42
57,89	41,22
57,92	41,07
57,94	40,90
57,97	40,69
57,99	40,51
58,02	40,34
58,04	40,12
58,07	39,91
58,09	39,69
58,11	39,46
58,14	39,28
58,16	39,03
58,19	38,81
58,21	38,63
58,24	38,45
58,26	38,24
58,29	38,04
58,31	37,83
58,33	37,69
58,36	37,51
58,38	37,33
58,41	37,16
58,43	36,99
58,46	36,81
58,48	36,63
58,51	36,46
58,53	36,34
58,55	36,18
58,58	36,00
58,60	35,86
58,63	35,71
58,65	35,60
58,68	35,49
58,70	35,37
58,73	35,26
58,75	35,18
58,77	35,05
58,80	34,98
58,82	34,87
58,85	34,78
58,87	34,68
58,90	34,62
58,92	34,55
58,94	34,54
58,97	34,50
58,99	34,48
59,02	34,47
59,04	34,46
59,07	34,46
59,09	34,46
59,12	34,44
59,14	34,46
59,16	34,47
59,19	34,50
59,21	34,52
59,24	34,54
59,26	34,61
59,29	34,67
59,31	34,72
59,34	34,79
59,36	34,85
59,38	34,93
59,41	35,03
59,43	35,08
59,46	35,22
59,48	35,33
59,51	35,47
59,53	35,61
59,56	35,74
59,58	35,89
59,60	36,09
59,63	36,19
59,65	36,35
59,68	36,47
59,70	36,62
59,73	36,78
59,75	36,95
59,78	37,06
59,80	37,29
59,82	37,43
59,85	37,64
59,87	37,83
59,90	38,08
59,92	38,28
59,95	38,47
59,97	38,60
59,99	38,77
