U1/V	IA/nA
0,02	0,50
0,04	0,50
0,07	0,47
0,09	0,47
0,12	0,47
0,14	0,48
0,17	0,46
0,19	0,48
0,21	0,47
0,24	0,50
0,26	0,48
0,29	0,47
0,31	0,46
0,34	0,46
0,36	0,45
0,39	0,45
0,41	0,44
0,43	0,44
0,46	0,43
0,48	0,44
0,51	0,45
0,53	0,44
0,56	0,44
0,58	0,45
0,61	0,45
0,63	0,46
0,65	0,46
0,68	0,46
0,70	0,48
0,73	0,46
0,75	0,44
0,78	0,43
0,80	0,44
0,83	0,43
0,85	0,46
0,87	0,46
0,90	0,47
0,92	0,47
0,95	0,49
0,97	0,49
1,00	0,50
1,02	0,47
1,05	0,48
1,07	0,46
1,09	0,48
1,12	0,47
1,14	0,47
1,17	0,46
1,19	0,47
1,22	0,44
1,24	0,47
1,26	0,44
1,29	0,46
1,31	0,46
1,34	0,47
1,36	0,45
1,39	0,48
1,41	0,46
1,44	0,49
1,46	0,47
1,48	0,47
1,51	0,46
1,53	0,48
1,56	0,46
1,58	0,49
1,61	0,47
1,63	0,50
1,66	0,48
1,68	0,49
1,70	0,49
1,73	0,51
1,75	0,47
1,78	0,48
1,80	0,45
1,83	0,46
1,85	0,44
1,88	0,44
1,90	0,43
1,92	0,44
1,95	0,42
1,97	0,45
2,00	0,43
2,02	0,44
2,05	0,46
2,07	0,47
2,10	0,47
2,12	0,48
2,14	0,46
2,17	0,47
2,19	0,47
2,22	0,45
2,24	0,46
2,27	0,44
2,29	0,45
2,31	0,47
2,34	0,48
2,36	0,48
2,39	0,49
2,41	0,48
2,44	0,50
2,46	0,49
2,49	0,47
2,51	0,47
2,53	0,46
2,56	0,44
2,58	0,46
2,61	0,43
2,63	0,45
2,66	0,43
2,68	0,44
2,71	0,43
2,73	0,44
2,75	0,42
2,78	0,46
2,80	0,45
2,83	0,47
2,85	0,46
2,88	0,48
2,90	0,47
2,93	0,50
2,95	0,45
2,97	0,48
3,00	0,45
3,02	0,46
3,05	0,46
3,07	0,48
3,10	0,46
3,12	0,48
3,15	0,45
3,17	0,50
3,19	0,49
3,22	0,49
3,24	0,47
3,27	0,47
3,29	0,46
3,32	0,48
3,34	0,45
3,36	0,46
3,39	0,44
3,41	0,45
3,44	0,45
3,46	0,46
3,49	0,45
3,51	0,48
3,54	0,46
3,56	0,48
3,58	0,48
3,61	0,48
3,63	0,47
3,66	0,47
3,68	0,45
3,71	0,45
3,73	0,45
3,76	0,45
3,78	0,46
3,80	0,46
3,83	0,47
3,85	0,47
3,88	0,48
3,90	0,50
3,93	0,49
3,95	0,47
3,98	0,47
4,00	0,46
4,02	0,46
4,05	0,46
4,07	0,44
4,10	0,43
4,12	0,45
4,15	0,44
4,17	0,47
4,20	0,46
4,22	0,47
4,24	0,47
4,27	0,49
4,29	0,47
4,32	0,48
4,34	0,47
4,37	0,48
4,39	0,47
4,42	0,47
4,44	0,45
4,46	0,47
4,49	0,45
4,51	0,49
4,54	0,46
4,56	0,48
4,59	0,46
4,61	0,48
4,63	0,49
4,66	0,51
4,68	0,47
4,71	0,49
4,73	0,46
4,76	0,49
4,78	0,47
4,81	0,47
4,83	0,44
4,85	0,46
4,88	0,44
4,90	0,47
4,93	0,45
4,95	0,46
4,98	0,48
5,00	0,50
5,03	0,48
5,05	0,50
5,07	0,48
5,10	0,50
5,12	0,49
5,15	0,47
5,17	0,47
5,20	0,46
5,22	0,44
5,25	0,48
5,27	0,46
5,29	0,48
5,32	0,48
5,34	0,48
5,37	0,50
5,39	0,44
5,42	0,43
5,44	0,44
5,47	0,41
5,49	0,39
5,51	0,39
5,54	0,38
5,56	0,45
5,59	0,45
5,61	0,44
5,64	0,46
5,66	0,47
5,68	0,46
5,71	0,49
5,73	0,48
5,76	0,49
5,78	0,48
5,81	0,48
5,83	0,47
5,86	0,49
5,88	0,45
5,90	0,47
5,93	0,45
5,95	0,47
5,98	0,45
6,00	0,47
6,03	0,46
6,05	0,48
6,08	0,45
6,10	0,50
6,12	0,47
6,15	0,49
6,17	0,48
6,20	0,47
6,22	0,44
6,25	0,47
6,27	0,44
6,30	0,47
6,32	0,45
6,34	0,46
6,37	0,46
6,39	0,48
6,42	0,46
6,44	0,50
6,47	0,48
6,49	0,50
6,52	0,48
6,54	0,50
6,56	0,49
6,59	0,50
6,61	0,45
6,64	0,48
6,66	0,45
6,69	0,47
6,71	0,46
6,73	0,47
6,76	0,46
6,78	0,49
6,81	0,47
6,83	0,52
6,86	0,50
6,88	0,51
6,91	0,51
6,93	0,50
6,95	0,48
6,98	0,49
7,00	0,47
7,03	0,48
7,05	0,47
7,08	0,48
7,10	0,50
7,13	0,51
7,15	0,51
7,17	0,54
7,20	0,53
7,22	0,54
7,25	0,54
7,27	0,54
7,30	0,55
7,32	0,54
7,35	0,52
7,37	0,53
7,39	0,52
7,42	0,51
7,44	0,52
7,47	0,51
7,49	0,52
7,52	0,51
7,54	0,52
7,57	0,54
7,59	0,56
7,61	0,54
7,64	0,56
7,66	0,52
7,69	0,54
7,71	0,53
7,74	0,53
7,76	0,51
7,78	0,52
7,81	0,50
7,83	0,54
7,86	0,52
7,88	0,53
7,91	0,53
7,93	0,54
7,96	0,53
7,98	0,56
8,00	0,54
8,03	0,57
8,05	0,55
8,08	0,56
8,10	0,55
8,13	0,56
8,15	0,52
8,18	0,54
8,20	0,53
8,22	0,55
8,25	0,55
8,27	0,57
8,30	0,60
8,32	0,62
8,35	0,61
8,37	0,63
8,40	0,59
8,42	0,59
8,44	0,56
8,47	0,54
8,49	0,54
8,52	0,55
8,54	0,54
8,57	0,57
8,59	0,56
8,62	0,58
8,64	0,59
8,66	0,60
8,69	0,59
8,71	0,59
8,74	0,58
8,76	0,60
8,79	0,58
8,81	0,58
8,84	0,59
8,86	0,58
8,88	0,58
8,91	0,59
8,93	0,60
8,96	0,62
8,98	0,63
9,01	0,61
9,03	0,66
9,05	0,65
9,08	0,65
9,10	0,65
9,13	0,64
9,15	0,63
9,18	0,65
9,20	0,62
9,23	0,64
9,25	0,62
9,27	0,62
9,30	0,62
9,32	0,63
9,35	0,61
9,37	0,63
9,40	0,61
9,42	0,65
9,45	0,65
9,47	0,65
9,49	0,64
9,52	0,68
9,54	0,66
9,57	0,69
9,59	0,64
9,62	0,66
9,64	0,64
9,67	0,66
9,69	0,64
9,71	0,66
9,74	0,64
9,76	0,71
9,79	0,70
9,81	0,72
9,84	0,70
9,86	0,71
9,89	0,70
9,91	0,72
9,93	0,67
9,96	0,69
9,98	0,65
10,01	0,67
10,03	0,68
10,06	0,71
10,08	0,69
10,10	0,72
10,13	0,71
10,15	0,74
10,18	0,74
10,20	0,74
10,23	0,73
10,25	0,74
10,28	0,72
10,30	0,76
10,32	0,73
10,35	0,75
10,37	0,74
10,40	0,74
10,42	0,75
10,45	0,75
10,47	0,74
10,50	0,79
10,52	0,79
10,54	0,79
10,57	0,79
10,59	0,79
10,62	0,80
10,64	0,79
10,67	0,79
10,69	0,78
10,72	0,76
10,74	0,76
10,76	0,78
10,79	0,77
10,81	0,77
10,84	0,76
10,86	0,77
10,89	0,79
10,91	0,81
10,94	0,80
10,96	0,81
10,98	0,81
11,01	0,81
11,03	0,82
11,06	0,82
11,08	0,81
11,11	0,83
11,13	0,81
11,15	0,84
11,18	0,84
11,20	0,85
11,23	0,86
11,25	0,87
11,28	0,84
11,30	0,87
11,33	0,85
11,35	0,86
11,37	0,84
11,40	0,86
11,42	0,84
11,45	0,85
11,47	0,83
11,50	0,86
11,52	0,85
11,55	0,87
11,57	0,86
11,59	0,88
11,62	0,88
11,64	0,90
11,67	0,88
11,69	0,90
11,72	0,89
11,74	0,91
11,77	0,91
11,79	0,91
11,81	0,90
11,84	0,92
11,86	0,92
11,89	0,94
11,91	0,94
11,94	0,94
11,96	0,95
11,99	0,96
12,01	0,95
12,03	0,96
12,06	0,95
12,08	0,95
12,11	0,96
12,13	0,96
12,16	0,98
12,18	0,97
12,21	0,96
12,23	0,97
12,25	0,97
12,28	0,97
12,30	0,97
12,33	0,98
12,35	1,01
12,38	1,00
12,40	1,01
12,42	1,02
12,45	1,04
12,47	1,04
12,50	1,06
12,52	1,04
12,55	1,05
12,57	1,05
12,60	1,06
12,62	1,06
12,64	1,07
12,67	1,05
12,69	1,08
12,72	1,08
12,74	1,10
12,77	1,10
12,79	1,11
12,82	1,11
12,84	1,12
12,86	1,10
12,89	1,13
12,91	1,10
12,94	1,12
12,96	1,12
12,99	1,13
13,01	1,12
13,04	1,16
13,06	1,15
13,08	1,19
13,11	1,18
13,13	1,18
13,16	1,18
13,18	1,20
13,21	1,17
13,23	1,21
13,26	1,20
13,28	1,23
13,30	1,22
13,33	1,23
13,35	1,22
13,38	1,25
13,40	1,22
13,43	1,25
13,45	1,23
13,47	1,23
13,50	1,23
13,52	1,24
13,55	1,23
13,57	1,25
13,60	1,24
13,62	1,27
13,65	1,24
13,67	1,24
13,69	1,25
13,72	1,26
13,74	1,26
13,77	1,26
13,79	1,24
13,82	1,27
13,84	1,27
13,87	1,26
13,89	1,27
13,91	1,26
13,94	1,26
13,96	1,29
13,99	1,29
14,01	1,31
14,04	1,31
14,06	1,30
14,09	1,32
14,11	1,32
14,13	1,30
14,16	1,32
14,18	1,32
14,21	1,30
14,23	1,31
14,26	1,29
14,28	1,31
14,31	1,29
14,33	1,28
14,35	1,28
14,38	1,28
14,40	1,26
14,43	1,29
14,45	1,28
14,48	1,30
14,50	1,30
14,52	1,31
14,55	1,31
14,57	1,34
14,60	1,30
14,62	1,32
14,65	1,30
14,67	1,31
14,70	1,31
14,72	1,32
14,74	1,31
14,77	1,33
14,79	1,31
14,82	1,34
14,84	1,32
14,87	1,32
14,89	1,31
14,92	1,31
14,94	1,29
14,96	1,32
14,99	1,30
15,01	1,32
15,04	1,30
15,06	1,31
15,09	1,31
15,11	1,32
15,14	1,30
15,16	1,33
15,18	1,31
15,21	1,33
15,23	1,33
15,26	1,34
15,28	1,35
15,31	1,36
15,33	1,33
15,36	1,34
15,38	1,33
15,40	1,35
15,43	1,37
15,45	1,38
15,48	1,37
15,50	1,38
15,53	1,38
15,55	1,41
15,57	1,40
15,60	1,38
15,62	1,37
15,65	1,37
15,67	1,37
15,70	1,38
15,72	1,37
15,75	1,37
15,77	1,38
15,79	1,39
15,82	1,42
15,84	1,43
15,87	1,43
15,89	1,45
15,92	1,46
15,94	1,45
15,97	1,47
15,99	1,46
16,01	1,47
16,04	1,46
16,06	1,45
16,09	1,46
16,11	1,47
16,14	1,46
16,16	1,50
16,19	1,49
16,21	1,52
16,23	1,51
16,26	1,53
16,28	1,55
16,31	1,57
16,33	1,54
16,36	1,58
16,38	1,54
16,41	1,58
16,43	1,58
16,45	1,59
16,48	1,57
16,50	1,60
16,53	1,58
16,55	1,63
16,58	1,62
16,60	1,64
16,63	1,65
16,65	1,69
16,67	1,68
16,70	1,72
16,72	1,70
16,75	1,73
16,77	1,73
16,80	1,75
16,82	1,75
16,84	1,77
16,87	1,76
16,89	1,82
16,92	1,81
16,94	1,84
16,97	1,83
16,99	1,86
17,02	1,87
17,04	1,89
17,06	1,87
17,09	1,90
17,11	1,90
17,14	1,92
17,16	1,92
17,19	1,93
17,21	1,95
17,24	1,97
17,26	1,97
17,28	1,99
17,31	1,99
17,33	2,00
17,36	2,04
17,38	2,05
17,41	2,06
17,43	2,08
17,46	2,09
17,48	2,10
17,50	2,12
17,53	2,11
17,55	2,12
17,58	2,12
17,60	2,13
17,63	2,16
17,65	2,18
17,68	2,18
17,70	2,20
17,72	2,19
17,75	2,24
17,77	2,24
17,80	2,24
17,82	2,24
17,85	2,25
17,87	2,24
17,89	2,26
17,92	2,24
17,94	2,26
17,97	2,25
17,99	2,26
18,02	2,26
18,04	2,28
18,07	2,27
18,09	2,32
18,11	2,30
18,14	2,33
18,16	2,33
18,19	2,36
18,21	2,35
18,24	2,36
18,26	2,32
18,29	2,35
18,31	2,31
18,33	2,33
18,36	2,32
18,38	2,34
18,41	2,32
18,43	2,34
18,46	2,32
18,48	2,37
18,51	2,36
18,53	2,36
18,55	2,34
18,58	2,33
18,60	2,32
18,63	2,33
18,65	2,30
18,68	2,30
18,70	2,27
18,73	2,28
18,75	2,30
18,77	2,30
18,80	2,29
18,82	2,32
18,85	2,31
18,87	2,32
18,90	2,32
18,92	2,32
18,94	2,31
18,97	2,31
18,99	2,27
19,02	2,26
19,04	2,26
19,07	2,25
19,09	2,24
19,12	2,23
19,14	2,22
19,16	2,22
19,19	2,22
19,21	2,24
19,24	2,23
19,26	2,22
19,29	2,23
19,31	2,21
19,34	2,22
19,36	2,20
19,38	2,18
19,41	2,17
19,43	2,17
19,46	2,14
19,48	2,17
19,51	2,15
19,53	2,16
19,56	2,17
19,58	2,18
19,60	2,17
19,63	2,19
19,65	2,17
19,68	2,18
19,70	2,17
19,73	2,15
19,75	2,14
19,78	2,13
19,80	2,11
19,82	2,13
19,85	2,09
19,87	2,12
19,90	2,10
19,92	2,11
19,95	2,13
19,97	2,14
19,99	2,12
20,02	2,14
20,04	2,09
20,07	2,11
20,09	2,09
20,12	2,08
20,14	2,07
20,17	2,09
20,19	2,07
20,21	2,12
20,24	2,10
20,26	2,12
20,29	2,13
20,31	2,15
20,34	2,14
20,36	2,16
20,39	2,15
20,41	2,17
20,43	2,17
20,46	2,16
20,48	2,16
20,51	2,17
20,53	2,17
20,56	2,19
20,58	2,18
20,61	2,20
20,63	2,21
20,65	2,21
20,68	2,24
20,70	2,26
20,73	2,26
20,75	2,29
20,78	2,28
20,80	2,30
20,83	2,31
20,85	2,31
20,87	2,33
20,90	2,34
20,92	2,35
20,95	2,39
20,97	2,40
21,00	2,41
21,02	2,45
21,05	2,45
21,07	2,49
21,09	2,50
21,12	2,52
21,14	2,54
21,17	2,58
21,19	2,58
21,22	2,62
21,24	2,61
21,26	2,65
21,29	2,66
21,31	2,69
21,34	2,71
21,36	2,75
21,39	2,75
21,41	2,83
21,44	2,84
21,46	2,88
21,48	2,90
21,51	2,91
21,53	2,92
21,56	2,97
21,58	2,95
21,61	2,99
21,63	2,99
21,66	3,03
21,68	3,07
21,70	3,13
21,73	3,13
21,75	3,19
21,78	3,21
21,80	3,27
21,83	3,28
21,85	3,32
21,88	3,34
21,90	3,38
21,92	3,40
21,95	3,46
21,97	3,44
22,00	3,49
22,02	3,51
22,05	3,55
22,07	3,56
22,10	3,60
22,12	3,60
22,14	3,68
22,17	3,68
22,19	3,72
22,22	3,74
22,24	3,76
22,27	3,77
22,29	3,80
22,31	3,79
22,34	3,82
22,36	3,81
22,39	3,83
22,41	3,86
22,44	3,88
22,46	3,90
22,49	3,92
22,51	3,93
22,53	3,97
22,56	3,99
22,58	4,00
22,61	4,00
22,63	4,00
22,66	4,00
22,68	4,01
22,71	4,00
22,73	3,99
22,75	4,00
22,78	3,99
22,80	4,01
22,83	4,01
22,85	4,01
22,88	4,06
22,90	4,06
22,93	4,04
22,95	4,05
22,97	4,02
23,00	4,03
23,02	4,01
23,05	3,98
23,07	3,97
23,10	3,96
23,12	3,94
23,15	3,96
23,17	3,94
23,19	3,94
23,22	3,92
23,24	3,92
23,27	3,90
23,29	3,91
23,32	3,88
23,34	3,89
23,36	3,84
23,39	3,84
23,41	3,82
23,44	3,80
23,46	3,78
23,49	3,78
23,51	3,73
23,54	3,75
23,56	3,72
23,58	3,71
23,61	3,71
23,63	3,70
23,66	3,64
23,68	3,66
23,71	3,61
23,73	3,61
23,76	3,57
23,78	3,55
23,80	3,52
23,83	3,52
23,85	3,48
23,88	3,49
23,90	3,44
23,93	3,44
23,95	3,41
23,98	3,40
24,00	3,38
24,02	3,37
24,05	3,33
24,07	3,34
24,10	3,31
24,12	3,31
24,15	3,30
24,17	3,26
24,20	3,23
24,22	3,23
24,24	3,20
24,27	3,21
24,29	3,18
24,32	3,16
24,34	3,17
24,37	3,16
24,39	3,15
24,42	3,14
24,44	3,12
24,46	3,12
24,49	3,11
24,51	3,09
24,54	3,09
24,56	3,07
24,59	3,06
24,61	3,06
24,63	3,06
24,66	3,05
24,68	3,07
24,71	3,06
24,73	3,08
24,76	3,08
24,78	3,07
24,81	3,07
24,83	3,08
24,85	3,07
24,88	3,10
24,90	3,07
24,93	3,09
24,95	3,08
24,98	3,10
25,00	3,10
25,03	3,13
25,05	3,12
25,07	3,16
25,10	3,14
25,12	3,17
25,15	3,17
25,17	3,19
25,20	3,19
25,22	3,21
25,25	3,21
25,27	3,26
25,29	3,25
25,32	3,29
25,34	3,29
25,37	3,33
25,39	3,34
25,42	3,37
25,44	3,37
25,47	3,42
25,49	3,43
25,51	3,47
25,54	3,48
25,56	3,52
25,59	3,54
25,61	3,60
25,64	3,61
25,66	3,65
25,68	3,67
25,71	3,72
25,73	3,75
25,76	3,80
25,78	3,80
25,81	3,87
25,83	3,89
25,86	3,94
25,88	3,97
25,90	4,01
25,93	4,04
25,95	4,10
25,98	4,13
26,00	4,18
26,03	4,19
26,05	4,25
26,08	4,31
26,10	4,36
26,12	4,41
26,15	4,46
26,17	4,51
26,20	4,58
26,22	4,62
26,25	4,67
26,27	4,71
26,30	4,76
26,32	4,80
26,34	4,87
26,37	4,92
26,39	4,97
26,42	5,04
26,44	5,08
26,47	5,13
26,49	5,18
26,52	5,23
26,54	5,28
26,56	5,33
26,59	5,35
26,61	5,42
26,64	5,45
26,66	5,52
26,69	5,57
26,71	5,63
26,73	5,67
26,76	5,72
26,78	5,75
26,81	5,85
26,83	5,87
26,86	5,93
26,88	5,96
26,91	6,01
26,93	6,06
26,95	6,11
26,98	6,12
27,00	6,19
27,03	6,20
27,05	6,26
27,08	6,29
27,10	6,35
27,13	6,36
27,15	6,41
27,17	6,41
27,20	6,46
27,22	6,46
27,25	6,49
27,27	6,49
27,30	6,53
27,32	6,52
27,35	6,56
27,37	6,55
27,39	6,58
27,42	6,56
27,44	6,57
27,47	6,55
27,49	6,55
27,52	6,52
27,54	6,55
27,57	6,53
27,59	6,55
27,61	6,54
27,64	6,55
27,66	6,55
27,69	6,55
27,71	6,51
27,74	6,50
27,76	6,47
27,78	6,46
27,81	6,44
27,83	6,42
27,86	6,39
27,88	6,38
27,91	6,35
27,93	6,35
27,96	6,30
27,98	6,26
28,00	6,23
28,03	6,19
28,05	6,14
28,08	6,11
28,10	6,05
28,13	6,00
28,15	5,95
28,18	5,91
28,20	5,88
28,22	5,83
28,25	5,79
28,27	5,77
28,30	5,73
28,32	5,69
28,35	5,65
28,37	5,60
28,40	5,58
28,42	5,52
28,44	5,46
28,47	5,41
28,49	5,37
28,52	5,32
28,54	5,31
28,57	5,26
28,59	5,23
28,62	5,19
28,64	5,16
28,66	5,13
28,69	5,10
28,71	5,03
28,74	5,00
28,76	4,94
28,79	4,92
28,81	4,87
28,84	4,84
28,86	4,79
28,88	4,77
28,91	4,72
28,93	4,71
28,96	4,65
28,98	4,64
29,01	4,62
29,03	4,61
29,05	4,56
29,08	4,57
29,10	4,53
29,13	4,54
29,15	4,50
29,18	4,48
29,20	4,45
29,23	4,45
29,25	4,41
29,27	4,43
29,30	4,41
29,32	4,42
29,35	4,40
29,37	4,40
29,40	4,39
29,42	4,40
29,45	4,36
29,47	4,38
29,49	4,35
29,52	4,37
29,54	4,36
29,57	4,37
29,59	4,36
29,62	4,38
29,64	4,37
29,67	4,40
29,69	4,39
29,71	4,41
29,74	4,44
29,76	4,47
29,79	4,49
29,81	4,52
29,84	4,52
29,86	4,54
29,89	4,57
29,91	4,58
29,93	4,62
29,96	4,63
29,98	4,65
30,01	4,71
30,03	4,76
30,06	4,79
30,08	4,84
30,10	4,85
30,13	4,91
30,15	4,95
30,18	4,98
30,20	5,02
30,23	5,05
30,25	5,08
30,28	5,15
30,30	5,18
30,32	5,24
30,35	5,27
30,37	5,33
30,40	5,38
30,42	5,45
30,45	5,48
30,47	5,57
30,50	5,61
30,52	5,69
30,54	5,74
30,57	5,82
30,59	5,88
30,62	5,97
30,64	6,01
30,67	6,09
30,69	6,14
30,72	6,21
30,74	6,28
30,76	6,35
30,79	6,40
30,81	6,48
30,84	6,55
30,86	6,66
30,89	6,73
30,91	6,80
30,94	6,87
30,96	6,95
30,98	7,02
31,01	7,11
31,03	7,15
31,06	7,24
31,08	7,30
31,11	7,38
31,13	7,47
31,15	7,56
31,18	7,63
31,20	7,76
31,23	7,84
31,25	7,96
31,28	8,05
31,30	8,14
31,33	8,23
31,35	8,32
31,37	8,37
31,40	8,47
31,42	8,54
31,45	8,62
31,47	8,72
31,50	8,80
31,52	8,89
31,55	8,98
31,57	9,05
31,59	9,16
31,62	9,22
31,64	9,28
31,67	9,35
31,69	9,40
31,72	9,47
31,74	9,54
31,77	9,59
31,79	9,65
31,81	9,68
31,84	9,73
31,86	9,81
31,89	9,85
31,91	9,91
31,94	9,97
31,96	10,01
31,99	10,07
32,01	10,12
32,03	10,14
32,06	10,19
32,08	10,19
32,11	10,20
32,13	10,22
32,16	10,24
32,18	10,23
32,20	10,25
32,23	10,24
32,25	10,26
32,28	10,25
32,30	10,25
32,33	10,25
32,35	10,25
32,38	10,20
32,40	10,20
32,42	10,14
32,45	10,13
32,47	10,10
32,50	10,08
32,52	10,02
32,55	9,99
32,57	9,92
32,60	9,92
32,62	9,84
32,64	9,80
32,67	9,75
32,69	9,71
32,72	9,63
32,74	9,61
32,77	9,52
32,79	9,48
32,82	9,40
32,84	9,33
32,86	9,26
32,89	9,21
32,91	9,11
32,94	9,06
32,96	8,97
32,99	8,91
33,01	8,80
33,04	8,73
33,06	8,66
33,08	8,59
33,11	8,50
33,13	8,45
33,16	8,33
33,18	8,28
33,21	8,19
33,23	8,12
33,26	8,04
33,28	7,96
33,30	7,87
33,33	7,82
33,35	7,73
33,38	7,66
33,40	7,60
33,43	7,53
33,45	7,47
33,47	7,41
33,50	7,33
33,52	7,28
33,55	7,22
33,57	7,15
33,60	7,10
33,62	7,03
33,65	6,96
33,67	6,91
33,69	6,86
33,72	6,81
33,74	6,76
33,77	6,70
33,79	6,69
33,82	6,64
33,84	6,61
33,87	6,57
33,89	6,52
33,91	6,47
33,94	6,44
33,96	6,39
33,99	6,37
34,01	6,32
34,04	6,31
34,06	6,29
34,09	6,29
34,11	6,26
34,13	6,29
34,16	6,26
34,18	6,28
34,21	6,26
34,23	6,25
34,26	6,24
34,28	6,25
34,31	6,22
34,33	6,24
34,35	6,22
34,38	6,24
34,40	6,24
34,43	6,27
34,45	6,28
34,48	6,33
34,50	6,33
34,52	6,40
34,55	6,40
34,57	6,44
34,60	6,46
34,62	6,48
34,65	6,50
34,67	6,55
34,70	6,56
34,72	6,62
34,74	6,64
34,77	6,71
34,79	6,77
34,82	6,84
34,84	6,87
34,87	6,95
34,89	6,98
34,92	7,06
34,94	7,10
34,96	7,15
34,99	7,21
35,01	7,29
35,04	7,34
35,06	7,44
35,09	7,50
35,11	7,59
35,14	7,67
35,16	7,74
35,18	7,80
35,21	7,88
35,23	7,94
35,26	8,06
35,28	8,13
35,31	8,20
35,33	8,28
35,36	8,35
35,38	8,46
35,40	8,56
35,43	8,64
35,45	8,74
35,48	8,84
35,50	8,93
35,53	9,08
35,55	9,17
35,57	9,26
35,60	9,35
35,62	9,45
35,65	9,55
35,67	9,67
35,70	9,74
35,72	9,87
35,75	9,96
35,77	10,08
35,79	10,20
35,82	10,33
35,84	10,42
35,87	10,57
35,89	10,65
35,92	10,79
35,94	10,88
35,97	10,99
35,99	11,12
36,01	11,24
36,04	11,33
36,06	11,48
36,09	11,57
36,11	11,73
36,14	11,84
36,16	11,96
36,19	12,09
36,21	12,21
36,23	12,30
36,26	12,43
36,28	12,53
36,31	12,66
36,33	12,75
36,36	12,85
36,38	12,96
36,41	13,08
36,43	13,18
36,45	13,30
36,48	13,39
36,50	13,51
36,53	13,61
36,55	13,70
36,58	13,79
36,60	13,89
36,62	13,96
36,65	14,05
36,67	14,11
36,70	14,18
36,72	14,26
36,75	14,34
36,77	14,38
36,80	14,47
36,82	14,49
36,84	14,55
36,87	14,58
36,89	14,61
36,92	14,62
36,94	14,65
36,97	14,65
36,99	14,69
37,02	14,69
37,04	14,71
37,06	14,71
37,09	14,71
37,11	14,71
37,14	14,70
37,16	14,67
37,19	14,65
37,21	14,61
37,24	14,57
37,26	14,55
37,28	14,48
37,31	14,42
37,33	14,38
37,36	14,34
37,38	14,30
37,41	14,25
37,43	14,17
37,46	14,15
37,48	14,07
37,50	13,99
37,53	13,90
37,55	13,79
37,58	13,68
37,60	13,58
37,63	13,47
37,65	13,37
37,68	13,26
37,70	13,18
37,72	13,09
37,75	13,00
37,77	12,89
37,80	12,79
37,82	12,66
37,85	12,57
37,87	12,43
37,89	12,30
37,92	12,16
37,94	12,05
37,97	11,92
37,99	11,84
38,02	11,69
38,04	11,60
38,07	11,47
38,09	11,40
38,11	11,27
38,14	11,18
38,16	11,00
38,19	10,93
38,21	10,78
38,24	10,68
38,26	10,54
38,29	10,43
38,31	10,29
38,33	10,23
38,36	10,10
38,38	10,05
38,41	9,91
38,43	9,84
38,46	9,75
38,48	9,69
38,51	9,59
38,53	9,52
38,55	9,41
38,58	9,39
38,60	9,31
38,63	9,25
38,65	9,17
38,68	9,13
38,70	9,05
38,73	9,03
38,75	8,96
38,77	8,92
38,80	8,88
38,82	8,84
38,85	8,81
38,87	8,78
38,90	8,73
38,92	8,73
38,94	8,70
38,97	8,68
38,99	8,66
39,02	8,65
39,04	8,64
39,07	8,65
39,09	8,65
39,12	8,65
39,14	8,64
39,16	8,65
39,19	8,68
39,21	8,69
39,24	8,71
39,26	8,72
39,29	8,76
39,31	8,80
39,34	8,85
39,36	8,87
39,38	8,92
39,41	8,93
39,43	8,99
39,46	9,03
39,48	9,08
39,51	9,12
39,53	9,19
39,56	9,23
39,58	9,33
39,60	9,37
39,63	9,45
39,65	9,52
39,68	9,61
39,70	9,68
39,73	9,77
39,75	9,82
39,78	9,92
39,80	9,99
39,82	10,09
39,85	10,16
39,87	10,24
39,90	10,32
39,92	10,45
39,95	10,54
39,97	10,67
39,99	10,76
40,02	10,89
40,04	11,00
40,07	11,12
40,09	11,20
40,12	11,33
40,14	11,42
40,17	11,53
40,19	11,65
40,21	11,78
40,24	11,89
40,26	12,04
40,29	12,16
40,31	12,31
40,34	12,45
40,36	12,58
40,39	12,72
40,41	12,86
40,43	12,98
40,46	13,12
40,48	13,24
40,51	13,38
40,53	13,50
40,56	13,64
40,58	13,78
40,61	13,92
40,63	14,07
40,65	14,24
40,68	14,40
40,70	14,55
40,73	14,72
40,75	14,88
40,78	15,07
40,80	15,19
40,83	15,33
40,85	15,47
40,87	15,64
40,90	15,78
40,92	15,96
40,95	16,09
40,97	16,27
41,00	16,43
41,02	16,62
41,05	16,77
41,07	16,95
41,09	17,07
41,12	17,23
41,14	17,36
41,17	17,51
41,19	17,61
41,22	17,75
41,24	17,85
41,26	18,00
41,29	18,12
41,31	18,29
41,34	18,39
41,36	18,54
41,39	18,67
41,41	18,82
41,44	18,92
41,46	19,05
41,48	19,12
41,51	19,26
41,53	19,34
41,56	19,44
41,58	19,51
41,61	19,61
41,63	19,67
41,66	19,79
41,68	19,85
41,70	19,93
41,73	19,97
41,75	20,04
41,78	20,08
41,80	20,16
41,83	20,16
41,85	20,22
41,88	20,21
41,90	20,25
41,92	20,22
41,95	20,23
41,97	20,20
42,00	20,21
42,02	20,16
42,05	20,17
42,07	20,09
42,10	20,07
42,12	20,03
42,14	19,99
42,17	19,94
42,19	19,90
42,22	19,82
42,24	19,79
42,27	19,71
42,29	19,62
42,31	19,54
42,34	19,44
42,36	19,33
42,39	19,24
42,41	19,13
42,44	19,04
42,46	18,92
42,49	18,80
42,51	18,70
42,53	18,61
42,56	18,48
42,58	18,36
42,61	18,21
42,63	18,07
42,66	17,94
42,68	17,77
42,71	17,60
42,73	17,46
42,75	17,30
42,78	17,15
42,80	16,98
42,83	16,82
42,85	16,68
42,88	16,53
42,90	16,38
42,93	16,24
42,95	16,10
42,97	15,96
43,00	15,83
43,02	15,67
43,05	15,52
43,07	15,36
43,10	15,19
43,12	15,05
43,15	14,91
43,17	14,76
43,19	14,63
43,22	14,49
43,24	14,38
43,27	14,25
43,29	14,14
43,32	14,01
43,34	13,91
43,36	13,77
43,39	13,66
43,41	13,52
43,44	13,44
43,46	13,30
43,49	13,21
43,51	13,10
43,54	13,02
43,56	12,92
43,58	12,88
43,61	12,78
43,63	12,73
43,66	12,65
43,68	12,61
43,71	12,55
43,73	12,51
43,76	12,41
43,78	12,38
43,80	12,32
43,83	12,30
43,85	12,27
43,88	12,25
43,90	12,23
43,93	12,23
43,95	12,20
43,98	12,22
44,00	12,21
44,02	12,20
44,05	12,19
44,07	12,20
44,10	12,20
44,12	12,25
44,15	12,26
44,17	12,29
44,20	12,32
44,22	12,36
44,24	12,42
44,27	12,47
44,29	12,51
44,32	12,58
44,34	12,63
44,37	12,69
44,39	12,77
44,41	12,82
44,44	12,92
44,46	12,98
44,49	13,05
44,51	13,14
44,54	13,25
44,56	13,33
44,59	13,47
44,61	13,54
44,63	13,65
44,66	13,73
44,68	13,83
44,71	13,93
44,73	14,05
44,76	14,10
44,78	14,25
44,81	14,35
44,83	14,50
44,85	14,62
44,88	14,77
44,90	14,91
44,93	15,07
44,95	15,18
44,98	15,35
45,00	15,46
45,03	15,61
45,05	15,76
45,07	15,91
45,10	16,05
45,12	16,23
45,15	16,37
45,17	16,56
45,20	16,73
45,22	16,90
45,25	17,06
45,27	17,25
45,29	17,42
45,32	17,63
45,34	17,77
45,37	17,95
45,39	18,10
45,42	18,27
45,44	18,44
45,47	18,60
45,49	18,75
45,51	18,95
45,54	19,12
45,56	19,31
45,59	19,51
45,61	19,70
45,64	19,91
45,66	20,09
45,68	20,25
45,71	20,44
45,73	20,62
45,76	20,79
45,78	20,97
45,81	21,14
45,83	21,34
45,86	21,55
45,88	21,74
45,90	21,94
45,93	22,13
45,95	22,32
45,98	22,52
46,00	22,69
46,03	22,86
46,05	23,04
46,08	23,18
46,10	23,35
46,12	23,51
46,15	23,64
46,17	23,84
46,20	23,99
46,22	24,16
46,25	24,35
46,27	24,52
46,30	24,66
46,32	24,84
46,34	24,95
46,37	25,12
46,39	25,20
46,42	25,34
46,44	25,44
46,47	25,57
46,49	25,65
46,52	25,82
46,54	25,90
46,56	26,05
46,59	26,14
46,61	26,23
46,64	26,30
46,66	26,39
46,69	26,41
46,71	26,48
46,73	26,50
46,76	26,54
46,78	26,58
46,81	26,63
46,83	26,63
46,86	26,65
46,88	26,65
46,91	26,70
46,93	26,68
46,95	26,68
46,98	26,67
47,00	26,65
47,03	26,61
47,05	26,61
47,08	26,55
47,10	26,52
47,13	26,45
47,15	26,40
47,17	26,34
47,20	26,30
47,22	26,19
47,25	26,14
47,27	26,01
47,30	25,93
47,32	25,81
47,35	25,69
47,37	25,55
47,39	25,46
47,42	25,30
47,44	25,20
47,47	25,05
47,49	24,95
47,52	24,84
47,54	24,72
47,57	24,55
47,59	24,40
47,61	24,23
47,64	24,09
47,66	23,89
47,69	23,68
47,71	23,50
47,74	23,31
47,76	23,14
47,78	22,98
47,81	22,80
47,83	22,63
47,86	22,46
47,88	22,29
47,91	22,15
47,93	21,95
47,96	21,75
47,98	21,59
48,00	21,39
48,03	21,20
48,05	21,00
48,08	20,81
48,10	20,65
48,13	20,49
48,15	20,31
48,18	20,15
48,20	19,99
48,22	19,82
48,25	19,67
48,27	19,49
48,30	19,33
48,32	19,16
48,35	19,01
48,37	18,90
48,40	18,77
48,42	18,62
48,44	18,50
48,47	18,35
48,49	18,25
48,52	18,14
48,54	18,03
48,57	17,92
48,59	17,85
48,62	17,74
48,64	17,70
48,66	17,60
48,69	17,54
48,71	17,47
48,74	17,43
48,76	17,36
48,79	17,33
48,81	17,27
48,84	17,27
48,86	17,23
48,88	17,21
48,91	17,18
48,93	17,18
48,96	17,17
48,98	17,18
49,01	17,15
49,03	17,18
49,05	17,19
49,08	17,23
49,10	17,27
49,13	17,31
49,15	17,34
49,18	17,39
49,20	17,40
49,23	17,49
49,25	17,52
49,27	17,57
49,30	17,63
49,32	17,70
49,35	17,79
49,37	17,91
49,40	17,96
49,42	18,08
49,45	18,18
49,47	18,30
49,49	18,40
49,52	18,52
49,54	18,60
49,57	18,74
49,59	18,84
49,62	18,95
49,64	19,06
49,67	19,20
49,69	19,34
49,71	19,50
49,74	19,64
49,76	19,82
49,79	19,98
49,81	20,15
49,84	20,32
49,86	20,47
49,89	20,62
49,91	20,77
49,93	20,92
49,96	21,11
49,98	21,29
50,01	21,44
50,03	21,64
50,06	21,81
50,08	22,04
50,10	22,23
50,13	22,44
50,15	22,62
50,18	22,85
50,20	23,01
50,23	23,22
50,25	23,39
50,28	23,60
50,30	23,77
50,32	23,99
50,35	24,17
50,37	24,42
50,40	24,61
50,42	24,86
50,45	25,08
50,47	25,33
50,50	25,54
50,52	25,81
50,54	25,99
50,57	26,24
50,59	26,42
50,62	26,65
50,64	26,84
50,67	27,07
50,69	27,27
50,72	27,52
50,74	27,73
50,76	27,99
50,79	28,19
50,81	28,43
50,84	28,65
50,86	28,89
50,89	29,08
50,91	29,29
50,94	29,46
50,96	29,68
50,98	29,85
51,01	30,05
51,03	30,26
51,06	30,49
51,08	30,70
51,11	30,92
51,13	31,11
51,15	31,36
51,18	31,57
51,20	31,73
51,23	31,93
51,25	32,09
51,28	32,26
51,30	32,46
51,33	32,58
51,35	32,71
51,37	32,86
51,40	32,98
51,42	33,14
51,45	33,28
51,47	33,39
51,50	33,53
51,52	33,66
51,55	33,77
51,57	33,89
51,59	33,98
51,62	34,07
51,64	34,16
51,67	34,23
51,69	34,30
51,72	34,35
51,74	34,39
51,77	34,44
51,79	34,47
51,81	34,51
51,84	34,53
51,86	34,54
51,89	34,54
51,91	34,55
51,94	34,55
51,96	34,56
51,99	34,53
52,01	34,53
52,03	34,53
52,06	34,52
52,08	34,50
52,11	34,48
52,13	34,43
52,16	34,40
52,18	34,33
52,20	34,26
52,23	34,17
52,25	34,07
52,28	33,95
52,30	33,87
52,33	33,74
52,35	33,65
52,38	33,51
52,40	33,40
52,42	33,28
52,45	33,17
52,47	32,99
52,50	32,89
52,52	32,72
52,55	32,60
52,57	32,42
52,60	32,26
52,62	32,06
52,64	31,93
52,67	31,73
52,69	31,61
52,72	31,41
52,74	31,27
52,77	31,09
52,79	30,93
52,82	30,71
52,84	30,50
52,86	30,25
52,89	30,10
52,91	29,85
52,94	29,64
52,96	29,40
52,99	29,21
53,01	29,01
53,04	28,85
53,06	28,62
53,08	28,47
53,11	28,26
53,13	28,10
53,16	27,94
53,18	27,76
53,21	27,53
53,23	27,34
53,26	27,13
53,28	26,96
53,30	26,77
53,33	26,60
53,35	26,45
53,38	26,32
53,40	26,15
53,43	26,11
53,45	25,94
53,47	25,80
53,50	25,65
53,52	25,50
53,55	25,37
53,57	25,25
53,60	25,05
53,62	24,99
53,65	24,90
53,67	24,80
53,69	24,72
53,72	24,61
53,74	24,54
53,77	24,46
53,79	24,38
53,82	24,33
53,84	24,30
53,87	24,25
53,89	24,25
53,91	24,21
53,94	24,20
53,96	24,20
53,99	24,21
54,01	24,21
54,04	24,23
54,06	24,22
54,09	24,27
54,11	24,29
54,13	24,31
54,16	24,34
54,18	24,38
54,21	24,43
54,23	24,52
54,26	24,57
54,28	24,67
54,31	24,75
54,33	24,85
54,35	24,96
54,38	25,06
54,40	25,12
54,43	25,23
54,45	25,29
54,48	25,40
54,50	25,51
54,52	25,62
54,55	25,76
54,57	25,93
54,60	26,07
54,62	26,25
54,65	26,40
54,67	26,56
54,70	26,74
54,72	26,88
54,74	27,03
54,77	27,18
54,79	27,34
54,82	27,52
54,84	27,69
54,87	27,84
54,89	28,05
54,92	28,25
54,94	28,46
54,96	28,69
54,99	28,93
55,01	29,15
55,04	29,40
55,06	29,64
55,09	29,89
55,11	30,10
55,14	30,31
55,16	30,50
55,18	30,71
55,21	30,88
55,23	31,11
55,26	31,33
55,28	31,60
55,31	31,84
55,33	32,11
55,36	32,35
55,38	32,64
55,40	32,89
55,43	33,15
55,45	33,36
55,48	33,61
55,50	33,82
55,53	34,10
55,55	34,31
55,57	34,58
55,60	34,80
55,62	35,10
55,65	35,32
55,67	35,61
55,70	35,87
55,72	36,18
55,75	36,40
55,77	36,66
55,79	36,86
55,82	37,15
55,84	37,33
55,87	37,56
55,89	37,76
55,92	37,98
55,94	38,23
55,97	38,51
55,99	38,71
56,01	38,99
56,04	39,21
56,06	39,46
56,09	39,73
56,11	39,97
56,14	40,16
56,16	40,36
56,19	40,52
56,21	40,75
56,23	40,94
56,26	41,12
56,28	41,30
56,31	41,50
56,33	41,71
56,36	41,93
56,38	42,06
56,41	42,23
56,43	42,41
56,45	42,56
56,48	42,71
56,50	42,87
56,53	42,99
56,55	43,20
56,58	43,33
56,60	43,44
56,62	43,55
56,65	43,66
56,67	43,75
56,70	43,84
56,72	43,91
56,75	44,01
56,77	44,08
56,80	44,18
56,82	44,28
56,84	44,37
56,87	44,46
56,89	44,50
56,92	44,54
56,94	44,60
56,97	44,61
56,99	44,63
57,02	44,64
57,04	44,64
57,06	44,65
57,09	44,67
57,11	44,65
57,14	44,64
57,16	44,63
57,19	44,61
57,21	44,61
57,24	44,55
57,26	44,50
57,28	44,46
57,31	44,37
57,33	44,27
57,36	44,18
57,38	44,07
57,41	44,00
57,43	43,90
57,46	43,79
57,48	43,69
57,50	43,57
57,53	43,44
57,55	43,34
57,58	43,19
57,60	43,06
57,63	42,90
57,65	42,76
57,68	42,62
57,70	42,48
57,72	42,27
57,75	42,11
57,77	41,89
57,80	41,72
57,82	41,50
57,85	41,31
57,87	41,11
57,89	40,97
57,92	40,74
57,94	40,61
57,97	40,40
57,99	40,24
58,02	40,05
58,04	39,84
58,07	39,59
58,09	39,42
58,11	39,17
58,14	38,99
58,16	38,74
58,19	38,52
58,21	38,29
58,24	38,10
58,26	37,87
58,29	37,72
58,31	37,50
58,33	37,33
58,36	37,18
58,38	37,01
58,41	36,82
58,43	36,64
58,46	36,44
58,48	36,29
58,51	36,13
58,53	35,96
58,55	35,81
58,58	35,67
58,60	35,54
58,63	35,42
58,65	35,30
58,68	35,19
58,70	35,08
58,73	34,95
58,75	34,85
58,77	34,74
58,80	34,65
58,82	34,58
58,85	34,51
58,87	34,44
58,90	34,40
58,92	34,35
58,94	34,34
58,97	34,28
58,99	34,26
59,02	34,23
59,04	34,23
59,07	34,21
59,09	34,25
59,12	34,23
59,14	34,27
59,16	34,27
59,19	34,31
59,21	34,34
59,24	34,41
59,26	34,43
59,29	34,52
59,31	34,54
59,34	34,64
59,36	34,69
59,38	34,80
59,41	34,89
59,43	35,00
59,46	35,07
59,48	35,24
59,51	35,36
59,53	35,51
59,56	35,63
59,58	35,77
59,60	35,89
59,63	36,04
59,65	36,16
59,68	36,30
59,70	36,42
59,73	36,60
59,75	36,79
59,78	36,98
59,80	37,15
59,82	37,37
59,85	37,55
59,87	37,78
59,90	37,97
59,92	38,18
59,95	38,38
59,97	38,56
59,99	38,68
