U1/V	IA/nA
0,02	0,41
0,04	0,41
0,07	0,45
0,09	0,45
0,12	0,47
0,14	0,46
0,17	0,47
0,19	0,48
0,21	0,50
0,24	0,47
0,26	0,49
0,29	0,47
0,31	0,48
0,34	0,49
0,36	0,48
0,39	0,46
0,41	0,48
0,43	0,47
0,46	0,49
0,48	0,49
0,51	0,47
0,53	0,51
0,56	0,50
0,58	0,50
0,61	0,51
0,63	0,50
0,65	0,50
0,68	0,50
0,70	0,47
0,73	0,48
0,75	0,46
0,78	0,45
0,80	0,45
0,83	0,45
0,85	0,44
0,87	0,45
0,90	0,45
0,92	0,48
0,95	0,47
0,97	0,47
1,00	0,47
1,02	0,49
1,05	0,47
1,07	0,50
1,09	0,46
1,12	0,48
1,14	0,46
1,17	0,47
1,19	0,47
1,22	0,48
1,24	0,45
1,26	0,50
1,29	0,47
1,31	0,49
1,34	0,48
1,36	0,49
1,39	0,47
1,41	0,48
1,44	0,46
1,46	0,49
1,48	0,45
1,51	0,46
1,53	0,44
1,56	0,46
1,58	0,44
1,61	0,47
1,63	0,44
1,66	0,47
1,68	0,46
1,70	0,48
1,73	0,47
1,75	0,48
1,78	0,46
1,80	0,49
1,83	0,46
1,85	0,48
1,88	0,46
1,90	0,48
1,92	0,47
1,95	0,49
1,97	0,47
2,00	0,49
2,02	0,48
2,05	0,49
2,07	0,47
2,10	0,47
2,12	0,46
2,14	0,47
2,17	0,47
2,19	0,48
2,22	0,45
2,24	0,46
2,27	0,48
2,29	0,48
2,31	0,48
2,34	0,47
2,36	0,46
2,39	0,47
2,41	0,48
2,44	0,46
2,46	0,47
2,49	0,46
2,51	0,45
2,53	0,46
2,56	0,45
2,58	0,45
2,61	0,47
2,63	0,46
2,66	0,48
2,68	0,48
2,71	0,48
2,73	0,49
2,75	0,50
2,78	0,48
2,80	0,49
2,83	0,47
2,85	0,49
2,88	0,47
2,90	0,48
2,93	0,47
2,95	0,46
2,97	0,44
3,00	0,48
3,02	0,46
3,05	0,48
3,07	0,46
3,10	0,48
3,12	0,49
3,15	0,51
3,17	0,47
3,19	0,49
3,22	0,47
3,24	0,49
3,27	0,49
3,29	0,49
3,32	0,48
3,34	0,50
3,36	0,48
3,39	0,50
3,41	0,49
3,44	0,49
3,46	0,48
3,49	0,49
3,51	0,47
3,54	0,48
3,56	0,47
3,58	0,48
3,61	0,47
3,63	0,47
3,66	0,48
3,68	0,47
3,71	0,47
3,73	0,48
3,76	0,47
3,78	0,47
3,80	0,47
3,83	0,47
3,85	0,47
3,88	0,47
3,90	0,45
3,93	0,46
3,95	0,46
3,98	0,46
4,00	0,48
4,02	0,47
4,05	0,47
4,07	0,47
4,10	0,47
4,12	0,47
4,15	0,48
4,17	0,46
4,20	0,47
4,22	0,46
4,24	0,47
4,27	0,48
4,29	0,48
4,32	0,47
4,34	0,47
4,37	0,45
4,39	0,48
4,42	0,45
4,44	0,46
4,46	0,46
4,49	0,47
4,51	0,46
4,54	0,48
4,56	0,45
4,59	0,50
4,61	0,47
4,63	0,47
4,66	0,45
4,68	0,47
4,71	0,45
4,73	0,50
4,76	0,46
4,78	0,49
4,81	0,49
4,83	0,51
4,85	0,50
4,88	0,53
4,90	0,49
4,93	0,52
4,95	0,48
4,98	0,49
5,00	0,48
5,03	0,47
5,05	0,45
5,07	0,47
5,10	0,45
5,12	0,47
5,15	0,44
5,17	0,45
5,20	0,46
5,22	0,48
5,25	0,46
5,27	0,48
5,29	0,46
5,32	0,49
5,34	0,48
5,37	0,48
5,39	0,48
5,42	0,49
5,44	0,48
5,47	0,51
5,49	0,51
5,51	0,52
5,54	0,52
5,56	0,52
5,59	0,51
5,61	0,52
5,64	0,51
5,66	0,51
5,68	0,51
5,71	0,49
5,73	0,49
5,76	0,48
5,78	0,49
5,81	0,48
5,83	0,48
5,86	0,48
5,88	0,49
5,90	0,48
5,93	0,51
5,95	0,50
5,98	0,51
6,00	0,50
6,03	0,51
6,05	0,51
6,08	0,53
6,10	0,50
6,12	0,52
6,15	0,51
6,17	0,52
6,20	0,52
6,22	0,53
6,25	0,51
6,27	0,54
6,30	0,51
6,32	0,53
6,34	0,51
6,37	0,52
6,39	0,51
6,42	0,52
6,44	0,49
6,47	0,52
6,49	0,49
6,52	0,51
6,54	0,48
6,56	0,50
6,59	0,48
6,61	0,51
6,64	0,49
6,66	0,53
6,69	0,50
6,71	0,53
6,73	0,51
6,76	0,52
6,78	0,50
6,81	0,52
6,83	0,49
6,86	0,50
6,88	0,48
6,91	0,50
6,93	0,53
6,95	0,54
6,98	0,52
7,00	0,53
7,03	0,53
7,05	0,57
7,08	0,56
7,10	0,53
7,13	0,53
7,15	0,53
7,17	0,52
7,20	0,54
7,22	0,51
7,25	0,52
7,27	0,52
7,30	0,51
7,32	0,53
7,35	0,54
7,37	0,54
7,39	0,55
7,42	0,55
7,44	0,55
7,47	0,57
7,49	0,55
7,52	0,56
7,54	0,54
7,57	0,53
7,59	0,52
7,61	0,53
7,64	0,51
7,66	0,55
7,69	0,54
7,71	0,56
7,74	0,55
7,76	0,58
7,78	0,58
7,81	0,60
7,83	0,55
7,86	0,57
7,88	0,54
7,91	0,56
7,93	0,54
7,96	0,55
7,98	0,54
8,00	0,55
8,03	0,53
8,05	0,57
8,08	0,55
8,10	0,57
8,13	0,57
8,15	0,60
8,18	0,59
8,20	0,62
8,22	0,59
8,25	0,61
8,27	0,60
8,30	0,61
8,32	0,59
8,35	0,59
8,37	0,58
8,40	0,63
8,42	0,61
8,44	0,63
8,47	0,63
8,49	0,63
8,52	0,64
8,54	0,65
8,57	0,62
8,59	0,64
8,62	0,61
8,64	0,62
8,66	0,62
8,69	0,62
8,71	0,62
8,74	0,63
8,76	0,62
8,79	0,64
8,81	0,63
8,84	0,64
8,86	0,67
8,88	0,68
8,91	0,68
8,93	0,67
8,96	0,67
8,98	0,68
9,01	0,69
9,03	0,66
9,05	0,66
9,08	0,65
9,10	0,66
9,13	0,67
9,15	0,67
9,18	0,66
9,20	0,68
9,23	0,66
9,25	0,69
9,27	0,69
9,30	0,69
9,32	0,69
9,35	0,69
9,37	0,69
9,40	0,71
9,42	0,68
9,45	0,70
9,47	0,68
9,49	0,69
9,52	0,69
9,54	0,70
9,57	0,69
9,59	0,74
9,62	0,71
9,64	0,75
9,67	0,74
9,69	0,74
9,71	0,72
9,74	0,74
9,76	0,69
9,79	0,72
9,81	0,68
9,84	0,70
9,86	0,70
9,89	0,72
9,91	0,71
9,93	0,73
9,96	0,71
9,98	0,77
10,01	0,75
10,03	0,77
10,06	0,76
10,08	0,75
10,10	0,73
10,13	0,76
10,15	0,72
10,18	0,73
10,20	0,71
10,23	0,74
10,25	0,76
10,28	0,77
10,30	0,76
10,32	0,80
10,35	0,79
10,37	0,81
10,40	0,79
10,42	0,80
10,45	0,80
10,47	0,81
10,50	0,78
10,52	0,80
10,54	0,79
10,57	0,80
10,59	0,81
10,62	0,80
10,64	0,81
10,67	0,82
10,69	0,82
10,72	0,85
10,74	0,85
10,76	0,84
10,79	0,86
10,81	0,82
10,84	0,83
10,86	0,83
10,89	0,83
10,91	0,82
10,94	0,83
10,96	0,81
10,98	0,86
11,01	0,84
11,03	0,86
11,06	0,86
11,08	0,87
11,11	0,88
11,13	0,91
11,15	0,90
11,18	0,93
11,20	0,91
11,23	0,90
11,25	0,90
11,28	0,89
11,30	0,87
11,33	0,89
11,35	0,87
11,37	0,89
11,40	0,88
11,42	0,90
11,45	0,92
11,47	0,95
11,50	0,93
11,52	0,95
11,55	0,92
11,57	0,93
11,59	0,92
11,62	0,92
11,64	0,91
11,67	0,93
11,69	0,92
11,72	0,97
11,74	0,95
11,77	0,97
11,79	0,97
11,81	0,98
11,84	0,98
11,86	0,99
11,89	0,98
11,91	1,00
11,94	1,00
11,96	1,01
11,99	1,01
12,01	1,01
12,03	1,00
12,06	1,01
12,08	1,02
12,11	1,03
12,13	1,03
12,16	1,02
12,18	1,06
12,21	1,06
12,23	1,06
12,25	1,08
12,28	1,06
12,30	1,05
12,33	1,06
12,35	1,03
12,38	1,05
12,40	1,05
12,42	1,06
12,45	1,07
12,47	1,08
12,50	1,08
12,52	1,11
12,55	1,11
12,57	1,12
12,60	1,11
12,62	1,13
12,64	1,12
12,67	1,14
12,69	1,12
12,72	1,14
12,74	1,11
12,77	1,13
12,79	1,13
12,82	1,15
12,84	1,14
12,86	1,16
12,89	1,14
12,91	1,21
12,94	1,19
12,96	1,21
12,99	1,21
13,01	1,21
13,04	1,20
13,06	1,22
13,08	1,18
13,11	1,22
13,13	1,19
13,16	1,22
13,18	1,22
13,21	1,24
13,23	1,22
13,26	1,24
13,28	1,22
13,30	1,25
13,33	1,24
13,35	1,26
13,38	1,25
13,40	1,27
13,43	1,25
13,45	1,29
13,47	1,25
13,50	1,26
13,52	1,25
13,55	1,27
13,57	1,25
13,60	1,28
13,62	1,26
13,65	1,31
13,67	1,31
13,69	1,32
13,72	1,32
13,74	1,32
13,77	1,31
13,79	1,33
13,82	1,30
13,84	1,30
13,87	1,28
13,89	1,28
13,91	1,30
13,94	1,31
13,96	1,31
13,99	1,31
14,01	1,32
14,04	1,33
14,06	1,36
14,09	1,35
14,11	1,35
14,13	1,35
14,16	1,35
14,18	1,35
14,21	1,35
14,23	1,34
14,26	1,35
14,28	1,33
14,31	1,35
14,33	1,35
14,35	1,35
14,38	1,37
14,40	1,38
14,43	1,37
14,45	1,39
14,48	1,38
14,50	1,40
14,52	1,38
14,55	1,37
14,57	1,36
14,60	1,36
14,62	1,34
14,65	1,37
14,67	1,35
14,70	1,37
14,72	1,36
14,74	1,38
14,77	1,38
14,79	1,40
14,82	1,37
14,84	1,39
14,87	1,36
14,89	1,38
14,92	1,38
14,94	1,38
14,96	1,37
14,99	1,39
15,01	1,37
15,04	1,40
15,06	1,38
15,09	1,38
15,11	1,38
15,14	1,39
15,16	1,37
15,18	1,39
15,21	1,37
15,23	1,39
15,26	1,37
15,28	1,39
15,31	1,40
15,33	1,40
15,36	1,39
15,38	1,41
15,40	1,40
15,43	1,40
15,45	1,40
15,48	1,40
15,50	1,41
15,53	1,42
15,55	1,41
15,57	1,41
15,60	1,42
15,62	1,44
15,65	1,45
15,67	1,43
15,70	1,43
15,72	1,43
15,75	1,44
15,77	1,45
15,79	1,45
15,82	1,44
15,84	1,47
15,87	1,47
15,89	1,49
15,92	1,49
15,94	1,50
15,97	1,49
15,99	1,50
16,01	1,49
16,04	1,51
16,06	1,49
16,09	1,50
16,11	1,50
16,14	1,52
16,16	1,53
16,19	1,56
16,21	1,55
16,23	1,60
16,26	1,60
16,28	1,61
16,31	1,60
16,33	1,63
16,36	1,62
16,38	1,66
16,41	1,62
16,43	1,66
16,45	1,66
16,48	1,68
16,50	1,68
16,53	1,70
16,55	1,68
16,58	1,72
16,60	1,71
16,63	1,73
16,65	1,74
16,67	1,76
16,70	1,75
16,72	1,78
16,75	1,78
16,77	1,81
16,80	1,78
16,82	1,80
16,84	1,81
16,87	1,84
16,89	1,84
16,92	1,87
16,94	1,87
16,97	1,92
16,99	1,93
17,02	1,95
17,04	1,96
17,06	1,98
17,09	1,98
17,11	2,03
17,14	2,04
17,16	2,06
17,19	2,07
17,21	2,07
17,24	2,09
17,26	2,10
17,28	2,10
17,31	2,12
17,33	2,13
17,36	2,13
17,38	2,15
17,41	2,16
17,43	2,19
17,46	2,20
17,48	2,20
17,50	2,20
17,53	2,21
17,55	2,21
17,58	2,24
17,60	2,23
17,63	2,25
17,65	2,27
17,68	2,29
17,70	2,31
17,72	2,34
17,75	2,31
17,77	2,34
17,80	2,33
17,82	2,34
17,85	2,36
17,87	2,38
17,89	2,38
17,92	2,41
17,94	2,39
17,97	2,42
17,99	2,41
18,02	2,43
18,04	2,42
18,07	2,43
18,09	2,41
18,11	2,44
18,14	2,42
18,16	2,44
18,19	2,42
18,21	2,43
18,24	2,43
18,26	2,43
18,29	2,42
18,31	2,46
18,33	2,43
18,36	2,45
18,38	2,45
18,41	2,46
18,43	2,46
18,46	2,47
18,48	2,43
18,51	2,45
18,53	2,43
18,55	2,44
18,58	2,45
18,60	2,46
18,63	2,44
18,65	2,45
18,68	2,43
18,70	2,45
18,73	2,44
18,75	2,42
18,77	2,42
18,80	2,41
18,82	2,41
18,85	2,42
18,87	2,39
18,90	2,39
18,92	2,38
18,94	2,36
18,97	2,38
18,99	2,36
19,02	2,35
19,04	2,35
19,07	2,34
19,09	2,33
19,12	2,34
19,14	2,32
19,16	2,33
19,19	2,31
19,21	2,31
19,24	2,30
19,26	2,31
19,29	2,29
19,31	2,32
19,34	2,29
19,36	2,30
19,38	2,28
19,41	2,29
19,43	2,29
19,46	2,30
19,48	2,25
19,51	2,27
19,53	2,23
19,56	2,23
19,58	2,21
19,60	2,22
19,63	2,19
19,65	2,20
19,68	2,17
19,70	2,20
19,73	2,18
19,75	2,20
19,78	2,19
19,80	2,21
19,82	2,19
19,85	2,21
19,87	2,18
19,90	2,20
19,92	2,19
19,95	2,19
19,97	2,19
19,99	2,20
20,02	2,18
20,04	2,23
20,07	2,22
20,09	2,23
20,12	2,22
20,14	2,23
20,17	2,23
20,19	2,25
20,21	2,22
20,24	2,23
20,26	2,21
20,29	2,22
20,31	2,22
20,34	2,22
20,36	2,23
20,39	2,25
20,41	2,24
20,43	2,27
20,46	2,27
20,48	2,27
20,51	2,29
20,53	2,30
20,56	2,31
20,58	2,31
20,61	2,32
20,63	2,32
20,65	2,36
20,68	2,35
20,70	2,37
20,73	2,37
20,75	2,38
20,78	2,42
20,80	2,44
20,83	2,45
20,85	2,48
20,87	2,47
20,90	2,52
20,92	2,53
20,95	2,54
20,97	2,55
21,00	2,56
21,02	2,57
21,05	2,60
21,07	2,58
21,09	2,62
21,12	2,62
21,14	2,65
21,17	2,67
21,19	2,71
21,22	2,72
21,24	2,79
21,26	2,80
21,29	2,85
21,31	2,86
21,34	2,90
21,36	2,91
21,39	2,96
21,41	2,94
21,44	2,99
21,46	2,99
21,48	3,03
21,51	3,07
21,53	3,12
21,56	3,14
21,58	3,19
21,61	3,19
21,63	3,26
21,66	3,27
21,68	3,30
21,70	3,31
21,73	3,33
21,75	3,35
21,78	3,41
21,80	3,42
21,83	3,47
21,85	3,47
21,88	3,51
21,90	3,56
21,92	3,60
21,95	3,61
21,97	3,67
22,00	3,69
22,02	3,72
22,05	3,76
22,07	3,79
22,10	3,81
22,12	3,85
22,14	3,84
22,17	3,87
22,19	3,90
22,22	3,92
22,24	3,96
22,27	3,97
22,29	3,99
22,31	4,01
22,34	4,04
22,36	4,07
22,39	4,09
22,41	4,08
22,44	4,09
22,46	4,09
22,49	4,12
22,51	4,11
22,53	4,12
22,56	4,12
22,58	4,14
22,61	4,16
22,63	4,20
22,66	4,20
22,68	4,22
22,71	4,23
22,73	4,25
22,75	4,24
22,78	4,26
22,80	4,24
22,83	4,25
22,85	4,24
22,88	4,23
22,90	4,21
22,93	4,22
22,95	4,20
22,97	4,24
23,00	4,21
23,02	4,23
23,05	4,21
23,07	4,23
23,10	4,23
23,12	4,24
23,15	4,18
23,17	4,20
23,19	4,14
23,22	4,14
23,24	4,10
23,27	4,09
23,29	4,06
23,32	4,05
23,34	4,02
23,36	4,05
23,39	4,00
23,41	4,00
23,44	3,99
23,46	3,98
23,49	3,95
23,51	3,94
23,54	3,90
23,56	3,90
23,58	3,88
23,61	3,85
23,63	3,82
23,66	3,79
23,68	3,76
23,71	3,75
23,73	3,73
23,76	3,71
23,78	3,69
23,80	3,66
23,83	3,67
23,85	3,65
23,88	3,64
23,90	3,62
23,93	3,57
23,95	3,54
23,98	3,52
24,00	3,48
24,02	3,47
24,05	3,44
24,07	3,42
24,10	3,42
24,12	3,42
24,15	3,40
24,17	3,43
24,20	3,40
24,22	3,40
24,24	3,38
24,27	3,37
24,29	3,34
24,32	3,35
24,34	3,29
24,37	3,30
24,39	3,25
24,42	3,25
24,44	3,23
24,46	3,23
24,49	3,21
24,51	3,23
24,54	3,19
24,56	3,24
24,59	3,21
24,61	3,22
24,63	3,20
24,66	3,18
24,68	3,16
24,71	3,18
24,73	3,14
24,76	3,17
24,78	3,14
24,81	3,16
24,83	3,17
24,85	3,19
24,88	3,18
24,90	3,22
24,93	3,21
24,95	3,24
24,98	3,23
25,00	3,26
25,03	3,25
25,05	3,28
25,07	3,27
25,10	3,30
25,12	3,30
25,15	3,33
25,17	3,34
25,20	3,37
25,22	3,37
25,25	3,40
25,27	3,40
25,29	3,47
25,32	3,48
25,34	3,50
25,37	3,52
25,39	3,54
25,42	3,56
25,44	3,60
25,47	3,59
25,49	3,62
25,51	3,63
25,54	3,65
25,56	3,70
25,59	3,74
25,61	3,77
25,64	3,79
25,66	3,83
25,68	3,87
25,71	3,92
25,73	3,95
25,76	3,99
25,78	4,02
25,81	4,06
25,83	4,10
25,86	4,14
25,88	4,16
25,90	4,22
25,93	4,24
25,95	4,31
25,98	4,35
26,00	4,41
26,03	4,49
26,05	4,55
26,08	4,59
26,10	4,67
26,12	4,68
26,15	4,74
26,17	4,77
26,20	4,82
26,22	4,84
26,25	4,89
26,27	4,92
26,30	5,03
26,32	5,08
26,34	5,15
26,37	5,19
26,39	5,27
26,42	5,32
26,44	5,40
26,47	5,42
26,49	5,49
26,52	5,52
26,54	5,59
26,56	5,65
26,59	5,71
26,61	5,74
26,64	5,82
26,66	5,86
26,69	5,94
26,71	5,99
26,73	6,04
26,76	6,12
26,78	6,18
26,81	6,22
26,83	6,28
26,86	6,28
26,88	6,33
26,91	6,36
26,93	6,39
26,95	6,43
26,98	6,47
27,00	6,51
27,03	6,58
27,05	6,61
27,08	6,65
27,10	6,70
27,13	6,73
27,15	6,77
27,17	6,79
27,20	6,81
27,22	6,83
27,25	6,86
27,27	6,88
27,30	6,90
27,32	6,89
27,35	6,91
27,37	6,91
27,39	6,93
27,42	6,93
27,44	6,94
27,47	6,92
27,49	6,97
27,52	6,95
27,54	6,96
27,57	6,95
27,59	6,93
27,61	6,90
27,64	6,91
27,66	6,86
27,69	6,86
27,71	6,82
27,74	6,81
27,76	6,79
27,78	6,77
27,81	6,73
27,83	6,73
27,86	6,68
27,88	6,69
27,91	6,63
27,93	6,61
27,96	6,56
27,98	6,55
28,00	6,48
28,03	6,47
28,05	6,39
28,08	6,36
28,10	6,30
28,13	6,28
28,15	6,21
28,18	6,19
28,20	6,10
28,22	6,13
28,25	6,06
28,27	6,04
28,30	5,97
28,32	5,95
28,35	5,89
28,37	5,87
28,40	5,78
28,42	5,76
28,44	5,67
28,47	5,64
28,49	5,59
28,52	5,55
28,54	5,49
28,57	5,46
28,59	5,40
28,62	5,40
28,64	5,35
28,66	5,32
28,69	5,27
28,71	5,24
28,74	5,18
28,76	5,16
28,79	5,07
28,81	5,04
28,84	5,00
28,86	4,96
28,88	4,94
28,91	4,91
28,93	4,87
28,96	4,90
28,98	4,88
29,01	4,85
29,03	4,82
29,05	4,78
29,08	4,76
29,10	4,72
29,13	4,69
29,15	4,67
29,18	4,64
29,20	4,61
29,23	4,62
29,25	4,60
29,27	4,61
29,30	4,59
29,32	4,59
29,35	4,59
29,37	4,60
29,40	4,58
29,42	4,59
29,45	4,57
29,47	4,58
29,49	4,58
29,52	4,58
29,54	4,57
29,57	4,60
29,59	4,58
29,62	4,63
29,64	4,62
29,67	4,64
29,69	4,66
29,71	4,68
29,74	4,67
29,76	4,72
29,79	4,71
29,81	4,75
29,84	4,75
29,86	4,78
29,89	4,81
29,91	4,85
29,93	4,86
29,96	4,92
29,98	4,93
30,01	4,98
30,03	5,00
30,06	5,04
30,08	5,08
30,10	5,13
30,13	5,15
30,15	5,21
30,18	5,24
30,20	5,30
30,23	5,36
30,25	5,40
30,28	5,45
30,30	5,49
30,32	5,53
30,35	5,60
30,37	5,64
30,40	5,67
30,42	5,74
30,45	5,79
30,47	5,86
30,50	5,94
30,52	6,00
30,54	6,06
30,57	6,14
30,59	6,21
30,62	6,30
30,64	6,36
30,67	6,43
30,69	6,49
30,72	6,56
30,74	6,62
30,76	6,71
30,79	6,77
30,81	6,86
30,84	6,92
30,86	7,01
30,89	7,09
30,91	7,19
30,94	7,25
30,96	7,38
30,98	7,45
31,01	7,55
31,03	7,62
31,06	7,73
31,08	7,80
31,11	7,90
31,13	7,94
31,15	8,05
31,18	8,11
31,20	8,22
31,23	8,30
31,25	8,39
31,28	8,48
31,30	8,60
31,33	8,68
31,35	8,78
31,37	8,84
31,40	8,94
31,42	9,03
31,45	9,13
31,47	9,19
31,50	9,29
31,52	9,36
31,55	9,48
31,57	9,56
31,59	9,66
31,62	9,74
31,64	9,83
31,67	9,90
31,69	10,01
31,72	10,07
31,74	10,14
31,77	10,18
31,79	10,24
31,81	10,30
31,84	10,36
31,86	10,38
31,89	10,46
31,91	10,51
31,94	10,56
31,96	10,60
31,99	10,64
32,01	10,67
32,03	10,71
32,06	10,73
32,08	10,75
32,11	10,74
32,13	10,76
32,16	10,78
32,18	10,80
32,20	10,81
32,23	10,81
32,25	10,82
32,28	10,83
32,30	10,84
32,33	10,81
32,35	10,78
32,38	10,75
32,40	10,73
32,42	10,71
32,45	10,70
32,47	10,66
32,50	10,64
32,52	10,60
32,55	10,58
32,57	10,52
32,60	10,47
32,62	10,40
32,64	10,35
32,67	10,26
32,69	10,21
32,72	10,11
32,74	10,07
32,77	10,00
32,79	9,95
32,82	9,88
32,84	9,81
32,86	9,71
32,89	9,69
32,91	9,59
32,94	9,53
32,96	9,43
32,99	9,35
33,01	9,26
33,04	9,21
33,06	9,07
33,08	9,01
33,11	8,90
33,13	8,85
33,16	8,77
33,18	8,73
33,21	8,61
33,23	8,56
33,26	8,46
33,28	8,41
33,30	8,30
33,33	8,20
33,35	8,10
33,38	8,03
33,40	7,94
33,43	7,87
33,45	7,77
33,47	7,72
33,50	7,63
33,52	7,58
33,55	7,51
33,57	7,47
33,60	7,40
33,62	7,36
33,65	7,29
33,67	7,24
33,69	7,18
33,72	7,13
33,74	7,07
33,77	7,03
33,79	6,95
33,82	6,93
33,84	6,89
33,87	6,85
33,89	6,84
33,91	6,80
33,94	6,78
33,96	6,75
33,99	6,72
34,01	6,71
34,04	6,69
34,06	6,64
34,09	6,60
34,11	6,56
34,13	6,56
34,16	6,54
34,18	6,52
34,21	6,50
34,23	6,50
34,26	6,51
34,28	6,54
34,31	6,54
34,33	6,56
34,35	6,59
34,38	6,62
34,40	6,62
34,43	6,67
34,45	6,67
34,48	6,71
34,50	6,71
34,52	6,73
34,55	6,74
34,57	6,78
34,60	6,79
34,62	6,86
34,65	6,89
34,67	6,95
34,70	6,98
34,72	7,04
34,74	7,10
34,77	7,17
34,79	7,19
34,82	7,26
34,84	7,28
34,87	7,34
34,89	7,40
34,92	7,45
34,94	7,50
34,96	7,58
34,99	7,63
35,01	7,73
35,04	7,79
35,06	7,88
35,09	7,97
35,11	8,06
35,14	8,14
35,16	8,23
35,18	8,29
35,21	8,39
35,23	8,47
35,26	8,53
35,28	8,62
35,31	8,70
35,33	8,78
35,36	8,91
35,38	9,02
35,40	9,12
35,43	9,22
35,45	9,30
35,48	9,43
35,50	9,54
35,53	9,63
35,55	9,72
35,57	9,82
35,60	9,90
35,62	10,01
35,65	10,09
35,67	10,21
35,70	10,29
35,72	10,42
35,75	10,54
35,77	10,65
35,79	10,76
35,82	10,94
35,84	11,05
35,87	11,20
35,89	11,28
35,92	11,41
35,94	11,52
35,97	11,67
35,99	11,74
36,01	11,88
36,04	11,96
36,06	12,13
36,09	12,27
36,11	12,42
36,14	12,53
36,16	12,68
36,19	12,79
36,21	12,97
36,23	13,07
36,26	13,17
36,28	13,27
36,31	13,38
36,33	13,47
36,36	13,58
36,38	13,66
36,41	13,79
36,43	13,88
36,45	14,01
36,48	14,14
36,50	14,26
36,53	14,36
36,55	14,50
36,58	14,58
36,60	14,69
36,62	14,76
36,65	14,84
36,67	14,90
36,70	15,00
36,72	15,02
36,75	15,10
36,77	15,15
36,80	15,22
36,82	15,29
36,84	15,35
36,87	15,37
36,89	15,43
36,92	15,45
36,94	15,52
36,97	15,54
36,99	15,54
37,02	15,55
37,04	15,54
37,06	15,53
37,09	15,52
37,11	15,47
37,14	15,45
37,16	15,42
37,19	15,39
37,21	15,38
37,24	15,35
37,26	15,31
37,28	15,29
37,31	15,25
37,33	15,20
37,36	15,16
37,38	15,09
37,41	15,02
37,43	14,94
37,46	14,84
37,48	14,76
37,50	14,68
37,53	14,58
37,55	14,49
37,58	14,39
37,60	14,30
37,63	14,21
37,65	14,12
37,68	14,04
37,70	13,95
37,72	13,83
37,75	13,73
37,77	13,59
37,80	13,49
37,82	13,35
37,85	13,22
37,87	13,08
37,89	12,96
37,92	12,82
37,94	12,75
37,97	12,59
37,99	12,49
38,02	12,36
38,04	12,26
38,07	12,13
38,09	12,03
38,11	11,88
38,14	11,78
38,16	11,63
38,19	11,51
38,21	11,37
38,24	11,26
38,26	11,11
38,29	11,02
38,31	10,88
38,33	10,81
38,36	10,69
38,38	10,60
38,41	10,52
38,43	10,45
38,46	10,35
38,48	10,29
38,51	10,17
38,53	10,10
38,55	10,00
38,58	9,91
38,60	9,83
38,63	9,75
38,65	9,67
38,68	9,63
38,70	9,56
38,73	9,52
38,75	9,50
38,77	9,46
38,80	9,43
38,82	9,40
38,85	9,36
38,87	9,32
38,90	9,30
38,92	9,24
38,94	9,23
38,97	9,18
38,99	9,16
39,02	9,15
39,04	9,16
39,07	9,14
39,09	9,16
39,12	9,14
39,14	9,20
39,16	9,20
39,19	9,22
39,21	9,23
39,24	9,25
39,26	9,25
39,29	9,29
39,31	9,29
39,34	9,36
39,36	9,38
39,38	9,42
39,41	9,47
39,43	9,52
39,46	9,55
39,48	9,63
39,51	9,66
39,53	9,74
39,56	9,80
39,58	9,88
39,60	9,94
39,63	10,05
39,65	10,10
39,68	10,21
39,70	10,26
39,73	10,34
39,75	10,41
39,78	10,51
39,80	10,58
39,82	10,68
39,85	10,75
39,87	10,89
39,90	10,99
39,92	11,11
39,95	11,22
39,97	11,32
39,99	11,42
40,02	11,55
40,04	11,65
40,07	11,76
40,09	11,84
40,12	11,95
40,14	12,08
40,17	12,20
40,19	12,32
40,21	12,45
40,24	12,57
40,26	12,73
40,29	12,88
40,31	13,01
40,34	13,16
40,36	13,30
40,39	13,44
40,41	13,60
40,43	13,73
40,46	13,85
40,48	14,01
40,51	14,13
40,53	14,27
40,56	14,41
40,58	14,57
40,61	14,76
40,63	14,94
40,65	15,08
40,68	15,26
40,70	15,40
40,73	15,59
40,75	15,74
40,78	15,89
40,80	16,02
40,83	16,17
40,85	16,30
40,87	16,50
40,90	16,63
40,92	16,80
40,95	16,94
40,97	17,14
41,00	17,32
41,02	17,53
41,05	17,67
41,07	17,86
41,09	18,01
41,12	18,18
41,14	18,31
41,17	18,44
41,19	18,55
41,22	18,71
41,24	18,83
41,26	18,99
41,29	19,13
41,31	19,27
41,34	19,43
41,36	19,59
41,39	19,71
41,41	19,86
41,44	19,95
41,46	20,08
41,48	20,18
41,51	20,27
41,53	20,37
41,56	20,47
41,58	20,54
41,61	20,66
41,63	20,71
41,66	20,82
41,68	20,89
41,70	20,96
41,73	21,02
41,75	21,08
41,78	21,10
41,80	21,17
41,83	21,19
41,85	21,23
41,88	21,27
41,90	21,27
41,92	21,27
41,95	21,30
41,97	21,28
42,00	21,30
42,02	21,28
42,05	21,24
42,07	21,25
42,10	21,21
42,12	21,16
42,14	21,11
42,17	21,03
42,19	20,96
42,22	20,91
42,24	20,81
42,27	20,75
42,29	20,67
42,31	20,58
42,34	20,50
42,36	20,40
42,39	20,29
42,41	20,19
42,44	20,07
42,46	19,95
42,49	19,82
42,51	19,71
42,53	19,58
42,56	19,46
42,58	19,32
42,61	19,20
42,63	19,05
42,66	18,93
42,68	18,77
42,71	18,63
42,73	18,48
42,75	18,34
42,78	18,14
42,80	18,02
42,83	17,83
42,85	17,67
42,88	17,53
42,90	17,39
42,93	17,22
42,95	17,09
42,97	16,91
43,00	16,81
43,02	16,63
43,05	16,46
43,07	16,28
43,10	16,13
43,12	15,94
43,15	15,82
43,17	15,63
43,19	15,51
43,22	15,35
43,24	15,24
43,27	15,10
43,29	15,01
43,32	14,84
43,34	14,73
43,36	14,59
43,39	14,48
43,41	14,33
43,44	14,22
43,46	14,09
43,49	14,01
43,51	13,89
43,54	13,82
43,56	13,72
43,58	13,65
43,61	13,57
43,63	13,50
43,66	13,43
43,68	13,39
43,71	13,32
43,73	13,26
43,76	13,19
43,78	13,15
43,80	13,12
43,83	13,08
43,85	13,04
43,88	13,00
43,90	12,97
43,93	12,97
43,95	12,97
43,98	12,95
44,00	12,96
44,02	12,95
44,05	12,98
44,07	13,00
44,10	13,02
44,12	13,03
44,15	13,08
44,17	13,09
44,20	13,15
44,22	13,19
44,24	13,24
44,27	13,28
44,29	13,32
44,32	13,35
44,34	13,42
44,37	13,46
44,39	13,54
44,41	13,58
44,44	13,67
44,46	13,76
44,49	13,86
44,51	13,93
44,54	14,06
44,56	14,14
44,59	14,25
44,61	14,34
44,63	14,45
44,66	14,55
44,68	14,66
44,71	14,74
44,73	14,87
44,76	14,98
44,78	15,12
44,81	15,26
44,83	15,40
44,85	15,54
44,88	15,71
44,90	15,85
44,93	16,02
44,95	16,15
44,98	16,27
45,00	16,42
45,03	16,58
45,05	16,70
45,07	16,85
45,10	16,98
45,12	17,16
45,15	17,32
45,17	17,49
45,20	17,66
45,22	17,83
45,25	18,01
45,27	18,22
45,29	18,41
45,32	18,56
45,34	18,73
45,37	18,90
45,39	19,09
45,42	19,26
45,44	19,41
45,47	19,58
45,49	19,79
45,51	19,99
45,54	20,21
45,56	20,39
45,59	20,59
45,61	20,78
45,64	21,00
45,66	21,20
45,68	21,39
45,71	21,53
45,73	21,71
45,76	21,88
45,78	22,09
45,81	22,26
45,83	22,47
45,86	22,66
45,88	22,90
45,90	23,09
45,93	23,35
45,95	23,50
45,98	23,72
46,00	23,89
46,03	24,07
46,05	24,23
46,08	24,44
46,10	24,57
46,12	24,77
46,15	24,91
46,17	25,11
46,20	25,27
46,22	25,46
46,25	25,60
46,27	25,83
46,30	25,99
46,32	26,17
46,34	26,30
46,37	26,47
46,39	26,60
46,42	26,75
46,44	26,82
46,47	26,96
46,49	27,05
46,52	27,18
46,54	27,28
46,56	27,39
46,59	27,47
46,61	27,58
46,64	27,66
46,66	27,76
46,69	27,80
46,71	27,89
46,73	27,96
46,76	28,03
46,78	28,07
46,81	28,12
46,83	28,13
46,86	28,19
46,88	28,20
46,91	28,21
46,93	28,21
46,95	28,21
46,98	28,18
47,00	28,20
47,03	28,16
47,05	28,16
47,08	28,12
47,10	28,09
47,13	28,05
47,15	28,00
47,17	27,92
47,20	27,88
47,22	27,76
47,25	27,68
47,27	27,57
47,30	27,46
47,32	27,35
47,35	27,22
47,37	27,09
47,39	26,99
47,42	26,87
47,44	26,75
47,47	26,66
47,49	26,53
47,52	26,41
47,54	26,28
47,57	26,13
47,59	25,97
47,61	25,81
47,64	25,61
47,66	25,44
47,69	25,26
47,71	25,07
47,74	24,88
47,76	24,72
47,78	24,55
47,81	24,39
47,83	24,20
47,86	24,05
47,88	23,86
47,91	23,69
47,93	23,49
47,96	23,30
47,98	23,07
48,00	22,88
48,03	22,64
48,05	22,46
48,08	22,24
48,10	22,07
48,13	21,88
48,15	21,71
48,18	21,52
48,20	21,40
48,22	21,22
48,25	21,08
48,27	20,88
48,30	20,74
48,32	20,56
48,35	20,43
48,37	20,23
48,40	20,09
48,42	19,91
48,44	19,80
48,47	19,66
48,49	19,55
48,52	19,41
48,54	19,32
48,57	19,21
48,59	19,15
48,62	19,04
48,64	18,94
48,66	18,86
48,69	18,79
48,71	18,70
48,74	18,64
48,76	18,56
48,79	18,50
48,81	18,44
48,84	18,41
48,86	18,37
48,88	18,36
48,91	18,32
48,93	18,32
48,96	18,29
48,98	18,29
49,01	18,27
49,03	18,30
49,05	18,32
49,08	18,36
49,10	18,37
49,13	18,44
49,15	18,47
49,18	18,53
49,20	18,60
49,23	18,64
49,25	18,70
49,27	18,76
49,30	18,80
49,32	18,90
49,35	18,98
49,37	19,05
49,40	19,15
49,42	19,22
49,45	19,33
49,47	19,45
49,49	19,56
49,52	19,68
49,54	19,79
49,57	19,88
49,59	20,03
49,62	20,15
49,64	20,29
49,67	20,41
49,69	20,57
49,71	20,70
49,74	20,87
49,76	21,01
49,79	21,22
49,81	21,38
49,84	21,54
49,86	21,66
49,89	21,85
49,91	22,01
49,93	22,19
49,96	22,31
49,98	22,50
50,01	22,68
50,03	22,90
50,06	23,08
50,08	23,29
50,10	23,49
50,13	23,72
50,15	23,92
50,18	24,16
50,20	24,34
50,23	24,53
50,25	24,72
50,28	24,91
50,30	25,08
50,32	25,30
50,35	25,50
50,37	25,73
50,40	25,96
50,42	26,19
50,45	26,45
50,47	26,69
50,50	26,91
50,52	27,18
50,54	27,37
50,57	27,60
50,59	27,83
50,62	28,04
50,64	28,27
50,67	28,50
50,69	28,69
50,72	28,96
50,74	29,21
50,76	29,46
50,79	29,73
50,81	29,98
50,84	30,23
50,86	30,46
50,89	30,67
50,91	30,88
50,94	31,08
50,96	31,26
50,98	31,47
51,01	31,64
51,03	31,86
51,06	32,09
51,08	32,32
51,11	32,53
51,13	32,75
51,15	32,93
51,18	33,18
51,20	33,37
51,23	33,56
51,25	33,74
51,28	33,94
51,30	34,09
51,33	34,29
51,35	34,41
51,37	34,59
51,40	34,73
51,42	34,88
51,45	35,02
51,47	35,20
51,50	35,32
51,52	35,50
51,55	35,61
51,57	35,75
51,59	35,85
51,62	35,94
51,64	36,00
51,67	36,07
51,69	36,09
51,72	36,16
51,74	36,20
51,77	36,27
51,79	36,33
51,81	36,41
51,84	36,45
51,86	36,54
51,89	36,54
51,91	36,59
51,94	36,59
51,96	36,63
51,99	36,60
52,01	36,62
52,03	36,57
52,06	36,57
52,08	36,51
52,11	36,51
52,13	36,42
52,16	36,38
52,18	36,31
52,20	36,26
52,23	36,17
52,25	36,14
52,28	36,05
52,30	36,00
52,33	35,93
52,35	35,86
52,38	35,75
52,40	35,67
52,42	35,52
52,45	35,40
52,47	35,22
52,50	35,06
52,52	34,89
52,55	34,74
52,57	34,57
52,60	34,41
52,62	34,23
52,64	34,11
52,67	33,94
52,69	33,79
52,72	33,62
52,74	33,45
52,77	33,27
52,79	33,10
52,82	32,89
52,84	32,71
52,86	32,49
52,89	32,26
52,91	32,04
52,94	31,82
52,96	31,58
52,99	31,41
53,01	31,22
53,04	31,04
53,06	30,85
53,08	30,65
53,11	30,46
53,13	30,27
53,16	30,03
53,18	29,82
53,21	29,60
53,23	29,39
53,26	29,21
53,28	29,00
53,30	28,82
53,33	28,64
53,35	28,45
53,38	28,31
53,40	28,16
53,43	27,98
53,45	27,85
53,47	27,70
53,50	27,56
53,52	27,42
53,55	27,26
53,57	27,12
53,60	27,02
53,62	26,87
53,65	26,78
53,67	26,64
53,69	26,55
53,72	26,49
53,74	26,42
53,77	26,34
53,79	26,31
53,82	26,22
53,84	26,20
53,87	26,13
53,89	26,07
53,91	26,01
53,94	25,99
53,96	25,93
53,99	25,94
54,01	25,92
54,04	25,93
54,06	25,93
54,09	25,96
54,11	25,97
54,13	26,03
54,16	26,04
54,18	26,11
54,21	26,15
54,23	26,21
54,26	26,27
54,28	26,35
54,31	26,42
54,33	26,52
54,35	26,58
54,38	26,67
54,40	26,74
54,43	26,84
54,45	26,96
54,48	27,06
54,50	27,16
54,52	27,28
54,55	27,43
54,57	27,62
54,60	27,80
54,62	27,91
54,65	28,08
54,67	28,24
54,70	28,44
54,72	28,57
54,74	28,73
54,77	28,85
54,79	29,02
54,82	29,18
54,84	29,38
54,87	29,52
54,89	29,75
54,92	29,95
54,94	30,18
54,96	30,42
54,99	30,66
55,01	30,85
55,04	31,12
55,06	31,34
55,09	31,56
55,11	31,74
55,14	31,96
55,16	32,14
55,18	32,42
55,21	32,61
55,23	32,85
55,26	33,07
55,28	33,36
55,31	33,63
55,33	33,89
55,36	34,12
55,38	34,42
55,40	34,66
55,43	34,91
55,45	35,13
55,48	35,35
55,50	35,59
55,53	35,81
55,55	36,02
55,57	36,27
55,60	36,53
55,62	36,81
55,65	37,11
55,67	37,41
55,70	37,71
55,72	38,00
55,75	38,28
55,77	38,53
55,79	38,76
55,82	38,99
55,84	39,22
55,87	39,46
55,89	39,68
55,92	39,92
55,94	40,17
55,97	40,43
55,99	40,70
56,01	40,96
56,04	41,22
56,06	41,47
56,09	41,70
56,11	41,96
56,14	42,14
56,16	42,37
56,19	42,58
56,21	42,76
56,23	42,98
56,26	43,20
56,28	43,37
56,31	43,63
56,33	43,85
56,36	44,04
56,38	44,27
56,41	44,44
56,43	44,64
56,45	44,85
56,48	45,02
56,50	45,15
56,53	45,29
56,55	45,39
56,58	45,56
56,60	45,66
56,62	45,79
56,65	45,92
56,67	46,06
56,70	46,20
56,72	46,36
56,75	46,45
56,77	46,57
56,80	46,66
56,82	46,76
56,84	46,83
56,87	46,90
56,89	46,94
56,92	47,00
56,94	47,01
56,97	47,07
56,99	47,07
57,02	47,10
57,04	47,11
57,06	47,17
57,09	47,17
57,11	47,26
57,14	47,23
57,16	47,28
57,19	47,27
57,21	47,25
57,24	47,20
57,26	47,18
57,28	47,08
57,31	47,07
57,33	46,97
57,36	46,96
57,38	46,90
57,41	46,86
57,43	46,76
57,46	46,68
57,48	46,55
57,50	46,48
57,53	46,33
57,55	46,22
57,58	46,04
57,60	45,91
57,63	45,77
57,65	45,66
57,68	45,48
57,70	45,32
57,72	45,14
57,75	45,01
57,77	44,85
57,80	44,65
57,82	44,43
57,85	44,26
57,87	44,09
57,89	43,91
57,92	43,70
57,94	43,52
57,97	43,34
57,99	43,15
58,02	42,92
58,04	42,72
58,07	42,49
58,09	42,28
58,11	42,06
58,14	41,84
58,16	41,61
58,19	41,39
58,21	41,18
58,24	41,03
58,26	40,82
58,29	40,62
58,31	40,44
58,33	40,22
58,36	40,02
58,38	39,81
58,41	39,59
58,43	39,41
58,46	39,21
58,48	39,00
58,51	38,88
58,53	38,73
58,55	38,56
58,58	38,41
58,60	38,24
58,63	38,09
58,65	37,98
58,68	37,85
58,70	37,74
58,73	37,63
58,75	37,52
58,77	37,42
58,80	37,31
58,82	37,20
58,85	37,10
58,87	36,99
58,90	36,92
58,92	36,84
58,94	36,80
58,97	36,79
58,99	36,77
59,02	36,71
59,04	36,70
59,07	36,66
59,09	36,67
59,12	36,67
59,14	36,66
59,16	36,67
59,19	36,71
59,21	36,72
59,24	36,79
59,26	36,80
59,29	36,84
59,31	36,90
59,34	36,97
59,36	37,05
59,38	37,15
59,41	37,22
59,43	37,33
59,46	37,43
59,48	37,51
59,51	37,62
59,53	37,72
59,56	37,85
59,58	38,00
59,60	38,11
59,63	38,26
59,65	38,43
59,68	38,56
59,70	38,74
59,73	38,88
59,75	39,03
59,78	39,24
59,80	39,42
59,82	39,60
59,85	39,83
59,87	40,02
59,90	40,24
59,92	40,43
59,95	40,57
59,97	40,69
59,99	40,79
