U1/V	IA/nA
0,02	0,45
0,04	0,44
0,07	0,46
0,09	0,46
0,12	0,48
0,14	0,45
0,17	0,46
0,19	0,46
0,21	0,47
0,24	0,44
0,26	0,47
0,29	0,44
0,31	0,47
0,34	0,45
0,36	0,46
0,39	0,47
0,41	0,49
0,43	0,47
0,46	0,50
0,48	0,46
0,51	0,48
0,53	0,47
0,56	0,47
0,58	0,46
0,61	0,46
0,63	0,44
0,65	0,48
0,68	0,46
0,70	0,46
0,73	0,45
0,75	0,45
0,78	0,46
0,80	0,46
0,83	0,44
0,85	0,46
0,87	0,46
0,90	0,46
0,92	0,47
0,95	0,45
0,97	0,44
1,00	0,45
1,02	0,45
1,05	0,46
1,07	0,46
1,09	0,44
1,12	0,49
1,14	0,48
1,17	0,49
1,19	0,50
1,22	0,48
1,24	0,47
1,26	0,47
1,29	0,44
1,31	0,45
1,34	0,42
1,36	0,43
1,39	0,44
1,41	0,45
1,44	0,45
1,46	0,47
1,48	0,46
1,51	0,49
1,53	0,48
1,56	0,48
1,58	0,47
1,61	0,48
1,63	0,46
1,66	0,49
1,68	0,44
1,70	0,45
1,73	0,44
1,75	0,46
1,78	0,45
1,80	0,48
1,83	0,44
1,85	0,50
1,88	0,47
1,90	0,49
1,92	0,48
1,95	0,49
1,97	0,47
2,00	0,50
2,02	0,46
2,05	0,50
2,07	0,46
2,10	0,48
2,12	0,46
2,14	0,49
2,17	0,47
2,19	0,49
2,22	0,46
2,24	0,49
2,27	0,47
2,29	0,48
2,31	0,46
2,34	0,48
2,36	0,45
2,39	0,48
2,41	0,45
2,44	0,47
2,46	0,45
2,49	0,46
2,51	0,45
2,53	0,47
2,56	0,46
2,58	0,50
2,61	0,51
2,63	0,52
2,66	0,51
2,68	0,51
2,71	0,52
2,73	0,52
2,75	0,50
2,78	0,47
2,80	0,45
2,83	0,45
2,85	0,47
2,88	0,46
2,90	0,46
2,93	0,46
2,95	0,46
2,97	0,46
3,00	0,47
3,02	0,45
3,05	0,46
3,07	0,44
3,10	0,45
3,12	0,46
3,15	0,47
3,17	0,46
3,19	0,48
3,22	0,46
3,24	0,49
3,27	0,47
3,29	0,47
3,32	0,47
3,34	0,48
3,36	0,45
3,39	0,48
3,41	0,44
3,44	0,46
3,46	0,45
3,49	0,47
3,51	0,45
3,54	0,46
3,56	0,44
3,58	0,48
3,61	0,45
3,63	0,46
3,66	0,45
3,68	0,47
3,71	0,47
3,73	0,49
3,76	0,46
3,78	0,48
3,80	0,46
3,83	0,48
3,85	0,48
3,88	0,47
3,90	0,45
3,93	0,48
3,95	0,46
3,98	0,49
4,00	0,47
4,02	0,46
4,05	0,47
4,07	0,48
4,10	0,46
4,12	0,48
4,15	0,47
4,17	0,47
4,20	0,45
4,22	0,45
4,24	0,45
4,27	0,45
4,29	0,45
4,32	0,46
4,34	0,46
4,37	0,47
4,39	0,48
4,42	0,48
4,44	0,50
4,46	0,50
4,49	0,48
4,51	0,48
4,54	0,49
4,56	0,48
4,59	0,50
4,61	0,47
4,63	0,47
4,66	0,47
4,68	0,48
4,71	0,48
4,73	0,50
4,76	0,47
4,78	0,50
4,81	0,48
4,83	0,49
4,85	0,48
4,88	0,48
4,90	0,46
4,93	0,47
4,95	0,45
4,98	0,47
5,00	0,44
5,03	0,44
5,05	0,45
5,07	0,47
5,10	0,45
5,12	0,47
5,15	0,46
5,17	0,49
5,20	0,47
5,22	0,48
5,25	0,46
5,27	0,48
5,29	0,46
5,32	0,49
5,34	0,47
5,37	0,50
5,39	0,48
5,42	0,50
5,44	0,48
5,47	0,51
5,49	0,48
5,51	0,51
5,54	0,48
5,56	0,50
5,59	0,48
5,61	0,49
5,64	0,47
5,66	0,49
5,68	0,47
5,71	0,49
5,73	0,45
5,76	0,45
5,78	0,45
5,81	0,46
5,83	0,45
5,86	0,46
5,88	0,44
5,90	0,47
5,93	0,48
5,95	0,48
5,98	0,47
6,00	0,48
6,03	0,47
6,05	0,49
6,08	0,48
6,10	0,49
6,12	0,49
6,15	0,48
6,17	0,49
6,20	0,50
6,22	0,48
6,25	0,50
6,27	0,50
6,30	0,48
6,32	0,49
6,34	0,48
6,37	0,49
6,39	0,49
6,42	0,49
6,44	0,48
6,47	0,47
6,49	0,46
6,52	0,49
6,54	0,47
6,56	0,48
6,59	0,46
6,61	0,47
6,64	0,47
6,66	0,49
6,69	0,45
6,71	0,49
6,73	0,47
6,76	0,48
6,78	0,49
6,81	0,51
6,83	0,50
6,86	0,52
6,88	0,48
6,91	0,52
6,93	0,50
6,95	0,51
6,98	0,49
7,00	0,50
7,03	0,48
7,05	0,51
7,08	0,48
7,10	0,50
7,13	0,47
7,15	0,49
7,17	0,48
7,20	0,50
7,22	0,47
7,25	0,51
7,27	0,49
7,30	0,51
7,32	0,50
7,35	0,52
7,37	0,52
7,39	0,54
7,42	0,51
7,44	0,53
7,47	0,52
7,49	0,54
7,52	0,55
7,54	0,55
7,57	0,54
7,59	0,55
7,61	0,54
7,64	0,57
7,66	0,55
7,69	0,52
7,71	0,52
7,74	0,51
7,76	0,51
7,78	0,53
7,81	0,51
7,83	0,52
7,86	0,53
7,88	0,52
7,91	0,54
7,93	0,55
7,96	0,55
7,98	0,56
8,00	0,55
8,03	0,55
8,05	0,57
8,08	0,56
8,10	0,56
8,13	0,56
8,15	0,55
8,18	0,56
8,20	0,57
8,22	0,56
8,25	0,60
8,27	0,59
8,30	0,60
8,32	0,60
8,35	0,61
8,37	0,60
8,40	0,61
8,42	0,58
8,44	0,60
8,47	0,58
8,49	0,59
8,52	0,59
8,54	0,60
8,57	0,58
8,59	0,58
8,62	0,56
8,64	0,60
8,66	0,58
8,69	0,59
8,71	0,59
8,74	0,61
8,76	0,60
8,79	0,63
8,81	0,60
8,84	0,63
8,86	0,62
8,88	0,62
8,91	0,61
8,93	0,62
8,96	0,59
8,98	0,63
9,01	0,61
9,03	0,62
9,05	0,61
9,08	0,62
9,10	0,63
9,13	0,65
9,15	0,62
9,18	0,65
9,20	0,62
9,23	0,64
9,25	0,62
9,27	0,62
9,30	0,62
9,32	0,63
9,35	0,61
9,37	0,63
9,40	0,63
9,42	0,64
9,45	0,66
9,47	0,67
9,49	0,67
9,52	0,68
9,54	0,67
9,57	0,67
9,59	0,67
9,62	0,66
9,64	0,67
9,67	0,66
9,69	0,65
9,71	0,68
9,74	0,68
9,76	0,68
9,79	0,69
9,81	0,68
9,84	0,71
9,86	0,71
9,89	0,71
9,91	0,71
9,93	0,70
9,96	0,68
9,98	0,70
10,01	0,67
10,03	0,69
10,06	0,67
10,08	0,67
10,10	0,68
10,13	0,70
10,15	0,68
10,18	0,73
10,20	0,72
10,23	0,74
10,25	0,74
10,28	0,76
10,30	0,75
10,32	0,77
10,35	0,73
10,37	0,76
10,40	0,73
10,42	0,74
10,45	0,74
10,47	0,76
10,50	0,74
10,52	0,77
10,54	0,74
10,57	0,79
10,59	0,78
10,62	0,79
10,64	0,77
10,67	0,78
10,69	0,76
10,72	0,78
10,74	0,74
10,76	0,76
10,79	0,74
10,81	0,75
10,84	0,76
10,86	0,78
10,89	0,78
10,91	0,83
10,94	0,81
10,96	0,83
10,98	0,83
11,01	0,84
11,03	0,83
11,06	0,83
11,08	0,79
11,11	0,81
11,13	0,80
11,15	0,81
11,18	0,81
11,20	0,82
11,23	0,82
11,25	0,84
11,28	0,84
11,30	0,87
11,33	0,86
11,35	0,86
11,37	0,85
11,40	0,84
11,42	0,84
11,45	0,84
11,47	0,84
11,50	0,83
11,52	0,83
11,55	0,83
11,57	0,87
11,59	0,86
11,62	0,88
11,64	0,89
11,67	0,89
11,69	0,89
11,72	0,91
11,74	0,89
11,77	0,92
11,79	0,91
11,81	0,91
11,84	0,90
11,86	0,91
11,89	0,90
11,91	0,92
11,94	0,89
11,96	0,91
11,99	0,89
12,01	0,90
12,03	0,92
12,06	0,94
12,08	0,91
12,11	0,95
12,13	0,91
12,16	0,94
12,18	0,93
12,21	0,94
12,23	0,92
12,25	0,94
12,28	0,92
12,30	0,97
12,33	0,95
12,35	0,97
12,38	0,96
12,40	0,98
12,42	0,98
12,45	1,01
12,47	0,98
12,50	1,01
12,52	1,00
12,55	1,03
12,57	1,01
12,60	1,02
12,62	1,00
12,64	1,02
12,67	1,01
12,69	1,04
12,72	1,04
12,74	1,05
12,77	1,08
12,79	1,09
12,82	1,09
12,84	1,10
12,86	1,07
12,89	1,07
12,91	1,06
12,94	1,05
12,96	1,06
12,99	1,06
13,01	1,06
13,04	1,09
13,06	1,09
13,08	1,10
13,11	1,13
13,13	1,13
13,16	1,15
13,18	1,15
13,21	1,15
13,23	1,15
13,26	1,16
13,28	1,14
13,30	1,17
13,33	1,14
13,35	1,15
13,38	1,15
13,40	1,17
13,43	1,17
13,45	1,19
13,47	1,16
13,50	1,22
13,52	1,20
13,55	1,21
13,57	1,21
13,60	1,20
13,62	1,18
13,65	1,20
13,67	1,17
13,69	1,20
13,72	1,17
13,74	1,18
13,77	1,19
13,79	1,21
13,82	1,20
13,84	1,22
13,87	1,21
13,89	1,24
13,91	1,23
13,94	1,24
13,96	1,23
13,99	1,24
14,01	1,22
14,04	1,25
14,06	1,21
14,09	1,22
14,11	1,21
14,13	1,23
14,16	1,22
14,18	1,24
14,21	1,22
14,23	1,29
14,26	1,28
14,28	1,29
14,31	1,28
14,33	1,27
14,35	1,26
14,38	1,28
14,40	1,23
14,43	1,24
14,45	1,22
14,48	1,23
14,50	1,25
14,52	1,26
14,55	1,26
14,57	1,27
14,60	1,26
14,62	1,28
14,65	1,28
14,67	1,28
14,70	1,27
14,72	1,27
14,74	1,26
14,77	1,28
14,79	1,26
14,82	1,27
14,84	1,28
14,87	1,28
14,89	1,28
14,92	1,29
14,94	1,29
14,96	1,32
14,99	1,32
15,01	1,30
15,04	1,31
15,06	1,30
15,09	1,31
15,11	1,30
15,14	1,29
15,16	1,28
15,18	1,28
15,21	1,27
15,23	1,29
15,26	1,28
15,28	1,29
15,31	1,28
15,33	1,30
15,36	1,31
15,38	1,33
15,40	1,31
15,43	1,33
15,45	1,32
15,48	1,33
15,50	1,33
15,53	1,32
15,55	1,31
15,57	1,33
15,60	1,31
15,62	1,34
15,65	1,33
15,67	1,34
15,70	1,36
15,72	1,38
15,75	1,36
15,77	1,38
15,79	1,35
15,82	1,38
15,84	1,36
15,87	1,36
15,89	1,35
15,92	1,36
15,94	1,35
15,97	1,38
15,99	1,36
16,01	1,37
16,04	1,37
16,06	1,40
16,09	1,40
16,11	1,43
16,14	1,40
16,16	1,43
16,19	1,43
16,21	1,45
16,23	1,45
16,26	1,46
16,28	1,44
16,31	1,47
16,33	1,46
16,36	1,49
16,38	1,48
16,41	1,48
16,43	1,49
16,45	1,50
16,48	1,52
16,50	1,53
16,53	1,53
16,55	1,54
16,58	1,55
16,60	1,56
16,63	1,59
16,65	1,58
16,67	1,59
16,70	1,60
16,72	1,61
16,75	1,61
16,77	1,63
16,80	1,63
16,82	1,66
16,84	1,66
16,87	1,67
16,89	1,69
16,92	1,73
16,94	1,72
16,97	1,76
16,99	1,74
17,02	1,77
17,04	1,77
17,06	1,79
17,09	1,79
17,11	1,82
17,14	1,79
17,16	1,83
17,19	1,82
17,21	1,85
17,24	1,85
17,26	1,87
17,28	1,87
17,31	1,90
17,33	1,89
17,36	1,93
17,38	1,91
17,41	1,94
17,43	1,94
17,46	1,97
17,48	1,96
17,50	2,00
17,53	1,99
17,55	2,04
17,58	2,03
17,60	2,04
17,63	2,04
17,65	2,06
17,68	2,05
17,70	2,09
17,72	2,08
17,75	2,11
17,77	2,11
17,80	2,13
17,82	2,13
17,85	2,15
17,87	2,13
17,89	2,16
17,92	2,15
17,94	2,16
17,97	2,16
17,99	2,16
18,02	2,15
18,04	2,17
18,07	2,16
18,09	2,18
18,11	2,15
18,14	2,16
18,16	2,19
18,19	2,21
18,21	2,21
18,24	2,22
18,26	2,20
18,29	2,24
18,31	2,25
18,33	2,24
18,36	2,25
18,38	2,24
18,41	2,24
18,43	2,26
18,46	2,27
18,48	2,27
18,51	2,28
18,53	2,26
18,55	2,28
18,58	2,27
18,60	2,26
18,63	2,25
18,65	2,25
18,68	2,23
18,70	2,24
18,73	2,21
18,75	2,23
18,77	2,21
18,80	2,22
18,82	2,21
18,85	2,21
18,87	2,19
18,90	2,22
18,92	2,20
18,94	2,22
18,97	2,20
18,99	2,20
19,02	2,19
19,04	2,21
19,07	2,17
19,09	2,19
19,12	2,16
19,14	2,17
19,16	2,17
19,19	2,19
19,21	2,18
19,24	2,20
19,26	2,17
19,29	2,20
19,31	2,17
19,34	2,17
19,36	2,14
19,38	2,13
19,41	2,11
19,43	2,13
19,46	2,09
19,48	2,11
19,51	2,08
19,53	2,09
19,56	2,08
19,58	2,08
19,60	2,06
19,63	2,08
19,65	2,07
19,68	2,09
19,70	2,08
19,73	2,09
19,75	2,10
19,78	2,09
19,80	2,07
19,82	2,08
19,85	2,06
19,87	2,07
19,90	2,08
19,92	2,07
19,95	2,08
19,97	2,08
19,99	2,08
20,02	2,10
20,04	2,10
20,07	2,07
20,09	2,07
20,12	2,06
20,14	2,06
20,17	2,05
20,19	2,04
20,21	2,04
20,24	2,04
20,26	2,04
20,29	2,07
20,31	2,06
20,34	2,06
20,36	2,07
20,39	2,09
20,41	2,09
20,43	2,11
20,46	2,09
20,48	2,11
20,51	2,11
20,53	2,11
20,56	2,11
20,58	2,12
20,61	2,11
20,63	2,17
20,65	2,16
20,68	2,18
20,70	2,18
20,73	2,20
20,75	2,21
20,78	2,24
20,80	2,21
20,83	2,24
20,85	2,22
20,87	2,25
20,90	2,24
20,92	2,26
20,95	2,25
20,97	2,28
21,00	2,27
21,02	2,32
21,05	2,31
21,07	2,35
21,09	2,37
21,12	2,41
21,14	2,42
21,17	2,46
21,19	2,46
21,22	2,49
21,24	2,50
21,26	2,50
21,29	2,51
21,31	2,53
21,34	2,53
21,36	2,60
21,39	2,61
21,41	2,66
21,44	2,68
21,46	2,72
21,48	2,75
21,51	2,79
21,53	2,78
21,56	2,82
21,58	2,82
21,61	2,83
21,63	2,85
21,66	2,86
21,68	2,89
21,70	2,92
21,73	2,94
21,75	2,99
21,78	3,02
21,80	3,04
21,83	3,10
21,85	3,13
21,88	3,17
21,90	3,18
21,92	3,21
21,95	3,23
21,97	3,28
22,00	3,27
22,02	3,30
22,05	3,30
22,07	3,34
22,10	3,37
22,12	3,40
22,14	3,42
22,17	3,45
22,19	3,45
22,22	3,52
22,24	3,53
22,27	3,55
22,29	3,56
22,31	3,58
22,34	3,57
22,36	3,62
22,39	3,60
22,41	3,64
22,44	3,62
22,46	3,65
22,49	3,66
22,51	3,71
22,53	3,70
22,56	3,76
22,58	3,75
22,61	3,79
22,63	3,78
22,66	3,80
22,68	3,79
22,71	3,82
22,73	3,78
22,75	3,82
22,78	3,79
22,80	3,82
22,83	3,83
22,85	3,85
22,88	3,84
22,90	3,86
22,93	3,84
22,95	3,88
22,97	3,86
23,00	3,85
23,02	3,84
23,05	3,83
23,07	3,82
23,10	3,83
23,12	3,80
23,15	3,81
23,17	3,78
23,19	3,78
23,22	3,79
23,24	3,78
23,27	3,75
23,29	3,76
23,32	3,74
23,34	3,74
23,36	3,73
23,39	3,72
23,41	3,71
23,44	3,70
23,46	3,66
23,49	3,65
23,51	3,63
23,54	3,61
23,56	3,60
23,58	3,57
23,61	3,55
23,63	3,54
23,66	3,52
23,68	3,53
23,71	3,52
23,73	3,49
23,76	3,48
23,78	3,43
23,80	3,43
23,83	3,40
23,85	3,37
23,88	3,33
23,90	3,32
23,93	3,29
23,95	3,31
23,98	3,28
24,00	3,28
24,02	3,28
24,05	3,28
24,07	3,26
24,10	3,27
24,12	3,23
24,15	3,23
24,17	3,19
24,20	3,17
24,22	3,14
24,24	3,13
24,27	3,10
24,29	3,10
24,32	3,06
24,34	3,08
24,37	3,05
24,39	3,06
24,42	3,05
24,44	3,06
24,46	3,03
24,49	3,05
24,51	3,01
24,54	3,02
24,56	2,99
24,59	2,98
24,61	2,96
24,63	2,97
24,66	2,95
24,68	2,99
24,71	2,96
24,73	2,98
24,76	2,99
24,78	3,01
24,81	3,00
24,83	3,01
24,85	2,98
24,88	3,00
24,90	2,99
24,93	2,98
24,95	2,98
24,98	2,99
25,00	2,99
25,03	3,00
25,05	3,00
25,07	3,02
25,10	3,03
25,12	3,02
25,15	3,06
25,17	3,07
25,20	3,08
25,22	3,10
25,25	3,09
25,27	3,10
25,29	3,11
25,32	3,10
25,34	3,14
25,37	3,15
25,39	3,18
25,42	3,20
25,44	3,23
25,47	3,24
25,49	3,29
25,51	3,30
25,54	3,35
25,56	3,36
25,59	3,39
25,61	3,41
25,64	3,47
25,66	3,46
25,68	3,51
25,71	3,50
25,73	3,55
25,76	3,58
25,78	3,62
25,81	3,64
25,83	3,69
25,86	3,70
25,88	3,80
25,90	3,81
25,93	3,86
25,95	3,89
25,98	3,91
26,00	3,93
26,03	3,99
26,05	3,98
26,08	4,04
26,10	4,05
26,12	4,11
26,15	4,15
26,17	4,22
26,20	4,25
26,22	4,33
26,25	4,35
26,27	4,43
26,30	4,46
26,32	4,52
26,34	4,56
26,37	4,62
26,39	4,63
26,42	4,72
26,44	4,75
26,47	4,80
26,49	4,84
26,52	4,90
26,54	4,94
26,56	4,99
26,59	5,01
26,61	5,10
26,64	5,15
26,66	5,21
26,69	5,24
26,71	5,27
26,73	5,32
26,76	5,38
26,78	5,39
26,81	5,44
26,83	5,46
26,86	5,50
26,88	5,55
26,91	5,59
26,93	5,63
26,95	5,69
26,98	5,71
27,00	5,77
27,03	5,84
27,05	5,87
27,08	5,92
27,10	5,95
27,13	5,98
27,15	6,01
27,17	6,03
27,20	5,97
27,22	6,01
27,25	6,01
27,27	6,04
27,30	6,05
27,32	6,08
27,35	6,12
27,37	6,21
27,39	6,20
27,42	6,23
27,44	6,20
27,47	6,22
27,49	6,21
27,52	6,20
27,54	6,19
27,57	6,20
27,59	6,17
27,61	6,22
27,64	6,19
27,66	6,20
27,69	6,18
27,71	6,18
27,74	6,16
27,76	6,18
27,78	6,12
27,81	6,13
27,83	6,08
27,86	6,09
27,88	6,07
27,91	6,05
27,93	6,00
27,96	6,00
27,98	5,95
28,00	5,95
28,03	5,91
28,05	5,88
28,08	5,87
28,10	5,85
28,13	5,79
28,15	5,78
28,18	5,70
28,20	5,67
28,22	5,61
28,25	5,57
28,27	5,53
28,30	5,49
28,32	5,43
28,35	5,43
28,37	5,38
28,40	5,36
28,42	5,32
28,44	5,28
28,47	5,25
28,49	5,22
28,52	5,16
28,54	5,13
28,57	5,09
28,59	5,06
28,62	5,03
28,64	4,97
28,66	4,93
28,69	4,90
28,71	4,88
28,74	4,85
28,76	4,82
28,79	4,77
28,81	4,77
28,84	4,73
28,86	4,70
28,88	4,68
28,91	4,64
28,93	4,59
28,96	4,57
28,98	4,51
29,01	4,50
29,03	4,46
29,05	4,43
29,08	4,41
29,10	4,40
29,13	4,36
29,15	4,36
29,18	4,32
29,20	4,33
29,23	4,30
29,25	4,30
29,27	4,26
29,30	4,27
29,32	4,24
29,35	4,27
29,37	4,22
29,40	4,23
29,42	4,21
29,45	4,23
29,47	4,21
29,49	4,23
29,52	4,19
29,54	4,25
29,57	4,22
29,59	4,24
29,62	4,23
29,64	4,24
29,67	4,23
29,69	4,27
29,71	4,24
29,74	4,28
29,76	4,25
29,79	4,27
29,81	4,28
29,84	4,32
29,86	4,31
29,89	4,35
29,91	4,36
29,93	4,42
29,96	4,43
29,98	4,46
30,01	4,47
30,03	4,52
30,06	4,53
30,08	4,59
30,10	4,58
30,13	4,63
30,15	4,67
30,18	4,71
30,20	4,74
30,23	4,79
30,25	4,81
30,28	4,89
30,30	4,92
30,32	4,95
30,35	4,99
30,37	5,02
30,40	5,08
30,42	5,12
30,45	5,17
30,47	5,22
30,50	5,26
30,52	5,31
30,54	5,40
30,57	5,44
30,59	5,51
30,62	5,55
30,64	5,62
30,67	5,69
30,69	5,76
30,72	5,79
30,74	5,87
30,76	5,91
30,79	6,00
30,81	6,06
30,84	6,14
30,86	6,20
30,89	6,30
30,91	6,35
30,94	6,45
30,96	6,51
30,98	6,58
31,01	6,65
31,03	6,73
31,06	6,78
31,08	6,88
31,11	6,92
31,13	7,01
31,15	7,07
31,18	7,16
31,20	7,24
31,23	7,32
31,25	7,39
31,28	7,51
31,30	7,59
31,33	7,69
31,35	7,76
31,37	7,84
31,40	7,93
31,42	8,02
31,45	8,06
31,47	8,15
31,50	8,21
31,52	8,30
31,55	8,38
31,57	8,45
31,59	8,52
31,62	8,61
31,64	8,66
31,67	8,75
31,69	8,82
31,72	8,87
31,74	8,94
31,77	9,00
31,79	9,05
31,81	9,12
31,84	9,15
31,86	9,21
31,89	9,25
31,91	9,31
31,94	9,36
31,96	9,39
31,99	9,42
32,01	9,46
32,03	9,48
32,06	9,49
32,08	9,53
32,11	9,55
32,13	9,59
32,16	9,61
32,18	9,61
32,20	9,62
32,23	9,64
32,25	9,63
32,28	9,66
32,30	9,64
32,33	9,64
32,35	9,65
32,38	9,65
32,40	9,65
32,42	9,65
32,45	9,60
32,47	9,59
32,50	9,55
32,52	9,51
32,55	9,47
32,57	9,45
32,60	9,39
32,62	9,36
32,64	9,29
32,67	9,28
32,69	9,19
32,72	9,15
32,74	9,09
32,77	9,06
32,79	8,99
32,82	8,96
32,84	8,88
32,86	8,88
32,89	8,79
32,91	8,74
32,94	8,65
32,96	8,61
32,99	8,50
33,01	8,47
33,04	8,35
33,06	8,31
33,08	8,20
33,11	8,16
33,13	8,08
33,16	8,04
33,18	7,94
33,21	7,90
33,23	7,81
33,26	7,77
33,28	7,67
33,30	7,61
33,33	7,52
33,35	7,47
33,38	7,37
33,40	7,32
33,43	7,21
33,45	7,16
33,47	7,11
33,50	7,07
33,52	6,98
33,55	6,94
33,57	6,87
33,60	6,85
33,62	6,79
33,65	6,71
33,67	6,65
33,69	6,60
33,72	6,54
33,74	6,52
33,77	6,46
33,79	6,42
33,82	6,39
33,84	6,35
33,87	6,33
33,89	6,29
33,91	6,25
33,94	6,23
33,96	6,18
33,99	6,14
34,01	6,12
34,04	6,09
34,06	6,07
34,09	6,03
34,11	6,02
34,13	6,01
34,16	5,98
34,18	5,95
34,21	5,97
34,23	5,95
34,26	5,97
34,28	5,95
34,31	5,96
34,33	5,97
34,35	6,00
34,38	5,97
34,40	6,00
34,43	5,99
34,45	6,03
34,48	6,05
34,50	6,08
34,52	6,07
34,55	6,11
34,57	6,11
34,60	6,16
34,62	6,16
34,65	6,19
34,67	6,21
34,70	6,26
34,72	6,28
34,74	6,36
34,77	6,38
34,79	6,44
34,82	6,46
34,84	6,52
34,87	6,56
34,89	6,62
34,92	6,65
34,94	6,73
34,96	6,77
34,99	6,83
35,01	6,89
35,04	6,96
35,06	7,02
35,09	7,10
35,11	7,14
35,14	7,23
35,16	7,29
35,18	7,36
35,21	7,45
35,23	7,52
35,26	7,58
35,28	7,66
35,31	7,72
35,33	7,82
35,36	7,91
35,38	7,96
35,40	8,04
35,43	8,11
35,45	8,20
35,48	8,31
35,50	8,39
35,53	8,47
35,55	8,56
35,57	8,65
35,60	8,77
35,62	8,86
35,65	8,95
35,67	9,04
35,70	9,15
35,72	9,24
35,75	9,37
35,77	9,47
35,79	9,60
35,82	9,69
35,84	9,80
35,87	9,90
35,89	10,02
35,92	10,09
35,94	10,22
35,97	10,29
35,99	10,40
36,01	10,50
36,04	10,62
36,06	10,73
36,09	10,88
36,11	10,96
36,14	11,12
36,16	11,21
36,19	11,35
36,21	11,45
36,23	11,56
36,26	11,64
36,28	11,75
36,31	11,82
36,33	11,95
36,36	12,03
36,38	12,15
36,41	12,26
36,43	12,38
36,45	12,48
36,48	12,62
36,50	12,70
36,53	12,81
36,55	12,90
36,58	12,98
36,60	13,05
36,62	13,14
36,65	13,18
36,67	13,28
36,70	13,33
36,72	13,40
36,75	13,45
36,77	13,52
36,80	13,57
36,82	13,64
36,84	13,66
36,87	13,73
36,89	13,74
36,92	13,77
36,94	13,80
36,97	13,82
36,99	13,84
37,02	13,85
37,04	13,86
37,06	13,89
37,09	13,89
37,11	13,88
37,14	13,88
37,16	13,87
37,19	13,85
37,21	13,81
37,24	13,76
37,26	13,74
37,28	13,71
37,31	13,65
37,33	13,62
37,36	13,56
37,38	13,53
37,41	13,50
37,43	13,45
37,46	13,38
37,48	13,32
37,50	13,24
37,53	13,20
37,55	13,10
37,58	12,99
37,60	12,89
37,63	12,80
37,65	12,71
37,68	12,62
37,70	12,51
37,72	12,44
37,75	12,34
37,77	12,27
37,80	12,16
37,82	12,05
37,85	11,92
37,87	11,84
37,89	11,72
37,92	11,64
37,94	11,49
37,97	11,38
37,99	11,26
38,02	11,19
38,04	11,04
38,07	10,97
38,09	10,81
38,11	10,74
38,14	10,64
38,16	10,55
38,19	10,41
38,21	10,32
38,24	10,17
38,26	10,13
38,29	9,99
38,31	9,89
38,33	9,77
38,36	9,69
38,38	9,58
38,41	9,52
38,43	9,40
38,46	9,33
38,48	9,23
38,51	9,16
38,53	9,08
38,55	9,02
38,58	8,94
38,60	8,90
38,63	8,82
38,65	8,79
38,68	8,73
38,70	8,69
38,73	8,62
38,75	8,57
38,77	8,50
38,80	8,47
38,82	8,43
38,85	8,40
38,87	8,38
38,90	8,36
38,92	8,34
38,94	8,32
38,97	8,31
38,99	8,31
39,02	8,30
39,04	8,26
39,07	8,25
39,09	8,22
39,12	8,22
39,14	8,22
39,16	8,22
39,19	8,22
39,21	8,24
39,24	8,25
39,26	8,30
39,29	8,32
39,31	8,35
39,34	8,38
39,36	8,43
39,38	8,44
39,41	8,49
39,43	8,51
39,46	8,57
39,48	8,59
39,51	8,64
39,53	8,68
39,56	8,74
39,58	8,78
39,60	8,87
39,63	8,92
39,65	9,01
39,68	9,07
39,70	9,16
39,73	9,24
39,75	9,33
39,78	9,38
39,80	9,48
39,82	9,52
39,85	9,61
39,87	9,67
39,90	9,76
39,92	9,85
39,95	9,96
39,97	10,03
39,99	10,16
40,02	10,25
40,04	10,37
40,07	10,48
40,09	10,59
40,12	10,68
40,14	10,79
40,17	10,88
40,19	11,00
40,21	11,09
40,24	11,20
40,26	11,32
40,29	11,44
40,31	11,55
40,34	11,70
40,36	11,82
40,39	11,97
40,41	12,10
40,43	12,21
40,46	12,36
40,48	12,48
40,51	12,60
40,53	12,73
40,56	12,83
40,58	12,95
40,61	13,09
40,63	13,20
40,65	13,37
40,68	13,51
40,70	13,66
40,73	13,83
40,75	13,99
40,78	14,12
40,80	14,30
40,83	14,41
40,85	14,58
40,87	14,69
40,90	14,84
40,92	14,96
40,95	15,15
40,97	15,26
41,00	15,45
41,02	15,56
41,05	15,74
41,07	15,88
41,09	16,05
41,12	16,16
41,14	16,31
41,17	16,41
41,19	16,60
41,22	16,71
41,24	16,85
41,26	16,95
41,29	17,08
41,31	17,20
41,34	17,35
41,36	17,44
41,39	17,58
41,41	17,69
41,44	17,83
41,46	17,95
41,48	18,08
41,51	18,16
41,53	18,28
41,56	18,35
41,58	18,46
41,61	18,53
41,63	18,60
41,66	18,66
41,68	18,73
41,70	18,75
41,73	18,82
41,75	18,84
41,78	18,90
41,80	18,93
41,83	18,97
41,85	18,98
41,88	19,02
41,90	19,02
41,92	19,08
41,95	19,05
41,97	19,05
42,00	19,02
42,02	19,00
42,05	18,97
42,07	18,95
42,10	18,88
42,12	18,87
42,14	18,81
42,17	18,78
42,19	18,77
42,22	18,72
42,24	18,65
42,27	18,59
42,29	18,50
42,31	18,43
42,34	18,34
42,36	18,24
42,39	18,13
42,41	18,03
42,44	17,92
42,46	17,81
42,49	17,68
42,51	17,57
42,53	17,46
42,56	17,35
42,58	17,24
42,61	17,12
42,63	17,01
42,66	16,93
42,68	16,80
42,71	16,65
42,73	16,51
42,75	16,34
42,78	16,20
42,80	16,05
42,83	15,88
42,85	15,71
42,88	15,57
42,90	15,43
42,93	15,33
42,95	15,19
42,97	15,07
43,00	14,93
43,02	14,82
43,05	14,66
43,07	14,53
43,10	14,36
43,12	14,24
43,15	14,07
43,17	13,94
43,19	13,79
43,22	13,68
43,24	13,55
43,27	13,45
43,29	13,30
43,32	13,22
43,34	13,10
43,36	13,02
43,39	12,91
43,41	12,81
43,44	12,69
43,46	12,62
43,49	12,49
43,51	12,41
43,54	12,29
43,56	12,21
43,58	12,13
43,61	12,06
43,63	11,98
43,66	11,95
43,68	11,88
43,71	11,84
43,73	11,79
43,76	11,75
43,78	11,71
43,80	11,67
43,83	11,61
43,85	11,60
43,88	11,57
43,90	11,55
43,93	11,54
43,95	11,51
43,98	11,50
44,00	11,50
44,02	11,50
44,05	11,52
44,07	11,54
44,10	11,53
44,12	11,59
44,15	11,61
44,17	11,65
44,20	11,69
44,22	11,72
44,24	11,74
44,27	11,79
44,29	11,80
44,32	11,87
44,34	11,90
44,37	11,94
44,39	11,99
44,41	12,06
44,44	12,12
44,46	12,21
44,49	12,28
44,51	12,39
44,54	12,46
44,56	12,58
44,59	12,65
44,61	12,75
44,63	12,82
44,66	12,94
44,68	12,99
44,71	13,11
44,73	13,21
44,76	13,32
44,78	13,44
44,81	13,58
44,83	13,69
44,85	13,85
44,88	13,97
44,90	14,10
44,93	14,23
44,95	14,35
44,98	14,47
45,00	14,60
45,03	14,70
45,05	14,85
45,07	14,96
45,10	15,11
45,12	15,27
45,15	15,42
45,17	15,58
45,20	15,75
45,22	15,91
45,25	16,10
45,27	16,27
45,29	16,43
45,32	16,59
45,34	16,75
45,37	16,89
45,39	17,06
45,42	17,19
45,44	17,34
45,47	17,51
45,49	17,69
45,51	17,86
45,54	18,06
45,56	18,22
45,59	18,43
45,61	18,60
45,64	18,78
45,66	18,94
45,68	19,08
45,71	19,25
45,73	19,41
45,76	19,58
45,78	19,75
45,81	19,90
45,83	20,07
45,86	20,29
45,88	20,46
45,90	20,65
45,93	20,82
45,95	21,02
45,98	21,21
46,00	21,41
46,03	21,55
46,05	21,73
46,08	21,86
46,10	22,02
46,12	22,17
46,15	22,33
46,17	22,47
46,20	22,65
46,22	22,79
46,25	22,97
46,27	23,11
46,30	23,25
46,32	23,39
46,34	23,56
46,37	23,67
46,39	23,82
46,42	23,90
46,44	24,02
46,47	24,12
46,49	24,23
46,52	24,30
46,54	24,40
46,56	24,48
46,59	24,62
46,61	24,68
46,64	24,78
46,66	24,85
46,69	24,93
46,71	24,99
46,73	25,04
46,76	25,04
46,78	25,09
46,81	25,09
46,83	25,12
46,86	25,12
46,88	25,14
46,91	25,14
46,93	25,15
46,95	25,14
46,98	25,15
47,00	25,12
47,03	25,10
47,05	25,06
47,08	25,02
47,10	24,97
47,13	24,95
47,15	24,88
47,17	24,82
47,20	24,74
47,22	24,67
47,25	24,58
47,27	24,47
47,30	24,35
47,32	24,25
47,35	24,11
47,37	23,99
47,39	23,89
47,42	23,78
47,44	23,69
47,47	23,59
47,49	23,45
47,52	23,35
47,54	23,22
47,57	23,12
47,59	22,98
47,61	22,82
47,64	22,65
47,66	22,50
47,69	22,32
47,71	22,17
47,74	21,95
47,76	21,78
47,78	21,64
47,81	21,46
47,83	21,30
47,86	21,14
47,88	20,96
47,91	20,79
47,93	20,60
47,96	20,41
47,98	20,26
48,00	20,05
48,03	19,89
48,05	19,72
48,08	19,54
48,10	19,38
48,13	19,24
48,15	19,06
48,18	18,95
48,20	18,78
48,22	18,62
48,25	18,46
48,27	18,31
48,30	18,14
48,32	18,03
48,35	17,85
48,37	17,72
48,40	17,58
48,42	17,48
48,44	17,36
48,47	17,26
48,49	17,11
48,52	17,04
48,54	16,92
48,57	16,85
48,59	16,74
48,62	16,66
48,64	16,55
48,66	16,50
48,69	16,40
48,71	16,37
48,74	16,27
48,76	16,23
48,79	16,19
48,81	16,18
48,84	16,12
48,86	16,11
48,88	16,08
48,91	16,11
48,93	16,09
48,96	16,09
48,98	16,08
49,01	16,10
49,03	16,12
49,05	16,15
49,08	16,16
49,10	16,20
49,13	16,23
49,15	16,29
49,18	16,33
49,20	16,36
49,23	16,40
49,25	16,46
49,27	16,51
49,30	16,59
49,32	16,66
49,35	16,74
49,37	16,86
49,40	16,95
49,42	17,05
49,45	17,15
49,47	17,25
49,49	17,34
49,52	17,43
49,54	17,52
49,57	17,64
49,59	17,73
49,62	17,86
49,64	17,96
49,67	18,10
49,69	18,23
49,71	18,39
49,74	18,51
49,76	18,69
49,79	18,82
49,81	19,00
49,84	19,12
49,86	19,29
49,89	19,41
49,91	19,59
49,93	19,70
49,96	19,88
49,98	20,01
50,01	20,20
50,03	20,37
50,06	20,58
50,08	20,73
50,10	20,96
50,13	21,14
50,15	21,37
50,18	21,56
50,20	21,73
50,23	21,88
50,25	22,09
50,28	22,24
50,30	22,42
50,32	22,56
50,35	22,76
50,37	22,98
50,40	23,22
50,42	23,42
50,45	23,65
50,47	23,88
50,50	24,14
50,52	24,36
50,54	24,56
50,57	24,74
50,59	24,95
50,62	25,13
50,64	25,34
50,67	25,51
50,69	25,70
50,72	25,92
50,74	26,15
50,76	26,37
50,79	26,62
50,81	26,83
50,84	27,08
50,86	27,31
50,89	27,50
50,91	27,69
50,94	27,86
50,96	28,02
50,98	28,20
51,01	28,37
51,03	28,54
51,06	28,72
51,08	28,92
51,11	29,14
51,13	29,35
51,15	29,54
51,18	29,72
51,20	29,92
51,23	30,10
51,25	30,27
51,28	30,41
51,30	30,56
51,33	30,68
51,35	30,84
51,37	30,97
51,40	31,09
51,42	31,20
51,45	31,34
51,47	31,44
51,50	31,59
51,52	31,67
51,55	31,78
51,57	31,89
51,59	32,01
51,62	32,06
51,64	32,17
51,67	32,21
51,69	32,29
51,72	32,32
51,74	32,38
51,77	32,40
51,79	32,45
51,81	32,45
51,84	32,50
51,86	32,50
51,89	32,54
51,91	32,53
51,94	32,56
51,96	32,56
51,99	32,57
52,01	32,53
52,03	32,53
52,06	32,46
52,08	32,45
52,11	32,39
52,13	32,35
52,16	32,25
52,18	32,21
52,20	32,11
52,23	32,07
52,25	31,94
52,28	31,85
52,30	31,74
52,33	31,67
52,35	31,55
52,38	31,48
52,40	31,35
52,42	31,27
52,45	31,13
52,47	31,00
52,50	30,85
52,52	30,67
52,55	30,47
52,57	30,31
52,60	30,11
52,62	29,96
52,64	29,82
52,67	29,68
52,69	29,54
52,72	29,40
52,74	29,24
52,77	29,08
52,79	28,90
52,82	28,71
52,84	28,51
52,86	28,33
52,89	28,12
52,91	27,91
52,94	27,71
52,96	27,53
52,99	27,34
53,01	27,16
53,04	26,97
53,06	26,79
53,08	26,63
53,11	26,46
53,13	26,26
53,16	26,07
53,18	25,86
53,21	25,65
53,23	25,48
53,26	25,28
53,28	25,09
53,30	24,93
53,33	24,78
53,35	24,64
53,38	24,52
53,40	24,37
53,43	24,26
53,45	24,12
53,47	23,98
53,50	23,85
53,52	23,74
53,55	23,61
53,57	23,53
53,60	23,41
53,62	23,34
53,65	23,24
53,67	23,17
53,69	23,08
53,72	23,02
53,74	22,91
53,77	22,88
53,79	22,80
53,82	22,77
53,84	22,72
53,87	22,70
53,89	22,64
53,91	22,64
53,94	22,60
53,96	22,63
53,99	22,60
54,01	22,61
54,04	22,63
54,06	22,67
54,09	22,68
54,11	22,72
54,13	22,73
54,16	22,80
54,18	22,84
54,21	22,89
54,23	22,94
54,26	23,02
54,28	23,10
54,31	23,23
54,33	23,32
54,35	23,41
54,38	23,50
54,40	23,58
54,43	23,68
54,45	23,77
54,48	23,85
54,50	23,96
54,52	24,09
54,55	24,23
54,57	24,38
54,60	24,52
54,62	24,69
54,65	24,83
54,67	24,99
54,70	25,15
54,72	25,29
54,74	25,43
54,77	25,61
54,79	25,75
54,82	25,93
54,84	26,08
54,87	26,27
54,89	26,45
54,92	26,67
54,94	26,84
54,96	27,09
54,99	27,27
55,01	27,49
55,04	27,70
55,06	27,95
55,09	28,10
55,11	28,33
55,14	28,50
55,16	28,75
55,18	28,94
55,21	29,15
55,23	29,32
55,26	29,57
55,28	29,80
55,31	30,06
55,33	30,28
55,36	30,53
55,38	30,76
55,40	31,04
55,43	31,26
55,45	31,48
55,48	31,68
55,50	31,90
55,53	32,12
55,55	32,36
55,57	32,59
55,60	32,85
55,62	33,09
55,65	33,37
55,67	33,62
55,70	33,85
55,72	34,10
55,75	34,37
55,77	34,61
55,79	34,84
55,82	35,04
55,84	35,25
55,87	35,47
55,89	35,71
55,92	35,89
55,94	36,12
55,97	36,35
55,99	36,59
56,01	36,81
56,04	37,04
56,06	37,26
56,09	37,48
56,11	37,69
56,14	37,87
56,16	38,07
56,19	38,27
56,21	38,48
56,23	38,65
56,26	38,82
56,28	38,96
56,31	39,15
56,33	39,33
56,36	39,51
56,38	39,65
56,41	39,80
56,43	39,98
56,45	40,18
56,48	40,29
56,50	40,43
56,53	40,52
56,55	40,64
56,58	40,73
56,60	40,87
56,62	40,97
56,65	41,11
56,67	41,19
56,70	41,30
56,72	41,39
56,75	41,50
56,77	41,54
56,80	41,60
56,82	41,63
56,84	41,68
56,87	41,71
56,89	41,79
56,92	41,79
56,94	41,85
56,97	41,88
56,99	41,93
57,02	41,92
57,04	41,96
57,06	41,92
57,09	41,93
57,11	41,88
57,14	41,83
57,16	41,78
57,19	41,77
57,21	41,68
57,24	41,68
57,26	41,63
57,28	41,60
57,31	41,51
57,33	41,44
57,36	41,35
57,38	41,26
57,41	41,12
57,43	41,03
57,46	40,89
57,48	40,79
57,50	40,64
57,53	40,52
57,55	40,41
57,58	40,29
57,60	40,13
57,63	40,01
57,65	39,84
57,68	39,70
57,70	39,56
57,72	39,39
57,75	39,21
57,77	39,05
57,80	38,86
57,82	38,68
57,85	38,49
57,87	38,28
57,89	38,10
57,92	37,91
57,94	37,73
57,97	37,55
57,99	37,37
58,02	37,22
58,04	37,02
58,07	36,79
58,09	36,61
58,11	36,40
58,14	36,18
58,16	35,97
58,19	35,73
58,21	35,54
58,24	35,38
58,26	35,17
58,29	34,99
58,31	34,80
58,33	34,65
58,36	34,50
58,38	34,33
58,41	34,15
58,43	34,02
58,46	33,85
58,48	33,70
58,51	33,52
58,53	33,38
58,55	33,21
58,58	33,10
58,60	32,94
58,63	32,85
58,65	32,73
58,68	32,66
58,70	32,55
58,73	32,50
58,75	32,39
58,77	32,31
58,80	32,19
58,82	32,15
58,85	32,06
58,87	32,01
58,90	31,94
58,92	31,87
58,94	31,83
58,97	31,83
58,99	31,79
59,02	31,81
59,04	31,79
59,07	31,79
59,09	31,83
59,12	31,86
59,14	31,86
59,16	31,92
59,19	31,95
59,21	32,00
59,24	32,07
59,26	32,13
59,29	32,18
59,31	32,27
59,34	32,31
59,36	32,39
59,38	32,46
59,41	32,56
59,43	32,67
59,46	32,77
59,48	32,89
59,51	33,03
59,53	33,19
59,56	33,37
59,58	33,52
59,60	33,65
59,63	33,81
59,65	33,92
59,68	34,08
59,70	34,19
59,73	34,33
59,75	34,45
59,78	34,66
59,80	34,85
59,82	35,08
59,85	35,26
59,87	35,49
59,90	35,70
59,92	35,96
59,95	36,14
59,97	36,32
59,99	36,45
