U1/V	IA/nA
0,02	0,47
0,04	0,47
0,07	0,48
0,09	0,47
0,12	0,47
0,14	0,49
0,17	0,49
0,19	0,49
0,21	0,51
0,24	0,49
0,26	0,52
0,29	0,50
0,31	0,49
0,34	0,48
0,36	0,49
0,39	0,47
0,41	0,50
0,43	0,49
0,46	0,51
0,48	0,50
0,51	0,52
0,53	0,52
0,56	0,53
0,58	0,50
0,61	0,52
0,63	0,49
0,65	0,49
0,68	0,49
0,70	0,49
0,73	0,48
0,75	0,49
0,78	0,47
0,80	0,50
0,83	0,46
0,85	0,47
0,87	0,47
0,90	0,48
0,92	0,47
0,95	0,48
0,97	0,47
1,00	0,51
1,02	0,51
1,05	0,50
1,07	0,50
1,09	0,51
1,12	0,50
1,14	0,52
1,17	0,51
1,19	0,51
1,22	0,51
1,24	0,50
1,26	0,50
1,29	0,51
1,31	0,49
1,34	0,50
1,36	0,48
1,39	0,47
1,41	0,47
1,44	0,46
1,46	0,46
1,48	0,46
1,51	0,46
1,53	0,46
1,56	0,45
1,58	0,45
1,61	0,49
1,63	0,49
1,66	0,49
1,68	0,49
1,70	0,49
1,73	0,50
1,75	0,51
1,78	0,47
1,80	0,48
1,83	0,47
1,85	0,47
1,88	0,50
1,90	0,52
1,92	0,50
1,95	0,52
1,97	0,51
2,00	0,53
2,02	0,52
2,05	0,50
2,07	0,49
2,10	0,50
2,12	0,48
2,14	0,50
2,17	0,48
2,19	0,51
2,22	0,50
2,24	0,51
2,27	0,50
2,29	0,52
2,31	0,50
2,34	0,53
2,36	0,51
2,39	0,52
2,41	0,51
2,44	0,52
2,46	0,51
2,49	0,52
2,51	0,47
2,53	0,50
2,56	0,47
2,58	0,49
2,61	0,49
2,63	0,50
2,66	0,49
2,68	0,52
2,71	0,51
2,73	0,54
2,75	0,53
2,78	0,52
2,80	0,51
2,83	0,50
2,85	0,50
2,88	0,50
2,90	0,48
2,93	0,49
2,95	0,48
2,97	0,48
3,00	0,50
3,02	0,50
3,05	0,50
3,07	0,51
3,10	0,51
3,12	0,51
3,15	0,52
3,17	0,52
3,19	0,51
3,22	0,51
3,24	0,50
3,27	0,50
3,29	0,49
3,32	0,49
3,34	0,51
3,36	0,50
3,39	0,51
3,41	0,50
3,44	0,51
3,46	0,52
3,49	0,52
3,51	0,49
3,54	0,50
3,56	0,47
3,58	0,49
3,61	0,47
3,63	0,48
3,66	0,46
3,68	0,47
3,71	0,46
3,73	0,49
3,76	0,47
3,78	0,48
3,80	0,48
3,83	0,50
3,85	0,49
3,88	0,51
3,90	0,50
3,93	0,53
3,95	0,51
3,98	0,51
4,00	0,49
4,02	0,50
4,05	0,48
4,07	0,51
4,10	0,49
4,12	0,51
4,15	0,50
4,17	0,51
4,20	0,52
4,22	0,54
4,24	0,50
4,27	0,52
4,29	0,48
4,32	0,48
4,34	0,47
4,37	0,47
4,39	0,47
4,42	0,47
4,44	0,47
4,46	0,48
4,49	0,47
4,51	0,48
4,54	0,50
4,56	0,50
4,59	0,50
4,61	0,50
4,63	0,50
4,66	0,50
4,68	0,50
4,71	0,49
4,73	0,49
4,76	0,47
4,78	0,47
4,81	0,49
4,83	0,50
4,85	0,51
4,88	0,51
4,90	0,50
4,93	0,53
4,95	0,53
4,98	0,51
5,00	0,51
5,03	0,49
5,05	0,47
5,07	0,49
5,10	0,47
5,12	0,48
5,15	0,47
5,17	0,48
5,20	0,49
5,22	0,50
5,25	0,49
5,27	0,53
5,29	0,52
5,32	0,54
5,34	0,52
5,37	0,54
5,39	0,53
5,42	0,54
5,44	0,51
5,47	0,52
5,49	0,50
5,51	0,51
5,54	0,52
5,56	0,52
5,59	0,50
5,61	0,51
5,64	0,48
5,66	0,53
5,68	0,51
5,71	0,51
5,73	0,51
5,76	0,51
5,78	0,50
5,81	0,52
5,83	0,48
5,86	0,50
5,88	0,47
5,90	0,49
5,93	0,49
5,95	0,50
5,98	0,48
6,00	0,53
6,03	0,50
6,05	0,52
6,08	0,52
6,10	0,53
6,12	0,53
6,15	0,54
6,17	0,49
6,20	0,51
6,22	0,49
6,25	0,50
6,27	0,49
6,30	0,48
6,32	0,48
6,34	0,48
6,37	0,48
6,39	0,52
6,42	0,51
6,44	0,50
6,47	0,51
6,49	0,50
6,52	0,51
6,54	0,51
6,56	0,48
6,59	0,47
6,61	0,47
6,64	0,45
6,66	0,49
6,69	0,48
6,71	0,49
6,73	0,51
6,76	0,51
6,78	0,51
6,81	0,52
6,83	0,50
6,86	0,51
6,88	0,50
6,91	0,49
6,93	0,49
6,95	0,49
6,98	0,49
7,00	0,51
7,03	0,49
7,05	0,50
7,08	0,49
7,10	0,50
7,13	0,52
7,15	0,53
7,17	0,51
7,20	0,53
7,22	0,50
7,25	0,51
7,27	0,50
7,30	0,49
7,32	0,46
7,35	0,48
7,37	0,46
7,39	0,50
7,42	0,49
7,44	0,50
7,47	0,52
7,49	0,55
7,52	0,54
7,54	0,56
7,57	0,53
7,59	0,54
7,61	0,53
7,64	0,51
7,66	0,50
7,69	0,50
7,71	0,48
7,74	0,49
7,76	0,48
7,78	0,50
7,81	0,50
7,83	0,51
7,86	0,54
7,88	0,54
7,91	0,54
7,93	0,56
7,96	0,53
7,98	0,52
8,00	0,51
8,03	0,49
8,05	0,49
8,08	0,49
8,10	0,49
8,13	0,52
8,15	0,51
8,18	0,53
8,20	0,56
8,22	0,56
8,25	0,57
8,27	0,56
8,30	0,55
8,32	0,57
8,35	0,56
8,37	0,54
8,40	0,55
8,42	0,53
8,44	0,54
8,47	0,54
8,49	0,54
8,52	0,54
8,54	0,54
8,57	0,53
8,59	0,58
8,62	0,56
8,64	0,57
8,66	0,57
8,69	0,56
8,71	0,56
8,74	0,56
8,76	0,52
8,79	0,55
8,81	0,53
8,84	0,54
8,86	0,55
8,88	0,56
8,91	0,54
8,93	0,57
8,96	0,55
8,98	0,57
9,01	0,56
9,03	0,57
9,05	0,55
9,08	0,57
9,10	0,55
9,13	0,58
9,15	0,55
9,18	0,57
9,20	0,57
9,23	0,58
9,25	0,58
9,27	0,59
9,30	0,57
9,32	0,64
9,35	0,62
9,37	0,62
9,40	0,61
9,42	0,60
9,45	0,59
9,47	0,60
9,49	0,55
9,52	0,56
9,54	0,54
9,57	0,55
9,59	0,58
9,62	0,59
9,64	0,58
9,67	0,60
9,69	0,59
9,71	0,61
9,74	0,60
9,76	0,60
9,79	0,60
9,81	0,61
9,84	0,61
9,86	0,62
9,89	0,61
9,91	0,62
9,93	0,62
9,96	0,62
9,98	0,62
10,01	0,62
10,03	0,62
10,06	0,66
10,08	0,65
10,10	0,64
10,13	0,64
10,15	0,63
10,18	0,64
10,20	0,64
10,23	0,62
10,25	0,62
10,28	0,63
10,30	0,62
10,32	0,65
10,35	0,64
10,37	0,65
10,40	0,65
10,42	0,66
10,45	0,66
10,47	0,68
10,50	0,66
10,52	0,67
10,54	0,66
10,57	0,67
10,59	0,67
10,62	0,67
10,64	0,65
10,67	0,67
10,69	0,65
10,72	0,68
10,74	0,66
10,76	0,66
10,79	0,69
10,81	0,70
10,84	0,68
10,86	0,70
10,89	0,68
10,91	0,71
10,94	0,70
10,96	0,70
10,98	0,69
11,01	0,69
11,03	0,68
11,06	0,70
11,08	0,69
11,11	0,70
11,13	0,69
11,15	0,71
11,18	0,72
11,20	0,73
11,23	0,71
11,25	0,73
11,28	0,72
11,30	0,74
11,33	0,75
11,35	0,74
11,37	0,72
11,40	0,74
11,42	0,74
11,45	0,76
11,47	0,77
11,50	0,77
11,52	0,79
11,55	0,79
11,57	0,78
11,59	0,79
11,62	0,77
11,64	0,75
11,67	0,76
11,69	0,76
11,72	0,77
11,74	0,75
11,77	0,75
11,79	0,77
11,81	0,75
11,84	0,75
11,86	0,76
11,89	0,75
11,91	0,78
11,94	0,77
11,96	0,77
11,99	0,79
12,01	0,80
12,03	0,79
12,06	0,81
12,08	0,80
12,11	0,81
12,13	0,80
12,16	0,81
12,18	0,81
12,21	0,83
12,23	0,80
12,25	0,83
12,28	0,82
12,30	0,84
12,33	0,83
12,35	0,84
12,38	0,83
12,40	0,84
12,42	0,83
12,45	0,85
12,47	0,81
12,50	0,82
12,52	0,81
12,55	0,83
12,57	0,83
12,60	0,85
12,62	0,84
12,64	0,87
12,67	0,87
12,69	0,87
12,72	0,86
12,74	0,87
12,77	0,85
12,79	0,88
12,82	0,87
12,84	0,89
12,86	0,89
12,89	0,91
12,91	0,91
12,94	0,93
12,96	0,91
12,99	0,93
13,01	0,91
13,04	0,91
13,06	0,90
13,08	0,91
13,11	0,90
13,13	0,91
13,16	0,91
13,18	0,92
13,21	0,91
13,23	0,92
13,26	0,93
13,28	0,94
13,30	0,94
13,33	0,95
13,35	0,95
13,38	0,97
13,40	0,97
13,43	0,96
13,45	0,97
13,47	0,97
13,50	0,96
13,52	0,99
13,55	1,00
13,57	0,99
13,60	1,00
13,62	0,99
13,65	1,01
13,67	1,01
13,69	1,01
13,72	1,01
13,74	1,02
13,77	1,01
13,79	1,02
13,82	1,01
13,84	1,03
13,87	1,02
13,89	1,02
13,91	1,02
13,94	1,02
13,96	1,01
13,99	1,04
14,01	1,03
14,04	1,05
14,06	1,05
14,09	1,06
14,11	1,07
14,13	1,09
14,16	1,06
14,18	1,07
14,21	1,06
14,23	1,07
14,26	1,08
14,28	1,09
14,31	1,08
14,33	1,10
14,35	1,08
14,38	1,11
14,40	1,10
14,43	1,10
14,45	1,10
14,48	1,10
14,50	1,09
14,52	1,11
14,55	1,09
14,57	1,10
14,60	1,08
14,62	1,09
14,65	1,09
14,67	1,09
14,70	1,08
14,72	1,11
14,74	1,10
14,77	1,12
14,79	1,12
14,82	1,13
14,84	1,14
14,87	1,15
14,89	1,13
14,92	1,14
14,94	1,13
14,96	1,13
14,99	1,15
15,01	1,15
15,04	1,14
15,06	1,15
15,09	1,14
15,11	1,16
15,14	1,16
15,16	1,14
15,18	1,15
15,21	1,14
15,23	1,15
15,26	1,15
15,28	1,15
15,31	1,14
15,33	1,15
15,36	1,14
15,38	1,15
15,40	1,15
15,43	1,15
15,45	1,15
15,48	1,16
15,50	1,15
15,53	1,18
15,55	1,18
15,57	1,19
15,60	1,20
15,62	1,19
15,65	1,19
15,67	1,20
15,70	1,18
15,72	1,22
15,75	1,19
15,77	1,20
15,79	1,19
15,82	1,20
15,84	1,21
15,87	1,23
15,89	1,20
15,92	1,23
15,94	1,21
15,97	1,23
15,99	1,21
16,01	1,22
16,04	1,20
16,06	1,21
16,09	1,19
16,11	1,23
16,14	1,22
16,16	1,23
16,19	1,24
16,21	1,25
16,23	1,25
16,26	1,27
16,28	1,26
16,31	1,27
16,33	1,27
16,36	1,27
16,38	1,27
16,41	1,27
16,43	1,26
16,45	1,29
16,48	1,30
16,50	1,31
16,53	1,31
16,55	1,32
16,58	1,34
16,60	1,34
16,63	1,33
16,65	1,33
16,67	1,32
16,70	1,31
16,72	1,31
16,75	1,30
16,77	1,31
16,80	1,31
16,82	1,31
16,84	1,33
16,87	1,33
16,89	1,33
16,92	1,37
16,94	1,37
16,97	1,39
16,99	1,39
17,02	1,39
17,04	1,40
17,06	1,43
17,09	1,41
17,11	1,43
17,14	1,42
17,16	1,43
17,19	1,46
17,21	1,48
17,24	1,48
17,26	1,50
17,28	1,49
17,31	1,53
17,33	1,52
17,36	1,53
17,38	1,52
17,41	1,52
17,43	1,51
17,46	1,54
17,48	1,52
17,50	1,55
17,53	1,54
17,55	1,57
17,58	1,57
17,60	1,60
17,63	1,59
17,65	1,64
17,68	1,62
17,70	1,65
17,72	1,65
17,75	1,66
17,77	1,67
17,80	1,69
17,82	1,66
17,85	1,68
17,87	1,66
17,89	1,68
17,92	1,70
17,94	1,71
17,97	1,70
17,99	1,73
18,02	1,72
18,04	1,77
18,07	1,76
18,09	1,76
18,11	1,76
18,14	1,75
18,16	1,74
18,19	1,77
18,21	1,75
18,24	1,75
18,26	1,74
18,29	1,75
18,31	1,77
18,33	1,79
18,36	1,79
18,38	1,81
18,41	1,82
18,43	1,83
18,46	1,84
18,48	1,84
18,51	1,85
18,53	1,85
18,55	1,82
18,58	1,83
18,60	1,83
18,63	1,83
18,65	1,85
18,68	1,84
18,70	1,84
18,73	1,85
18,75	1,86
18,77	1,88
18,80	1,89
18,82	1,87
18,85	1,88
18,87	1,86
18,90	1,87
18,92	1,87
18,94	1,85
18,97	1,85
18,99	1,85
19,02	1,84
19,04	1,89
19,07	1,88
19,09	1,90
19,12	1,91
19,14	1,93
19,16	1,92
19,19	1,95
19,21	1,92
19,24	1,93
19,26	1,91
19,29	1,89
19,31	1,88
19,34	1,89
19,36	1,88
19,38	1,90
19,41	1,88
19,43	1,91
19,46	1,90
19,48	1,91
19,51	1,92
19,53	1,92
19,56	1,90
19,58	1,92
19,60	1,88
19,63	1,88
19,65	1,87
19,68	1,86
19,70	1,85
19,73	1,86
19,75	1,84
19,78	1,87
19,80	1,86
19,82	1,86
19,85	1,88
19,87	1,89
19,90	1,88
19,92	1,89
19,95	1,87
19,97	1,87
19,99	1,88
20,02	1,86
20,04	1,87
20,07	1,87
20,09	1,86
20,12	1,87
20,14	1,88
20,17	1,88
20,19	1,88
20,21	1,86
20,24	1,90
20,26	1,90
20,29	1,91
20,31	1,90
20,34	1,89
20,36	1,89
20,39	1,89
20,41	1,85
20,43	1,87
20,46	1,85
20,48	1,87
20,51	1,87
20,53	1,88
20,56	1,87
20,58	1,91
20,61	1,89
20,63	1,92
20,65	1,91
20,68	1,91
20,70	1,91
20,73	1,93
20,75	1,90
20,78	1,92
20,80	1,89
20,83	1,91
20,85	1,90
20,87	1,92
20,90	1,92
20,92	1,93
20,95	1,92
20,97	1,98
21,00	1,97
21,02	2,00
21,05	1,99
21,07	1,98
21,09	1,98
21,12	2,00
21,14	1,97
21,17	1,99
21,19	1,97
21,22	1,99
21,24	2,02
21,26	2,05
21,29	2,05
21,31	2,07
21,34	2,07
21,36	2,10
21,39	2,11
21,41	2,12
21,44	2,12
21,46	2,14
21,48	2,14
21,51	2,18
21,53	2,17
21,56	2,19
21,58	2,21
21,61	2,22
21,63	2,24
21,66	2,25
21,68	2,25
21,70	2,31
21,73	2,32
21,75	2,32
21,78	2,34
21,80	2,32
21,83	2,35
21,85	2,36
21,88	2,36
21,90	2,37
21,92	2,38
21,95	2,38
21,97	2,44
22,00	2,44
22,02	2,46
22,05	2,47
22,07	2,49
22,10	2,52
22,12	2,56
22,14	2,56
22,17	2,60
22,19	2,61
22,22	2,64
22,24	2,66
22,27	2,67
22,29	2,68
22,31	2,71
22,34	2,71
22,36	2,74
22,39	2,75
22,41	2,77
22,44	2,81
22,46	2,83
22,49	2,84
22,51	2,87
22,53	2,85
22,56	2,88
22,58	2,87
22,61	2,87
22,63	2,87
22,66	2,88
22,68	2,88
22,71	2,93
22,73	2,93
22,75	2,95
22,78	2,96
22,80	2,99
22,83	3,01
22,85	3,04
22,88	3,02
22,90	3,04
22,93	3,04
22,95	3,06
22,97	3,07
23,00	3,07
23,02	3,06
23,05	3,09
23,07	3,09
23,10	3,11
23,12	3,11
23,15	3,11
23,17	3,15
23,19	3,16
23,22	3,15
23,24	3,16
23,27	3,16
23,29	3,16
23,32	3,16
23,34	3,14
23,36	3,15
23,39	3,15
23,41	3,14
23,44	3,14
23,46	3,13
23,49	3,13
23,51	3,14
23,54	3,13
23,56	3,15
23,58	3,14
23,61	3,13
23,63	3,13
23,66	3,13
23,68	3,12
23,71	3,13
23,73	3,10
23,76	3,10
23,78	3,09
23,80	3,10
23,83	3,09
23,85	3,11
23,88	3,07
23,90	3,11
23,93	3,10
23,95	3,10
23,98	3,08
24,00	3,08
24,02	3,05
24,05	3,05
24,07	3,02
24,10	3,02
24,12	2,99
24,15	3,00
24,17	2,99
24,20	3,00
24,22	2,98
24,24	3,00
24,27	2,97
24,29	2,99
24,32	2,96
24,34	2,96
24,37	2,93
24,39	2,94
24,42	2,91
24,44	2,93
24,46	2,89
24,49	2,91
24,51	2,88
24,54	2,89
24,56	2,87
24,59	2,88
24,61	2,86
24,63	2,88
24,66	2,84
24,68	2,84
24,71	2,82
24,73	2,80
24,76	2,79
24,78	2,79
24,81	2,79
24,83	2,80
24,85	2,78
24,88	2,78
24,90	2,80
24,93	2,79
24,95	2,79
24,98	2,79
25,00	2,78
25,03	2,80
25,05	2,80
25,07	2,80
25,10	2,80
25,12	2,80
25,15	2,79
25,17	2,80
25,20	2,80
25,22	2,79
25,25	2,80
25,27	2,79
25,29	2,81
25,32	2,82
25,34	2,81
25,37	2,83
25,39	2,83
25,42	2,82
25,44	2,84
25,47	2,83
25,49	2,85
25,51	2,85
25,54	2,86
25,56	2,86
25,59	2,88
25,61	2,87
25,64	2,91
25,66	2,91
25,68	2,94
25,71	2,95
25,73	2,97
25,76	2,99
25,78	3,02
25,81	3,00
25,83	3,03
25,86	3,03
25,88	3,06
25,90	3,09
25,93	3,12
25,95	3,12
25,98	3,17
26,00	3,18
26,03	3,24
26,05	3,25
26,08	3,26
26,10	3,28
26,12	3,31
26,15	3,32
26,17	3,36
26,20	3,35
26,22	3,38
26,25	3,41
26,27	3,44
26,30	3,47
26,32	3,49
26,34	3,51
26,37	3,57
26,39	3,60
26,42	3,63
26,44	3,67
26,47	3,70
26,49	3,74
26,52	3,77
26,54	3,77
26,56	3,80
26,59	3,83
26,61	3,86
26,64	3,91
26,66	3,95
26,69	3,99
26,71	4,03
26,73	4,07
26,76	4,12
26,78	4,16
26,81	4,17
26,83	4,21
26,86	4,23
26,88	4,26
26,91	4,29
26,93	4,31
26,95	4,33
26,98	4,36
27,00	4,39
27,03	4,44
27,05	4,45
27,08	4,49
27,10	4,53
27,13	4,58
27,15	4,60
27,17	4,64
27,20	4,66
27,22	4,72
27,25	4,74
27,27	4,76
27,30	4,77
27,32	4,80
27,35	4,80
27,37	4,86
27,39	4,88
27,42	4,91
27,44	4,93
27,47	4,97
27,49	4,99
27,52	5,03
27,54	5,01
27,57	5,05
27,59	5,05
27,61	5,07
27,64	5,06
27,66	5,08
27,69	5,07
27,71	5,10
27,74	5,10
27,76	5,12
27,78	5,10
27,81	5,11
27,83	5,12
27,86	5,15
27,88	5,15
27,91	5,16
27,93	5,14
27,96	5,18
27,98	5,17
28,00	5,17
28,03	5,15
28,05	5,15
28,08	5,14
28,10	5,16
28,13	5,14
28,15	5,15
28,18	5,13
28,20	5,12
28,22	5,12
28,25	5,11
28,27	5,07
28,30	5,07
28,32	5,03
28,35	5,02
28,37	4,99
28,40	4,95
28,42	4,95
28,44	4,93
28,47	4,91
28,49	4,90
28,52	4,86
28,54	4,85
28,57	4,85
28,59	4,83
28,62	4,82
28,64	4,79
28,66	4,77
28,69	4,76
28,71	4,75
28,74	4,72
28,76	4,70
28,79	4,67
28,81	4,66
28,84	4,65
28,86	4,64
28,88	4,61
28,91	4,60
28,93	4,56
28,96	4,56
28,98	4,53
29,01	4,50
29,03	4,47
29,05	4,46
29,08	4,41
29,10	4,40
29,13	4,35
29,15	4,35
29,18	4,31
29,20	4,30
29,23	4,27
29,25	4,28
29,27	4,26
29,30	4,28
29,32	4,25
29,35	4,25
29,37	4,23
29,40	4,23
29,42	4,21
29,45	4,20
29,47	4,14
29,49	4,15
29,52	4,11
29,54	4,12
29,57	4,12
29,59	4,12
29,62	4,11
29,64	4,13
29,67	4,11
29,69	4,14
29,71	4,12
29,74	4,10
29,76	4,09
29,79	4,08
29,81	4,08
29,84	4,09
29,86	4,07
29,89	4,08
29,91	4,07
29,93	4,08
29,96	4,10
29,98	4,10
30,01	4,11
30,03	4,13
30,06	4,14
30,08	4,16
30,10	4,18
30,13	4,19
30,15	4,21
30,18	4,21
30,20	4,21
30,23	4,23
30,25	4,25
30,28	4,25
30,30	4,30
30,32	4,30
30,35	4,34
30,37	4,36
30,40	4,39
30,42	4,43
30,45	4,46
30,47	4,45
30,50	4,50
30,52	4,51
30,54	4,56
30,57	4,58
30,59	4,61
30,62	4,63
30,64	4,68
30,67	4,70
30,69	4,75
30,72	4,77
30,74	4,81
30,76	4,86
30,79	4,91
30,81	4,94
30,84	5,00
30,86	5,03
30,89	5,09
30,91	5,13
30,94	5,17
30,96	5,21
30,98	5,26
31,01	5,30
31,03	5,38
31,06	5,41
31,08	5,48
31,11	5,52
31,13	5,57
31,15	5,63
31,18	5,69
31,20	5,72
31,23	5,79
31,25	5,82
31,28	5,89
31,30	5,95
31,33	6,00
31,35	6,06
31,37	6,12
31,40	6,18
31,42	6,26
31,45	6,30
31,47	6,36
31,50	6,44
31,52	6,50
31,55	6,56
31,57	6,62
31,59	6,67
31,62	6,74
31,64	6,81
31,67	6,86
31,69	6,93
31,72	6,99
31,74	7,04
31,77	7,11
31,79	7,18
31,81	7,24
31,84	7,29
31,86	7,33
31,89	7,42
31,91	7,48
31,94	7,52
31,96	7,56
31,99	7,60
32,01	7,63
32,03	7,69
32,06	7,70
32,08	7,75
32,11	7,77
32,13	7,81
32,16	7,85
32,18	7,90
32,20	7,92
32,23	8,00
32,25	8,02
32,28	8,06
32,30	8,07
32,33	8,10
32,35	8,11
32,38	8,15
32,40	8,12
32,42	8,16
32,45	8,15
32,47	8,17
32,50	8,19
32,52	8,21
32,55	8,21
32,57	8,24
32,60	8,21
32,62	8,26
32,64	8,26
32,67	8,25
32,69	8,23
32,72	8,21
32,74	8,19
32,77	8,19
32,79	8,14
32,82	8,14
32,84	8,11
32,86	8,10
32,89	8,09
32,91	8,08
32,94	8,05
32,96	8,06
32,99	8,02
33,01	8,00
33,04	7,96
33,06	7,94
33,08	7,89
33,11	7,86
33,13	7,79
33,16	7,77
33,18	7,72
33,21	7,68
33,23	7,64
33,26	7,60
33,28	7,55
33,30	7,50
33,33	7,44
33,35	7,43
33,38	7,38
33,40	7,33
33,43	7,29
33,45	7,23
33,47	7,20
33,50	7,16
33,52	7,09
33,55	7,04
33,57	7,00
33,60	6,95
33,62	6,93
33,65	6,88
33,67	6,84
33,69	6,81
33,72	6,77
33,74	6,73
33,77	6,70
33,79	6,65
33,82	6,61
33,84	6,56
33,87	6,52
33,89	6,48
33,91	6,43
33,94	6,38
33,96	6,36
33,99	6,31
34,01	6,29
34,04	6,24
34,06	6,23
34,09	6,22
34,11	6,20
34,13	6,15
34,16	6,14
34,18	6,08
34,21	6,07
34,23	6,03
34,26	6,01
34,28	5,99
34,31	5,98
34,33	5,95
34,35	5,98
34,38	5,95
34,40	5,95
34,43	5,94
34,45	5,94
34,48	5,94
34,50	5,95
34,52	5,92
34,55	5,94
34,57	5,94
34,60	5,94
34,62	5,95
34,65	5,95
34,67	5,94
34,70	5,97
34,72	5,97
34,74	6,00
34,77	6,01
34,79	6,03
34,82	6,07
34,84	6,10
34,87	6,14
34,89	6,17
34,92	6,16
34,94	6,19
34,96	6,22
34,99	6,23
35,01	6,28
35,04	6,28
35,06	6,32
35,09	6,37
35,11	6,41
35,14	6,44
35,16	6,51
35,18	6,54
35,21	6,58
35,23	6,62
35,26	6,67
35,28	6,71
35,31	6,78
35,33	6,80
35,36	6,88
35,38	6,92
35,40	6,99
35,43	7,04
35,45	7,12
35,48	7,17
35,50	7,25
35,53	7,29
35,55	7,40
35,57	7,45
35,60	7,52
35,62	7,56
35,65	7,61
35,67	7,66
35,70	7,74
35,72	7,77
35,75	7,86
35,77	7,92
35,79	8,02
35,82	8,11
35,84	8,21
35,87	8,29
35,89	8,38
35,92	8,44
35,94	8,53
35,97	8,60
35,99	8,68
36,01	8,75
36,04	8,84
36,06	8,92
36,09	9,03
36,11	9,11
36,14	9,21
36,16	9,31
36,19	9,41
36,21	9,50
36,23	9,59
36,26	9,66
36,28	9,79
36,31	9,86
36,33	9,95
36,36	10,02
36,38	10,09
36,41	10,18
36,43	10,29
36,45	10,36
36,48	10,46
36,50	10,54
36,53	10,63
36,55	10,74
36,58	10,83
36,60	10,91
36,62	10,97
36,65	11,05
36,67	11,13
36,70	11,21
36,72	11,28
36,75	11,36
36,77	11,42
36,80	11,49
36,82	11,56
36,84	11,62
36,87	11,67
36,89	11,73
36,92	11,77
36,94	11,83
36,97	11,88
36,99	11,94
37,02	12,01
37,04	12,06
37,06	12,09
37,09	12,13
37,11	12,15
37,14	12,20
37,16	12,21
37,19	12,23
37,21	12,24
37,24	12,25
37,26	12,25
37,28	12,30
37,31	12,28
37,33	12,29
37,36	12,27
37,38	12,28
37,41	12,28
37,43	12,29
37,46	12,25
37,48	12,26
37,50	12,22
37,53	12,22
37,55	12,19
37,58	12,15
37,60	12,10
37,63	12,09
37,65	12,03
37,68	12,03
37,70	11,98
37,72	11,94
37,75	11,92
37,77	11,89
37,80	11,81
37,82	11,79
37,85	11,72
37,87	11,66
37,89	11,58
37,92	11,50
37,94	11,42
37,97	11,35
37,99	11,26
38,02	11,22
38,04	11,14
38,07	11,08
38,09	11,02
38,11	10,96
38,14	10,90
38,16	10,84
38,19	10,74
38,21	10,66
38,24	10,58
38,26	10,49
38,29	10,41
38,31	10,30
38,33	10,22
38,36	10,16
38,38	10,09
38,41	10,03
38,43	9,97
38,46	9,90
38,48	9,85
38,51	9,77
38,53	9,70
38,55	9,63
38,58	9,54
38,60	9,46
38,63	9,39
38,65	9,32
38,68	9,26
38,70	9,18
38,73	9,13
38,75	9,08
38,77	9,04
38,80	8,98
38,82	8,95
38,85	8,89
38,87	8,87
38,90	8,80
38,92	8,76
38,94	8,71
38,97	8,68
38,99	8,63
39,02	8,62
39,04	8,56
39,07	8,55
39,09	8,52
39,12	8,51
39,14	8,48
39,16	8,48
39,19	8,44
39,21	8,46
39,24	8,43
39,26	8,43
39,29	8,42
39,31	8,43
39,34	8,41
39,36	8,44
39,38	8,42
39,41	8,45
39,43	8,43
39,46	8,44
39,48	8,45
39,51	8,48
39,53	8,49
39,56	8,52
39,58	8,53
39,60	8,60
39,63	8,63
39,65	8,67
39,68	8,71
39,70	8,76
39,73	8,80
39,75	8,86
39,78	8,89
39,80	8,94
39,82	9,00
39,85	9,05
39,87	9,11
39,90	9,17
39,92	9,22
39,95	9,30
39,97	9,36
39,99	9,40
40,02	9,47
40,04	9,53
40,07	9,61
40,09	9,67
40,12	9,72
40,14	9,79
40,17	9,86
40,19	9,93
40,21	10,03
40,24	10,10
40,26	10,20
40,29	10,30
40,31	10,40
40,34	10,52
40,36	10,63
40,39	10,71
40,41	10,83
40,43	10,92
40,46	11,03
40,48	11,14
40,51	11,24
40,53	11,32
40,56	11,43
40,58	11,52
40,61	11,66
40,63	11,76
40,65	11,87
40,68	11,98
40,70	12,11
40,73	12,24
40,75	12,37
40,78	12,46
40,80	12,57
40,83	12,67
40,85	12,79
40,87	12,90
40,90	12,99
40,92	13,10
40,95	13,25
40,97	13,38
41,00	13,54
41,02	13,67
41,05	13,81
41,07	13,97
41,09	14,11
41,12	14,19
41,14	14,32
41,17	14,42
41,19	14,53
41,22	14,65
41,24	14,76
41,26	14,86
41,29	15,00
41,31	15,11
41,34	15,25
41,36	15,37
41,39	15,48
41,41	15,59
41,44	15,71
41,46	15,83
41,48	15,95
41,51	16,03
41,53	16,12
41,56	16,21
41,58	16,31
41,61	16,41
41,63	16,47
41,66	16,56
41,68	16,67
41,70	16,77
41,73	16,85
41,75	16,95
41,78	17,01
41,80	17,11
41,83	17,16
41,85	17,20
41,88	17,24
41,90	17,28
41,92	17,31
41,95	17,37
41,97	17,39
42,00	17,43
42,02	17,46
42,05	17,49
42,07	17,52
42,10	17,54
42,12	17,53
42,14	17,56
42,17	17,54
42,19	17,54
42,22	17,54
42,24	17,53
42,27	17,50
42,29	17,49
42,31	17,45
42,34	17,45
42,36	17,40
42,39	17,37
42,41	17,34
42,44	17,31
42,46	17,25
42,49	17,22
42,51	17,15
42,53	17,13
42,56	17,06
42,58	17,01
42,61	16,94
42,63	16,89
42,66	16,80
42,68	16,75
42,71	16,64
42,73	16,57
42,75	16,47
42,78	16,37
42,80	16,27
42,83	16,19
42,85	16,07
42,88	16,00
42,90	15,88
42,93	15,80
42,95	15,70
42,97	15,61
43,00	15,51
43,02	15,41
43,05	15,29
43,07	15,19
43,10	15,05
43,12	14,94
43,15	14,83
43,17	14,72
43,19	14,60
43,22	14,52
43,24	14,41
43,27	14,34
43,29	14,24
43,32	14,13
43,34	14,04
43,36	13,93
43,39	13,82
43,41	13,74
43,44	13,63
43,46	13,53
43,49	13,43
43,51	13,32
43,54	13,25
43,56	13,16
43,58	13,06
43,61	12,98
43,63	12,89
43,66	12,81
43,68	12,76
43,71	12,68
43,73	12,64
43,76	12,57
43,78	12,51
43,80	12,46
43,83	12,40
43,85	12,34
43,88	12,33
43,90	12,27
43,93	12,24
43,95	12,19
43,98	12,17
44,00	12,16
44,02	12,15
44,05	12,09
44,07	12,09
44,10	12,07
44,12	12,07
44,15	12,08
44,17	12,10
44,20	12,09
44,22	12,11
44,24	12,10
44,27	12,15
44,29	12,15
44,32	12,15
44,34	12,16
44,37	12,18
44,39	12,19
44,41	12,24
44,44	12,25
44,46	12,31
44,49	12,35
44,51	12,41
44,54	12,47
44,56	12,56
44,59	12,60
44,61	12,68
44,63	12,72
44,66	12,81
44,68	12,86
44,71	12,93
44,73	13,00
44,76	13,09
44,78	13,15
44,81	13,25
44,83	13,34
44,85	13,44
44,88	13,58
44,90	13,68
44,93	13,79
44,95	13,89
44,98	14,00
45,00	14,11
45,03	14,22
45,05	14,27
45,07	14,37
45,10	14,46
45,12	14,60
45,15	14,71
45,17	14,84
45,20	14,97
45,22	15,12
45,25	15,26
45,27	15,42
45,29	15,54
45,32	15,67
45,34	15,79
45,37	15,93
45,39	16,06
45,42	16,20
45,44	16,32
45,47	16,48
45,49	16,63
45,51	16,77
45,54	16,92
45,56	17,08
45,59	17,22
45,61	17,40
45,64	17,56
45,66	17,71
45,68	17,86
45,71	18,00
45,73	18,15
45,76	18,30
45,78	18,42
45,81	18,57
45,83	18,71
45,86	18,86
45,88	19,04
45,90	19,19
45,93	19,35
45,95	19,53
45,98	19,68
46,00	19,86
46,03	20,00
46,05	20,14
46,08	20,31
46,10	20,45
46,12	20,58
46,15	20,73
46,17	20,86
46,20	21,03
46,22	21,19
46,25	21,33
46,27	21,48
46,30	21,64
46,32	21,76
46,34	21,93
46,37	22,04
46,39	22,16
46,42	22,26
46,44	22,37
46,47	22,51
46,49	22,62
46,52	22,72
46,54	22,85
46,56	22,94
46,59	23,06
46,61	23,15
46,64	23,22
46,66	23,32
46,69	23,39
46,71	23,46
46,73	23,53
46,76	23,60
46,78	23,66
46,81	23,74
46,83	23,79
46,86	23,86
46,88	23,90
46,91	23,96
46,93	23,99
46,95	24,04
46,98	24,04
47,00	24,09
47,03	24,07
47,05	24,12
47,08	24,12
47,10	24,15
47,13	24,14
47,15	24,16
47,17	24,13
47,20	24,16
47,22	24,11
47,25	24,11
47,27	24,05
47,30	24,01
47,32	23,93
47,35	23,90
47,37	23,81
47,39	23,78
47,42	23,70
47,44	23,66
47,47	23,61
47,49	23,58
47,52	23,50
47,54	23,47
47,57	23,37
47,59	23,30
47,61	23,19
47,64	23,10
47,66	22,96
47,69	22,86
47,71	22,69
47,74	22,58
47,76	22,44
47,78	22,35
47,81	22,22
47,83	22,12
47,86	22,01
47,88	21,91
47,91	21,78
47,93	21,70
47,96	21,53
47,98	21,39
48,00	21,22
48,03	21,05
48,05	20,89
48,08	20,75
48,10	20,58
48,13	20,47
48,15	20,32
48,18	20,21
48,20	20,09
48,22	19,97
48,25	19,83
48,27	19,70
48,30	19,54
48,32	19,40
48,35	19,25
48,37	19,11
48,40	18,96
48,42	18,82
48,44	18,69
48,47	18,60
48,49	18,49
48,52	18,39
48,54	18,30
48,57	18,19
48,59	18,11
48,62	18,00
48,64	17,89
48,66	17,84
48,69	17,74
48,71	17,64
48,74	17,58
48,76	17,49
48,79	17,43
48,81	17,37
48,84	17,30
48,86	17,27
48,88	17,24
48,91	17,19
48,93	17,20
48,96	17,16
48,98	17,15
49,01	17,12
49,03	17,12
49,05	17,12
49,08	17,12
49,10	17,11
49,13	17,16
49,15	17,15
49,18	17,18
49,20	17,19
49,23	17,22
49,25	17,23
49,27	17,27
49,30	17,27
49,32	17,33
49,35	17,36
49,37	17,43
49,40	17,50
49,42	17,59
49,45	17,64
49,47	17,74
49,49	17,80
49,52	17,91
49,54	17,97
49,57	18,04
49,59	18,13
49,62	18,23
49,64	18,31
49,67	18,43
49,69	18,52
49,71	18,64
49,74	18,76
49,76	18,87
49,79	19,00
49,81	19,14
49,84	19,25
49,86	19,41
49,89	19,54
49,91	19,67
49,93	19,80
49,96	19,94
49,98	20,08
50,01	20,23
50,03	20,36
50,06	20,52
50,08	20,70
50,10	20,88
50,13	21,07
50,15	21,24
50,18	21,42
50,20	21,57
50,23	21,74
50,25	21,88
50,28	22,02
50,30	22,13
50,32	22,30
50,35	22,44
50,37	22,64
50,40	22,82
50,42	23,00
50,45	23,18
50,47	23,39
50,50	23,56
50,52	23,78
50,54	23,94
50,57	24,13
50,59	24,33
50,62	24,52
50,64	24,69
50,67	24,90
50,69	25,05
50,72	25,27
50,74	25,45
50,76	25,65
50,79	25,86
50,81	26,06
50,84	26,23
50,86	26,47
50,89	26,63
50,91	26,82
50,94	26,99
50,96	27,16
50,98	27,35
51,01	27,54
51,03	27,68
51,06	27,88
51,08	28,02
51,11	28,19
51,13	28,37
51,15	28,54
51,18	28,71
51,20	28,90
51,23	29,07
51,25	29,26
51,28	29,41
51,30	29,55
51,33	29,71
51,35	29,85
51,37	29,96
51,40	30,10
51,42	30,23
51,45	30,38
51,47	30,53
51,50	30,65
51,52	30,79
51,55	30,91
51,57	31,02
51,59	31,13
51,62	31,22
51,64	31,29
51,67	31,37
51,69	31,43
51,72	31,51
51,74	31,58
51,77	31,64
51,79	31,71
51,81	31,76
51,84	31,83
51,86	31,90
51,89	31,94
51,91	32,00
51,94	32,06
51,96	32,10
51,99	32,14
52,01	32,15
52,03	32,15
52,06	32,20
52,08	32,19
52,11	32,19
52,13	32,18
52,16	32,17
52,18	32,15
52,20	32,15
52,23	32,11
52,25	32,10
52,28	32,04
52,30	32,00
52,33	31,96
52,35	31,91
52,38	31,84
52,40	31,77
52,42	31,68
52,45	31,62
52,47	31,55
52,50	31,48
52,52	31,38
52,55	31,28
52,57	31,17
52,60	31,09
52,62	30,96
52,64	30,88
52,67	30,74
52,69	30,63
52,72	30,50
52,74	30,39
52,77	30,25
52,79	30,16
52,82	29,99
52,84	29,86
52,86	29,69
52,89	29,56
52,91	29,38
52,94	29,22
52,96	29,01
52,99	28,86
53,01	28,68
53,04	28,54
53,06	28,37
53,08	28,23
53,11	28,07
53,13	27,93
53,16	27,75
53,18	27,63
53,21	27,44
53,23	27,27
53,26	27,10
53,28	26,93
53,30	26,78
53,33	26,65
53,35	26,47
53,38	26,34
53,40	26,17
53,43	26,04
53,45	25,94
53,47	25,81
53,50	25,66
53,52	25,54
53,55	25,41
53,57	25,31
53,60	25,20
53,62	25,08
53,65	24,96
53,67	24,86
53,69	24,77
53,72	24,68
53,74	24,59
53,77	24,52
53,79	24,45
53,82	24,39
53,84	24,35
53,87	24,28
53,89	24,23
53,91	24,22
53,94	24,18
53,96	24,15
53,99	24,12
54,01	24,07
54,04	24,07
54,06	24,07
54,09	24,06
54,11	24,06
54,13	24,06
54,16	24,09
54,18	24,16
54,21	24,18
54,23	24,23
54,26	24,28
54,28	24,35
54,31	24,42
54,33	24,50
54,35	24,57
54,38	24,66
54,40	24,74
54,43	24,81
54,45	24,89
54,48	24,98
54,50	25,04
54,52	25,13
54,55	25,24
54,57	25,37
54,60	25,50
54,62	25,64
54,65	25,82
54,67	25,98
54,70	26,11
54,72	26,25
54,74	26,34
54,77	26,47
54,79	26,58
54,82	26,69
54,84	26,83
54,87	27,00
54,89	27,17
54,92	27,38
54,94	27,58
54,96	27,77
54,99	27,98
55,01	28,17
55,04	28,37
55,06	28,55
55,09	28,70
55,11	28,86
55,14	29,05
55,16	29,21
55,18	29,39
55,21	29,53
55,23	29,71
55,26	29,94
55,28	30,17
55,31	30,38
55,33	30,62
55,36	30,81
55,38	31,09
55,40	31,32
55,43	31,52
55,45	31,71
55,48	31,89
55,50	32,07
55,53	32,29
55,55	32,44
55,57	32,65
55,60	32,85
55,62	33,10
55,65	33,34
55,67	33,59
55,70	33,80
55,72	34,05
55,75	34,26
55,77	34,47
55,79	34,65
55,82	34,86
55,84	35,04
55,87	35,26
55,89	35,44
55,92	35,64
55,94	35,85
55,97	36,07
55,99	36,27
56,01	36,48
56,04	36,67
56,06	36,90
56,09	37,11
56,11	37,34
56,14	37,50
56,16	37,68
56,19	37,85
56,21	38,00
56,23	38,15
56,26	38,33
56,28	38,46
56,31	38,65
56,33	38,81
56,36	38,99
56,38	39,17
56,41	39,35
56,43	39,49
56,45	39,67
56,48	39,80
56,50	39,95
56,53	40,08
56,55	40,19
56,58	40,30
56,60	40,43
56,62	40,51
56,65	40,62
56,67	40,69
56,70	40,79
56,72	40,92
56,75	41,02
56,77	41,12
56,80	41,22
56,82	41,32
56,84	41,44
56,87	41,50
56,89	41,52
56,92	41,56
56,94	41,59
56,97	41,63
56,99	41,65
57,02	41,67
57,04	41,70
57,06	41,72
57,09	41,75
57,11	41,79
57,14	41,79
57,16	41,81
57,19	41,81
57,21	41,81
57,24	41,81
57,26	41,79
57,28	41,75
57,31	41,72
57,33	41,67
57,36	41,63
57,38	41,58
57,41	41,50
57,43	41,42
57,46	41,35
57,48	41,24
57,50	41,15
57,53	41,05
57,55	40,96
57,58	40,89
57,60	40,79
57,63	40,66
57,65	40,58
57,68	40,46
57,70	40,34
57,72	40,18
57,75	40,02
57,77	39,84
57,80	39,69
57,82	39,51
57,85	39,38
57,87	39,20
57,89	39,07
57,92	38,91
57,94	38,78
57,97	38,61
57,99	38,49
58,02	38,28
58,04	38,12
58,07	37,93
58,09	37,76
58,11	37,58
58,14	37,39
58,16	37,17
58,19	37,00
58,21	36,79
58,24	36,62
58,26	36,44
58,29	36,26
58,31	36,11
58,33	35,97
58,36	35,79
58,38	35,65
58,41	35,51
58,43	35,34
58,46	35,16
58,48	35,00
58,51	34,84
58,53	34,69
58,55	34,54
58,58	34,40
58,60	34,27
58,63	34,17
58,65	34,08
58,68	33,97
58,70	33,87
58,73	33,76
58,75	33,63
58,77	33,55
58,80	33,45
58,82	33,34
58,85	33,27
58,87	33,20
58,90	33,14
58,92	33,09
58,94	33,03
58,97	33,00
58,99	32,99
59,02	32,96
59,04	32,96
59,07	32,94
59,09	32,94
59,12	32,94
59,14	32,96
59,16	32,96
59,19	32,99
59,21	33,02
59,24	33,09
59,26	33,10
59,29	33,16
59,31	33,23
59,34	33,33
59,36	33,40
59,38	33,48
59,41	33,55
59,43	33,68
59,46	33,80
59,48	33,89
59,51	34,00
59,53	34,13
59,56	34,24
59,58	34,40
59,60	34,49
59,63	34,61
59,65	34,74
59,68	34,87
59,70	35,01
59,73	35,18
59,75	35,30
59,78	35,50
59,80	35,65
59,82	35,79
59,85	35,96
59,87	36,14
59,90	36,31
59,92	36,51
59,95	36,67
59,97	36,83
59,99	36,97
