U1/V	IA/nA
0,02	0,50
0,04	0,51
0,07	0,49
0,09	0,49
0,12	0,46
0,14	0,48
0,17	0,47
0,19	0,47
0,21	0,45
0,24	0,46
0,26	0,44
0,29	0,48
0,31	0,46
0,34	0,45
0,36	0,45
0,39	0,48
0,41	0,47
0,43	0,49
0,46	0,46
0,48	0,49
0,51	0,49
0,53	0,49
0,56	0,48
0,58	0,49
0,61	0,47
0,63	0,51
0,65	0,49
0,68	0,51
0,70	0,49
0,73	0,50
0,75	0,49
0,78	0,51
0,80	0,46
0,83	0,48
0,85	0,46
0,87	0,47
0,90	0,45
0,92	0,45
0,95	0,45
0,97	0,47
1,00	0,46
1,02	0,47
1,05	0,45
1,07	0,46
1,09	0,47
1,12	0,48
1,14	0,48
1,17	0,49
1,19	0,49
1,22	0,50
1,24	0,51
1,26	0,48
1,29	0,49
1,31	0,48
1,34	0,49
1,36	0,51
1,39	0,52
1,41	0,51
1,44	0,52
1,46	0,51
1,48	0,53
1,51	0,52
1,53	0,50
1,56	0,50
1,58	0,50
1,61	0,48
1,63	0,49
1,66	0,47
1,68	0,49
1,70	0,47
1,73	0,49
1,75	0,48
1,78	0,49
1,80	0,47
1,83	0,51
1,85	0,49
1,88	0,51
1,90	0,49
1,92	0,51
1,95	0,50
1,97	0,52
2,00	0,49
2,02	0,51
2,05	0,49
2,07	0,49
2,10	0,50
2,12	0,52
2,14	0,49
2,17	0,52
2,19	0,50
2,22	0,53
2,24	0,52
2,27	0,51
2,29	0,50
2,31	0,50
2,34	0,47
2,36	0,49
2,39	0,46
2,41	0,48
2,44	0,46
2,46	0,47
2,49	0,47
2,51	0,50
2,53	0,48
2,56	0,51
2,58	0,50
2,61	0,51
2,63	0,52
2,66	0,53
2,68	0,52
2,71	0,52
2,73	0,48
2,75	0,49
2,78	0,48
2,80	0,47
2,83	0,50
2,85	0,49
2,88	0,49
2,90	0,50
2,93	0,50
2,95	0,53
2,97	0,53
3,00	0,49
3,02	0,49
3,05	0,47
3,07	0,47
3,10	0,47
3,12	0,46
3,15	0,45
3,17	0,45
3,19	0,45
3,22	0,48
3,24	0,46
3,27	0,47
3,29	0,47
3,32	0,47
3,34	0,47
3,36	0,49
3,39	0,48
3,41	0,50
3,44	0,48
3,46	0,47
3,49	0,46
3,51	0,47
3,54	0,46
3,56	0,50
3,58	0,48
3,61	0,49
3,63	0,49
3,66	0,50
3,68	0,50
3,71	0,51
3,73	0,46
3,76	0,49
3,78	0,47
3,80	0,49
3,83	0,47
3,85	0,48
3,88	0,48
3,90	0,49
3,93	0,48
3,95	0,50
3,98	0,48
4,00	0,49
4,02	0,50
4,05	0,51
4,07	0,50
4,10	0,51
4,12	0,49
4,15	0,51
4,17	0,50
4,20	0,48
4,22	0,48
4,24	0,46
4,27	0,46
4,29	0,49
4,32	0,49
4,34	0,51
4,37	0,51
4,39	0,51
4,42	0,54
4,44	0,53
4,46	0,51
4,49	0,51
4,51	0,48
4,54	0,47
4,56	0,47
4,59	0,45
4,61	0,46
4,63	0,46
4,66	0,47
4,68	0,49
4,71	0,50
4,73	0,48
4,76	0,52
4,78	0,51
4,81	0,52
4,83	0,51
4,85	0,51
4,88	0,50
4,90	0,52
4,93	0,49
4,95	0,50
4,98	0,48
5,00	0,49
5,03	0,49
5,05	0,51
5,07	0,50
5,10	0,51
5,12	0,49
5,15	0,53
5,17	0,51
5,20	0,51
5,22	0,49
5,25	0,48
5,27	0,47
5,29	0,49
5,32	0,46
5,34	0,48
5,37	0,46
5,39	0,47
5,42	0,48
5,44	0,50
5,47	0,48
5,49	0,51
5,51	0,50
5,54	0,52
5,56	0,51
5,59	0,51
5,61	0,49
5,64	0,51
5,66	0,48
5,68	0,50
5,71	0,47
5,73	0,48
5,76	0,48
5,78	0,47
5,81	0,47
5,83	0,48
5,86	0,47
5,88	0,51
5,90	0,50
5,93	0,51
5,95	0,51
5,98	0,49
6,00	0,48
6,03	0,48
6,05	0,45
6,08	0,46
6,10	0,46
6,12	0,45
6,15	0,48
6,17	0,48
6,20	0,48
6,22	0,51
6,25	0,50
6,27	0,49
6,30	0,50
6,32	0,50
6,34	0,51
6,37	0,50
6,39	0,48
6,42	0,48
6,44	0,47
6,47	0,47
6,49	0,48
6,52	0,46
6,54	0,48
6,56	0,47
6,59	0,47
6,61	0,50
6,64	0,50
6,66	0,49
6,69	0,51
6,71	0,47
6,73	0,48
6,76	0,47
6,78	0,47
6,81	0,46
6,83	0,46
6,86	0,44
6,88	0,49
6,91	0,47
6,93	0,49
6,95	0,49
6,98	0,51
7,00	0,50
7,03	0,52
7,05	0,49
7,08	0,51
7,10	0,50
7,13	0,49
7,15	0,48
7,17	0,48
7,20	0,47
7,22	0,49
7,25	0,49
7,27	0,51
7,30	0,51
7,32	0,51
7,35	0,53
7,37	0,54
7,39	0,53
7,42	0,54
7,44	0,50
7,47	0,51
7,49	0,51
7,52	0,50
7,54	0,50
7,57	0,50
7,59	0,49
7,61	0,53
7,64	0,51
7,66	0,51
7,69	0,53
7,71	0,54
7,74	0,54
7,76	0,54
7,78	0,53
7,81	0,54
7,83	0,54
7,86	0,53
7,88	0,54
7,91	0,51
7,93	0,52
7,96	0,52
7,98	0,52
8,00	0,53
8,03	0,53
8,05	0,51
8,08	0,55
8,10	0,54
8,13	0,55
8,15	0,55
8,18	0,53
8,20	0,51
8,22	0,52
8,25	0,50
8,27	0,53
8,30	0,51
8,32	0,52
8,35	0,53
8,37	0,54
8,40	0,53
8,42	0,54
8,44	0,52
8,47	0,55
8,49	0,53
8,52	0,54
8,54	0,53
8,57	0,55
8,59	0,53
8,62	0,55
8,64	0,52
8,66	0,53
8,69	0,52
8,71	0,54
8,74	0,53
8,76	0,55
8,79	0,52
8,81	0,59
8,84	0,57
8,86	0,58
8,88	0,57
8,91	0,56
8,93	0,55
8,96	0,56
8,98	0,53
9,01	0,54
9,03	0,51
9,05	0,52
9,08	0,54
9,10	0,55
9,13	0,54
9,15	0,56
9,18	0,54
9,20	0,57
9,23	0,57
9,25	0,57
9,27	0,56
9,30	0,56
9,32	0,55
9,35	0,57
9,37	0,55
9,40	0,55
9,42	0,56
9,45	0,56
9,47	0,58
9,49	0,58
9,52	0,58
9,54	0,63
9,57	0,63
9,59	0,61
9,62	0,61
9,64	0,60
9,67	0,61
9,69	0,61
9,71	0,59
9,74	0,59
9,76	0,59
9,79	0,59
9,81	0,61
9,84	0,60
9,86	0,61
9,89	0,60
9,91	0,61
9,93	0,62
9,96	0,63
9,98	0,62
10,01	0,64
10,03	0,63
10,06	0,64
10,08	0,63
10,10	0,63
10,13	0,61
10,15	0,63
10,18	0,60
10,20	0,63
10,23	0,62
10,25	0,64
10,28	0,67
10,30	0,68
10,32	0,66
10,35	0,68
10,37	0,66
10,40	0,68
10,42	0,66
10,45	0,65
10,47	0,64
10,50	0,64
10,52	0,62
10,54	0,65
10,57	0,63
10,59	0,64
10,62	0,64
10,64	0,66
10,67	0,67
10,69	0,69
10,72	0,67
10,74	0,70
10,76	0,69
10,79	0,70
10,81	0,70
10,84	0,68
10,86	0,67
10,89	0,69
10,91	0,67
10,94	0,69
10,96	0,68
10,98	0,68
11,01	0,70
11,03	0,69
11,06	0,68
11,08	0,70
11,11	0,69
11,13	0,69
11,15	0,68
11,18	0,69
11,20	0,70
11,23	0,69
11,25	0,68
11,28	0,69
11,30	0,70
11,33	0,70
11,35	0,71
11,37	0,70
11,40	0,73
11,42	0,73
11,45	0,74
11,47	0,73
11,50	0,75
11,52	0,74
11,55	0,77
11,57	0,75
11,59	0,76
11,62	0,75
11,64	0,77
11,67	0,77
11,69	0,78
11,72	0,75
11,74	0,78
11,77	0,77
11,79	0,78
11,81	0,77
11,84	0,78
11,86	0,75
11,89	0,78
11,91	0,77
11,94	0,78
11,96	0,74
11,99	0,76
12,01	0,76
12,03	0,78
12,06	0,77
12,08	0,80
12,11	0,79
12,13	0,83
12,16	0,83
12,18	0,83
12,21	0,83
12,23	0,84
12,25	0,81
12,28	0,84
12,30	0,82
12,33	0,84
12,35	0,83
12,38	0,84
12,40	0,84
12,42	0,87
12,45	0,84
12,47	0,87
12,50	0,85
12,52	0,86
12,55	0,86
12,57	0,86
12,60	0,85
12,62	0,86
12,64	0,84
12,67	0,87
12,69	0,84
12,72	0,84
12,74	0,86
12,77	0,86
12,79	0,87
12,82	0,87
12,84	0,86
12,86	0,89
12,89	0,90
12,91	0,88
12,94	0,89
12,96	0,89
12,99	0,89
13,01	0,92
13,04	0,93
13,06	0,93
13,08	0,94
13,11	0,93
13,13	0,94
13,16	0,95
13,18	0,94
13,21	0,95
13,23	0,95
13,26	0,94
13,28	0,97
13,30	0,96
13,33	0,98
13,35	0,96
13,38	0,97
13,40	0,97
13,43	0,96
13,45	0,94
13,47	0,97
13,50	0,95
13,52	0,97
13,55	0,95
13,57	0,97
13,60	0,98
13,62	1,01
13,65	0,98
13,67	1,01
13,69	0,99
13,72	1,01
13,74	1,01
13,77	1,03
13,79	1,01
13,82	1,03
13,84	1,01
13,87	1,04
13,89	1,04
13,91	1,03
13,94	1,03
13,96	1,03
13,99	1,03
14,01	1,05
14,04	1,03
14,06	1,04
14,09	1,03
14,11	1,04
14,13	1,05
14,16	1,05
14,18	1,05
14,21	1,08
14,23	1,07
14,26	1,09
14,28	1,09
14,31	1,09
14,33	1,10
14,35	1,10
14,38	1,08
14,40	1,08
14,43	1,07
14,45	1,07
14,48	1,09
14,50	1,08
14,52	1,09
14,55	1,10
14,57	1,11
14,60	1,13
14,62	1,14
14,65	1,12
14,67	1,13
14,70	1,12
14,72	1,12
14,74	1,11
14,77	1,11
14,79	1,10
14,82	1,10
14,84	1,09
14,87	1,11
14,89	1,10
14,92	1,10
14,94	1,11
14,96	1,12
14,99	1,11
15,01	1,13
15,04	1,12
15,06	1,13
15,09	1,13
15,11	1,12
15,14	1,12
15,16	1,14
15,18	1,12
15,21	1,16
15,23	1,15
15,26	1,16
15,28	1,15
15,31	1,17
15,33	1,17
15,36	1,19
15,38	1,15
15,40	1,17
15,43	1,16
15,45	1,17
15,48	1,16
15,50	1,17
15,53	1,15
15,55	1,17
15,57	1,15
15,60	1,18
15,62	1,17
15,65	1,18
15,67	1,18
15,70	1,20
15,72	1,19
15,75	1,21
15,77	1,19
15,79	1,20
15,82	1,20
15,84	1,20
15,87	1,20
15,89	1,20
15,92	1,19
15,94	1,23
15,97	1,22
15,99	1,23
16,01	1,23
16,04	1,21
16,06	1,23
16,09	1,24
16,11	1,23
16,14	1,24
16,16	1,23
16,19	1,23
16,21	1,25
16,23	1,24
16,26	1,25
16,28	1,25
16,31	1,25
16,33	1,26
16,36	1,27
16,38	1,27
16,41	1,30
16,43	1,29
16,45	1,29
16,48	1,30
16,50	1,30
16,53	1,30
16,55	1,31
16,58	1,29
16,60	1,31
16,63	1,30
16,65	1,31
16,67	1,34
16,70	1,35
16,72	1,35
16,75	1,36
16,77	1,34
16,80	1,38
16,82	1,37
16,84	1,36
16,87	1,36
16,89	1,37
16,92	1,37
16,94	1,39
16,97	1,37
16,99	1,41
17,02	1,39
17,04	1,41
17,06	1,42
17,09	1,44
17,11	1,43
17,14	1,47
17,16	1,46
17,19	1,49
17,21	1,49
17,24	1,50
17,26	1,50
17,28	1,53
17,31	1,50
17,33	1,52
17,36	1,51
17,38	1,52
17,41	1,54
17,43	1,55
17,46	1,55
17,48	1,58
17,50	1,57
17,53	1,62
17,55	1,62
17,58	1,62
17,60	1,62
17,63	1,61
17,65	1,60
17,68	1,62
17,70	1,60
17,72	1,61
17,75	1,61
17,77	1,62
17,80	1,65
17,82	1,66
17,85	1,67
17,87	1,70
17,89	1,69
17,92	1,70
17,94	1,71
17,97	1,72
17,99	1,73
18,02	1,73
18,04	1,72
18,07	1,73
18,09	1,73
18,11	1,73
18,14	1,76
18,16	1,75
18,19	1,76
18,21	1,76
18,24	1,77
18,26	1,79
18,29	1,81
18,31	1,79
18,33	1,81
18,36	1,80
18,38	1,82
18,41	1,82
18,43	1,82
18,46	1,82
18,48	1,83
18,51	1,81
18,53	1,85
18,55	1,84
18,58	1,85
18,60	1,86
18,63	1,88
18,65	1,89
18,68	1,91
18,70	1,90
18,73	1,92
18,75	1,91
18,77	1,90
18,80	1,90
18,82	1,90
18,85	1,88
18,87	1,91
18,90	1,88
18,92	1,90
18,94	1,89
18,97	1,90
18,99	1,92
19,02	1,93
19,04	1,91
19,07	1,93
19,09	1,90
19,12	1,91
19,14	1,90
19,16	1,90
19,19	1,89
19,21	1,89
19,24	1,87
19,26	1,92
19,29	1,90
19,31	1,91
19,34	1,93
19,36	1,95
19,38	1,95
19,41	1,96
19,43	1,93
19,46	1,93
19,48	1,92
19,51	1,90
19,53	1,90
19,56	1,89
19,58	1,88
19,60	1,89
19,63	1,90
19,65	1,90
19,68	1,89
19,70	1,88
19,73	1,91
19,75	1,90
19,78	1,90
19,80	1,90
19,82	1,88
19,85	1,88
19,87	1,89
19,90	1,87
19,92	1,88
19,95	1,87
19,97	1,87
19,99	1,89
20,02	1,90
20,04	1,88
20,07	1,90
20,09	1,89
20,12	1,90
20,14	1,90
20,17	1,91
20,19	1,90
20,21	1,92
20,24	1,89
20,26	1,91
20,29	1,89
20,31	1,88
20,34	1,87
20,36	1,88
20,39	1,87
20,41	1,89
20,43	1,87
20,46	1,92
20,48	1,92
20,51	1,93
20,53	1,91
20,56	1,91
20,58	1,89
20,61	1,91
20,63	1,87
20,65	1,89
20,68	1,88
20,70	1,88
20,73	1,90
20,75	1,92
20,78	1,92
20,80	1,95
20,83	1,94
20,85	1,96
20,87	1,97
20,90	1,98
20,92	1,97
20,95	1,97
20,97	1,95
21,00	1,97
21,02	1,95
21,05	1,96
21,07	1,97
21,09	1,98
21,12	1,99
21,14	2,01
21,17	2,01
21,19	2,07
21,22	2,08
21,24	2,08
21,26	2,08
21,29	2,08
21,31	2,08
21,34	2,09
21,36	2,07
21,39	2,08
21,41	2,08
21,44	2,09
21,46	2,13
21,48	2,14
21,51	2,16
21,53	2,18
21,56	2,19
21,58	2,21
21,61	2,23
21,63	2,24
21,66	2,27
21,68	2,27
21,70	2,28
21,73	2,30
21,75	2,31
21,78	2,33
21,80	2,36
21,83	2,36
21,85	2,40
21,88	2,41
21,90	2,43
21,92	2,47
21,95	2,49
21,97	2,49
22,00	2,53
22,02	2,51
22,05	2,54
22,07	2,55
22,10	2,56
22,12	2,56
22,14	2,59
22,17	2,59
22,19	2,64
22,22	2,65
22,24	2,68
22,27	2,69
22,29	2,73
22,31	2,75
22,34	2,78
22,36	2,77
22,39	2,80
22,41	2,80
22,44	2,82
22,46	2,83
22,49	2,84
22,51	2,84
22,53	2,87
22,56	2,87
22,58	2,92
22,61	2,93
22,63	2,94
22,66	2,99
22,68	3,00
22,71	2,99
22,73	3,02
22,75	3,02
22,78	3,03
22,80	3,04
22,83	3,05
22,85	3,07
22,88	3,08
22,90	3,08
22,93	3,10
22,95	3,11
22,97	3,11
23,00	3,11
23,02	3,12
23,05	3,15
23,07	3,15
23,10	3,14
23,12	3,15
23,15	3,17
23,17	3,17
23,19	3,19
23,22	3,17
23,24	3,18
23,27	3,17
23,29	3,19
23,32	3,19
23,34	3,20
23,36	3,17
23,39	3,21
23,41	3,20
23,44	3,21
23,46	3,20
23,49	3,20
23,51	3,19
23,54	3,19
23,56	3,17
23,58	3,18
23,61	3,15
23,63	3,14
23,66	3,13
23,68	3,14
23,71	3,12
23,73	3,14
23,76	3,12
23,78	3,15
23,80	3,13
23,83	3,13
23,85	3,10
23,88	3,12
23,90	3,09
23,93	3,11
23,95	3,06
23,98	3,07
24,00	3,05
24,02	3,06
24,05	3,04
24,07	3,05
24,10	3,02
24,12	3,05
24,15	3,03
24,17	3,04
24,20	3,01
24,22	3,01
24,24	2,99
24,27	3,00
24,29	2,96
24,32	2,96
24,34	2,92
24,37	2,93
24,39	2,92
24,42	2,93
24,44	2,91
24,46	2,92
24,49	2,90
24,51	2,92
24,54	2,91
24,56	2,90
24,59	2,89
24,61	2,88
24,63	2,87
24,66	2,89
24,68	2,87
24,71	2,87
24,73	2,86
24,76	2,85
24,78	2,85
24,81	2,85
24,83	2,83
24,85	2,84
24,88	2,83
24,90	2,82
24,93	2,83
24,95	2,81
24,98	2,82
25,00	2,82
25,03	2,82
25,05	2,82
25,07	2,81
25,10	2,79
25,12	2,82
25,15	2,81
25,17	2,82
25,20	2,81
25,22	2,82
25,25	2,83
25,27	2,86
25,29	2,84
25,32	2,86
25,34	2,84
25,37	2,86
25,39	2,87
25,42	2,89
25,44	2,88
25,47	2,90
25,49	2,88
25,51	2,92
25,54	2,91
25,56	2,91
25,59	2,92
25,61	2,94
25,64	2,93
25,66	2,96
25,68	2,95
25,71	2,99
25,73	2,99
25,76	3,02
25,78	3,03
25,81	3,05
25,83	3,06
25,86	3,11
25,88	3,10
25,90	3,12
25,93	3,13
25,95	3,16
25,98	3,18
26,00	3,22
26,03	3,21
26,05	3,26
26,08	3,28
26,10	3,31
26,12	3,35
26,15	3,39
26,17	3,40
26,20	3,44
26,22	3,46
26,25	3,51
26,27	3,53
26,30	3,53
26,32	3,56
26,34	3,58
26,37	3,61
26,39	3,64
26,42	3,67
26,44	3,70
26,47	3,72
26,49	3,75
26,52	3,80
26,54	3,80
26,56	3,83
26,59	3,86
26,61	3,90
26,64	3,93
26,66	3,97
26,69	4,00
26,71	4,06
26,73	4,10
26,76	4,13
26,78	4,16
26,81	4,21
26,83	4,24
26,86	4,30
26,88	4,31
26,91	4,36
26,93	4,38
26,95	4,43
26,98	4,46
27,00	4,50
27,03	4,50
27,05	4,56
27,08	4,58
27,10	4,62
27,13	4,64
27,15	4,68
27,17	4,70
27,20	4,74
27,22	4,74
27,25	4,79
27,27	4,79
27,30	4,83
27,32	4,86
27,35	4,90
27,37	4,92
27,39	4,97
27,42	4,97
27,44	5,02
27,47	5,03
27,49	5,05
27,52	5,05
27,54	5,08
27,57	5,08
27,59	5,13
27,61	5,13
27,64	5,17
27,66	5,17
27,69	5,20
27,71	5,21
27,74	5,23
27,76	5,21
27,78	5,23
27,81	5,21
27,83	5,21
27,86	5,20
27,88	5,20
27,91	5,20
27,93	5,22
27,96	5,21
27,98	5,22
28,00	5,19
28,03	5,19
28,05	5,20
28,08	5,20
28,10	5,19
28,13	5,19
28,15	5,19
28,18	5,20
28,20	5,20
28,22	5,18
28,25	5,16
28,27	5,14
28,30	5,12
28,32	5,12
28,35	5,11
28,37	5,08
28,40	5,06
28,42	5,04
28,44	5,04
28,47	5,02
28,49	4,98
28,52	4,96
28,54	4,95
28,57	4,92
28,59	4,90
28,62	4,86
28,64	4,85
28,66	4,83
28,69	4,81
28,71	4,80
28,74	4,78
28,76	4,75
28,79	4,75
28,81	4,72
28,84	4,70
28,86	4,67
28,88	4,65
28,91	4,62
28,93	4,61
28,96	4,57
28,98	4,56
29,01	4,52
29,03	4,51
29,05	4,50
29,08	4,49
29,10	4,46
29,13	4,44
29,15	4,41
29,18	4,42
29,20	4,39
29,23	4,37
29,25	4,34
29,27	4,32
29,30	4,29
29,32	4,29
29,35	4,25
29,37	4,25
29,40	4,22
29,42	4,21
29,45	4,21
29,47	4,20
29,49	4,18
29,52	4,19
29,54	4,16
29,57	4,17
29,59	4,16
29,62	4,15
29,64	4,15
29,67	4,15
29,69	4,12
29,71	4,13
29,74	4,12
29,76	4,11
29,79	4,13
29,81	4,12
29,84	4,12
29,86	4,13
29,89	4,14
29,91	4,17
29,93	4,18
29,96	4,16
29,98	4,18
30,01	4,17
30,03	4,18
30,06	4,18
30,08	4,18
30,10	4,18
30,13	4,20
30,15	4,19
30,18	4,24
30,20	4,25
30,23	4,27
30,25	4,30
30,28	4,34
30,30	4,36
30,32	4,40
30,35	4,40
30,37	4,42
30,40	4,44
30,42	4,45
30,45	4,47
30,47	4,51
30,50	4,52
30,52	4,60
30,54	4,63
30,57	4,67
30,59	4,69
30,62	4,74
30,64	4,79
30,67	4,83
30,69	4,82
30,72	4,88
30,74	4,90
30,76	4,94
30,79	4,97
30,81	5,00
30,84	5,03
30,86	5,08
30,89	5,11
30,91	5,19
30,94	5,23
30,96	5,30
30,98	5,37
31,01	5,42
31,03	5,47
31,06	5,52
31,08	5,55
31,11	5,62
31,13	5,66
31,15	5,69
31,18	5,75
31,20	5,82
31,23	5,88
31,25	5,97
31,28	6,02
31,30	6,09
31,33	6,15
31,35	6,21
31,37	6,28
31,40	6,34
31,42	6,38
31,45	6,45
31,47	6,49
31,50	6,54
31,52	6,61
31,55	6,65
31,57	6,72
31,59	6,78
31,62	6,84
31,64	6,91
31,67	6,98
31,69	7,04
31,72	7,14
31,74	7,18
31,77	7,25
31,79	7,30
31,81	7,36
31,84	7,41
31,86	7,46
31,89	7,49
31,91	7,56
31,94	7,58
31,96	7,63
31,99	7,70
32,01	7,77
32,03	7,81
32,06	7,87
32,08	7,89
32,11	7,98
32,13	8,01
32,16	8,04
32,18	8,05
32,20	8,07
32,23	8,09
32,25	8,14
32,28	8,12
32,30	8,17
32,33	8,18
32,35	8,22
32,38	8,26
32,40	8,29
32,42	8,28
32,45	8,34
32,47	8,32
32,50	8,35
32,52	8,34
32,55	8,36
32,57	8,35
32,60	8,37
32,62	8,33
32,64	8,36
32,67	8,33
32,69	8,34
32,72	8,31
32,74	8,32
32,77	8,30
32,79	8,30
32,82	8,26
32,84	8,28
32,86	8,25
32,89	8,23
32,91	8,20
32,94	8,15
32,96	8,13
32,99	8,11
33,01	8,04
33,04	8,02
33,06	7,97
33,08	7,93
33,11	7,91
33,13	7,87
33,16	7,83
33,18	7,82
33,21	7,77
33,23	7,74
33,26	7,71
33,28	7,67
33,30	7,63
33,33	7,58
33,35	7,51
33,38	7,47
33,40	7,41
33,43	7,37
33,45	7,34
33,47	7,29
33,50	7,30
33,52	7,26
33,55	7,21
33,57	7,19
33,60	7,15
33,62	7,09
33,65	7,05
33,67	6,93
33,69	6,89
33,72	6,84
33,74	6,79
33,77	6,74
33,79	6,70
33,82	6,65
33,84	6,66
33,87	6,61
33,89	6,59
33,91	6,56
33,94	6,54
33,96	6,49
33,99	6,47
34,01	6,41
34,04	6,40
34,06	6,34
34,09	6,31
34,11	6,28
34,13	6,25
34,16	6,21
34,18	6,21
34,21	6,17
34,23	6,17
34,26	6,13
34,28	6,13
34,31	6,13
34,33	6,12
34,35	6,09
34,38	6,10
34,40	6,05
34,43	6,06
34,45	6,04
34,48	6,02
34,50	6,01
34,52	6,01
34,55	6,01
34,57	6,04
34,60	6,02
34,62	6,03
34,65	6,03
34,67	6,05
34,70	6,06
34,72	6,09
34,74	6,09
34,77	6,12
34,79	6,14
34,82	6,17
34,84	6,19
34,87	6,20
34,89	6,21
34,92	6,24
34,94	6,27
34,96	6,29
34,99	6,32
35,01	6,34
35,04	6,41
35,06	6,45
35,09	6,49
35,11	6,53
35,14	6,55
35,16	6,59
35,18	6,64
35,21	6,65
35,23	6,71
35,26	6,74
35,28	6,80
35,31	6,86
35,33	6,92
35,36	6,97
35,38	7,05
35,40	7,09
35,43	7,16
35,45	7,22
35,48	7,29
35,50	7,35
35,53	7,43
35,55	7,47
35,57	7,56
35,60	7,60
35,62	7,68
35,65	7,75
35,67	7,82
35,70	7,87
35,72	7,96
35,75	8,02
35,77	8,14
35,79	8,21
35,82	8,30
35,84	8,38
35,87	8,46
35,89	8,52
35,92	8,62
35,94	8,67
35,97	8,76
35,99	8,82
36,01	8,92
36,04	9,03
36,06	9,12
36,09	9,20
36,11	9,30
36,14	9,38
36,16	9,50
36,19	9,59
36,21	9,68
36,23	9,77
36,26	9,86
36,28	9,94
36,31	10,04
36,33	10,11
36,36	10,19
36,38	10,28
36,41	10,37
36,43	10,47
36,45	10,57
36,48	10,65
36,50	10,79
36,53	10,89
36,55	10,98
36,58	11,08
36,60	11,12
36,62	11,19
36,65	11,27
36,67	11,32
36,70	11,38
36,72	11,44
36,75	11,50
36,77	11,62
36,80	11,70
36,82	11,78
36,84	11,84
36,87	11,90
36,89	11,97
36,92	12,05
36,94	12,08
36,97	12,13
36,99	12,16
37,02	12,21
37,04	12,26
37,06	12,29
37,09	12,31
37,11	12,36
37,14	12,38
37,16	12,42
37,19	12,44
37,21	12,46
37,24	12,50
37,26	12,52
37,28	12,51
37,31	12,53
37,33	12,52
37,36	12,54
37,38	12,52
37,41	12,51
37,43	12,49
37,46	12,48
37,48	12,45
37,50	12,45
37,53	12,41
37,55	12,40
37,58	12,35
37,60	12,33
37,63	12,31
37,65	12,29
37,68	12,24
37,70	12,21
37,72	12,15
37,75	12,12
37,77	12,07
37,80	12,02
37,82	11,94
37,85	11,89
37,87	11,81
37,89	11,77
37,92	11,68
37,94	11,61
37,97	11,56
37,99	11,50
38,02	11,43
38,04	11,39
38,07	11,30
38,09	11,24
38,11	11,15
38,14	11,07
38,16	10,99
38,19	10,90
38,21	10,80
38,24	10,73
38,26	10,64
38,29	10,56
38,31	10,47
38,33	10,38
38,36	10,31
38,38	10,23
38,41	10,16
38,43	10,09
38,46	10,02
38,48	9,97
38,51	9,91
38,53	9,82
38,55	9,76
38,58	9,68
38,60	9,61
38,63	9,55
38,65	9,48
38,68	9,40
38,70	9,37
38,73	9,28
38,75	9,24
38,77	9,19
38,80	9,13
38,82	9,07
38,85	9,03
38,87	8,97
38,90	8,95
38,92	8,88
38,94	8,84
38,97	8,80
38,99	8,78
39,02	8,73
39,04	8,72
39,07	8,67
39,09	8,68
39,12	8,64
39,14	8,62
39,16	8,60
39,19	8,60
39,21	8,56
39,24	8,58
39,26	8,55
39,29	8,56
39,31	8,55
39,34	8,57
39,36	8,57
39,38	8,60
39,41	8,57
39,43	8,63
39,46	8,61
39,48	8,64
39,51	8,64
39,53	8,66
39,56	8,68
39,58	8,72
39,60	8,73
39,63	8,79
39,65	8,81
39,68	8,86
39,70	8,91
39,73	8,96
39,75	9,00
39,78	9,05
39,80	9,09
39,82	9,16
39,85	9,21
39,87	9,26
39,90	9,31
39,92	9,37
39,95	9,42
39,97	9,51
39,99	9,58
40,02	9,67
40,04	9,75
40,07	9,82
40,09	9,90
40,12	9,97
40,14	10,04
40,17	10,11
40,19	10,17
40,21	10,23
40,24	10,33
40,26	10,41
40,29	10,52
40,31	10,60
40,34	10,71
40,36	10,80
40,39	10,90
40,41	10,99
40,43	11,12
40,46	11,20
40,48	11,32
40,51	11,40
40,53	11,51
40,56	11,61
40,58	11,75
40,61	11,83
40,63	11,96
40,65	12,06
40,68	12,20
40,70	12,33
40,73	12,47
40,75	12,57
40,78	12,70
40,80	12,80
40,83	12,94
40,85	13,04
40,87	13,15
40,90	13,26
40,92	13,39
40,95	13,50
40,97	13,65
41,00	13,77
41,02	13,91
41,05	14,03
41,07	14,17
41,09	14,30
41,12	14,43
41,14	14,54
41,17	14,66
41,19	14,77
41,22	14,90
41,24	15,01
41,26	15,13
41,29	15,27
41,31	15,39
41,34	15,50
41,36	15,64
41,39	15,76
41,41	15,88
41,44	16,01
41,46	16,13
41,48	16,23
41,51	16,34
41,53	16,43
41,56	16,54
41,58	16,64
41,61	16,72
41,63	16,80
41,66	16,88
41,68	16,97
41,70	17,06
41,73	17,13
41,75	17,20
41,78	17,27
41,80	17,34
41,83	17,41
41,85	17,43
41,88	17,48
41,90	17,53
41,92	17,58
41,95	17,62
41,97	17,66
42,00	17,70
42,02	17,76
42,05	17,79
42,07	17,80
42,10	17,81
42,12	17,82
42,14	17,82
42,17	17,85
42,19	17,84
42,22	17,84
42,24	17,83
42,27	17,83
42,29	17,82
42,31	17,80
42,34	17,73
42,36	17,72
42,39	17,65
42,41	17,60
42,44	17,55
42,46	17,50
42,49	17,43
42,51	17,40
42,53	17,34
42,56	17,33
42,58	17,27
42,61	17,21
42,63	17,14
42,66	17,09
42,68	17,00
42,71	16,93
42,73	16,82
42,75	16,76
42,78	16,65
42,80	16,55
42,83	16,44
42,85	16,35
42,88	16,24
42,90	16,19
42,93	16,06
42,95	16,01
42,97	15,91
43,00	15,81
43,02	15,71
43,05	15,61
43,07	15,47
43,10	15,38
43,12	15,22
43,15	15,11
43,17	14,99
43,19	14,87
43,22	14,75
43,24	14,67
43,27	14,55
43,29	14,47
43,32	14,36
43,34	14,27
43,36	14,20
43,39	14,10
43,41	13,96
43,44	13,87
43,46	13,75
43,49	13,65
43,51	13,55
43,54	13,43
43,56	13,33
43,58	13,27
43,61	13,19
43,63	13,15
43,66	13,09
43,68	13,02
43,71	12,96
43,73	12,89
43,76	12,83
43,78	12,76
43,80	12,68
43,83	12,62
43,85	12,58
43,88	12,52
43,90	12,48
43,93	12,43
43,95	12,41
43,98	12,38
44,00	12,35
44,02	12,33
44,05	12,32
44,07	12,29
44,10	12,31
44,12	12,29
44,15	12,28
44,17	12,27
44,20	12,29
44,22	12,30
44,24	12,33
44,27	12,30
44,29	12,33
44,32	12,33
44,34	12,36
44,37	12,40
44,39	12,43
44,41	12,46
44,44	12,51
44,46	12,55
44,49	12,64
44,51	12,68
44,54	12,71
44,56	12,77
44,59	12,82
44,61	12,87
44,63	12,94
44,66	12,96
44,68	13,05
44,71	13,12
44,73	13,20
44,76	13,28
44,78	13,39
44,81	13,48
44,83	13,62
44,85	13,71
44,88	13,82
44,90	13,92
44,93	14,02
44,95	14,12
44,98	14,23
45,00	14,30
45,03	14,40
45,05	14,50
45,07	14,61
45,10	14,75
45,12	14,88
45,15	15,01
45,17	15,15
45,20	15,29
45,22	15,45
45,25	15,60
45,27	15,71
45,29	15,85
45,32	15,96
45,34	16,09
45,37	16,22
45,39	16,34
45,42	16,45
45,44	16,59
45,47	16,72
45,49	16,90
45,51	17,04
45,54	17,20
45,56	17,36
45,59	17,53
45,61	17,68
45,64	17,86
45,66	17,99
45,68	18,16
45,71	18,30
45,73	18,44
45,76	18,58
45,78	18,73
45,81	18,86
45,83	19,05
45,86	19,20
45,88	19,38
45,90	19,54
45,93	19,72
45,95	19,90
45,98	20,07
46,00	20,18
46,03	20,34
46,05	20,44
46,08	20,59
46,10	20,72
46,12	20,85
46,15	21,01
46,17	21,17
46,20	21,33
46,22	21,52
46,25	21,66
46,27	21,81
46,30	21,97
46,32	22,11
46,34	22,26
46,37	22,40
46,39	22,51
46,42	22,65
46,44	22,79
46,47	22,89
46,49	23,00
46,52	23,10
46,54	23,19
46,56	23,32
46,59	23,42
46,61	23,52
46,64	23,63
46,66	23,73
46,69	23,84
46,71	23,92
46,73	23,98
46,76	24,06
46,78	24,09
46,81	24,13
46,83	24,18
46,86	24,20
46,88	24,24
46,91	24,30
46,93	24,34
46,95	24,41
46,98	24,43
47,00	24,46
47,03	24,51
47,05	24,54
47,08	24,56
47,10	24,54
47,13	24,54
47,15	24,53
47,17	24,53
47,20	24,48
47,22	24,46
47,25	24,42
47,27	24,39
47,30	24,35
47,32	24,33
47,35	24,29
47,37	24,25
47,39	24,18
47,42	24,15
47,44	24,09
47,47	24,03
47,49	23,95
47,52	23,86
47,54	23,78
47,57	23,71
47,59	23,59
47,61	23,51
47,64	23,40
47,66	23,30
47,69	23,17
47,71	23,06
47,74	22,91
47,76	22,83
47,78	22,69
47,81	22,61
47,83	22,48
47,86	22,39
47,88	22,26
47,91	22,18
47,93	21,99
47,96	21,87
47,98	21,69
48,00	21,56
48,03	21,41
48,05	21,27
48,08	21,09
48,10	20,96
48,13	20,81
48,15	20,73
48,18	20,57
48,20	20,44
48,22	20,29
48,25	20,15
48,27	20,00
48,30	19,88
48,32	19,70
48,35	19,56
48,37	19,39
48,40	19,27
48,42	19,16
48,44	19,05
48,47	18,92
48,49	18,84
48,52	18,72
48,54	18,64
48,57	18,54
48,59	18,46
48,62	18,35
48,64	18,27
48,66	18,16
48,69	18,07
48,71	17,99
48,74	17,92
48,76	17,84
48,79	17,77
48,81	17,71
48,84	17,65
48,86	17,59
48,88	17,58
48,91	17,54
48,93	17,50
48,96	17,49
48,98	17,46
49,01	17,45
49,03	17,43
49,05	17,41
49,08	17,41
49,10	17,40
49,13	17,40
49,15	17,42
49,18	17,43
49,20	17,47
49,23	17,49
49,25	17,51
49,27	17,56
49,30	17,61
49,32	17,67
49,35	17,75
49,37	17,81
49,40	17,89
49,42	17,96
49,45	18,04
49,47	18,11
49,49	18,20
49,52	18,24
49,54	18,32
49,57	18,39
49,59	18,49
49,62	18,59
49,64	18,69
49,67	18,77
49,69	18,90
49,71	19,01
49,74	19,16
49,76	19,27
49,79	19,40
49,81	19,52
49,84	19,65
49,86	19,76
49,89	19,90
49,91	20,00
49,93	20,14
49,96	20,25
49,98	20,39
50,01	20,57
50,03	20,74
50,06	20,89
50,08	21,09
50,10	21,25
50,13	21,44
50,15	21,62
50,18	21,77
50,20	21,93
50,23	22,08
50,25	22,22
50,28	22,38
50,30	22,53
50,32	22,70
50,35	22,89
50,37	23,08
50,40	23,26
50,42	23,46
50,45	23,65
50,47	23,88
50,50	24,08
50,52	24,26
50,54	24,44
50,57	24,60
50,59	24,77
50,62	24,95
50,64	25,13
50,67	25,30
50,69	25,45
50,72	25,65
50,74	25,89
50,76	26,10
50,79	26,29
50,81	26,49
50,84	26,71
50,86	26,92
50,89	27,13
50,91	27,28
50,94	27,46
50,96	27,64
50,98	27,80
51,01	27,94
51,03	28,12
51,06	28,27
51,08	28,50
51,11	28,66
51,13	28,86
51,15	29,04
51,18	29,25
51,20	29,43
51,23	29,63
51,25	29,72
51,28	29,89
51,30	29,99
51,33	30,14
51,35	30,26
51,37	30,40
51,40	30,51
51,42	30,67
51,45	30,80
51,47	30,97
51,50	31,08
51,52	31,20
51,55	31,33
51,57	31,46
51,59	31,55
51,62	31,67
51,64	31,76
51,67	31,87
51,69	31,96
51,72	32,01
51,74	32,08
51,77	32,17
51,79	32,23
51,81	32,32
51,84	32,36
51,86	32,45
51,89	32,51
51,91	32,57
51,94	32,61
51,96	32,64
51,99	32,64
52,01	32,67
52,03	32,65
52,06	32,68
52,08	32,68
52,11	32,68
52,13	32,68
52,16	32,68
52,18	32,67
52,20	32,68
52,23	32,63
52,25	32,60
52,28	32,60
52,30	32,56
52,33	32,50
52,35	32,45
52,38	32,38
52,40	32,32
52,42	32,26
52,45	32,15
52,47	32,07
52,50	31,96
52,52	31,86
52,55	31,75
52,57	31,64
52,60	31,52
52,62	31,41
52,64	31,31
52,67	31,25
52,69	31,14
52,72	31,03
52,74	30,92
52,77	30,77
52,79	30,63
52,82	30,46
52,84	30,28
52,86	30,14
52,89	29,99
52,91	29,82
52,94	29,67
52,96	29,50
52,99	29,35
53,01	29,23
53,04	29,05
53,06	28,88
53,08	28,71
53,11	28,55
53,13	28,38
53,16	28,20
53,18	28,00
53,21	27,84
53,23	27,63
53,26	27,48
53,28	27,30
53,30	27,14
53,33	26,99
53,35	26,86
53,38	26,70
53,40	26,63
53,43	26,47
53,45	26,35
53,47	26,22
53,50	26,07
53,52	25,91
53,55	25,80
53,57	25,63
53,60	25,52
53,62	25,40
53,65	25,29
53,67	25,20
53,69	25,13
53,72	25,04
53,74	24,99
53,77	24,93
53,79	24,88
53,82	24,81
53,84	24,76
53,87	24,70
53,89	24,66
53,91	24,59
53,94	24,57
53,96	24,52
53,99	24,52
54,01	24,52
54,04	24,51
54,06	24,49
54,09	24,49
54,11	24,49
54,13	24,56
54,16	24,57
54,18	24,59
54,21	24,63
54,23	24,66
54,26	24,74
54,28	24,80
54,31	24,84
54,33	24,91
54,35	24,98
54,38	25,03
54,40	25,14
54,43	25,17
54,45	25,27
54,48	25,34
54,50	25,45
54,52	25,55
54,55	25,69
54,57	25,79
54,60	25,96
54,62	26,07
54,65	26,22
54,67	26,34
54,70	26,47
54,72	26,57
54,74	26,71
54,77	26,82
54,79	26,98
54,82	27,12
54,84	27,28
54,87	27,48
54,89	27,69
54,92	27,85
54,94	28,06
54,96	28,23
54,99	28,43
55,01	28,61
55,04	28,79
55,06	28,97
55,09	29,18
55,11	29,35
55,14	29,53
55,16	29,69
55,18	29,88
55,21	30,06
55,23	30,26
55,26	30,46
55,28	30,68
55,31	30,90
55,33	31,13
55,36	31,33
55,38	31,54
55,40	31,77
55,43	31,95
55,45	32,14
55,48	32,35
55,50	32,53
55,53	32,74
55,55	32,94
55,57	33,13
55,60	33,39
55,62	33,63
55,65	33,85
55,67	34,10
55,70	34,33
55,72	34,57
55,75	34,79
55,77	34,96
55,79	35,17
55,82	35,35
55,84	35,53
55,87	35,74
55,89	35,92
55,92	36,11
55,94	36,35
55,97	36,57
55,99	36,83
56,01	37,05
56,04	37,24
56,06	37,45
56,09	37,69
56,11	37,89
56,14	38,07
56,16	38,21
56,19	38,39
56,21	38,58
56,23	38,75
56,26	38,88
56,28	39,04
56,31	39,18
56,33	39,41
56,36	39,56
56,38	39,73
56,41	39,90
56,43	40,06
56,45	40,22
56,48	40,38
56,50	40,48
56,53	40,61
56,55	40,68
56,58	40,79
56,60	40,93
56,62	41,05
56,65	41,17
56,67	41,29
56,70	41,42
56,72	41,58
56,75	41,71
56,77	41,79
56,80	41,86
56,82	41,93
56,84	41,99
56,87	42,07
56,89	42,09
56,92	42,13
56,94	42,17
56,97	42,21
56,99	42,45
57,02	42,49
57,04	42,49
57,06	42,57
57,09	42,57
57,11	42,57
57,14	42,57
57,16	42,38
57,19	42,38
57,21	42,38
57,24	42,34
57,26	42,34
57,28	42,30
57,31	42,28
57,33	42,27
57,36	42,23
57,38	42,18
57,41	42,13
57,43	42,04
57,46	42,00
57,48	41,90
57,50	41,79
57,53	41,71
57,55	41,63
57,58	41,51
57,60	41,43
57,63	41,29
57,65	41,18
57,68	41,07
57,70	40,93
57,72	40,79
57,75	40,65
57,77	40,48
57,80	40,36
57,82	40,19
57,85	40,01
57,87	39,84
57,89	39,66
57,92	39,51
57,94	39,35
57,97	39,19
57,99	39,03
58,02	38,88
58,04	38,70
58,07	38,53
58,09	38,33
58,11	38,14
58,14	37,94
58,16	37,73
58,19	37,53
58,21	37,37
58,24	37,19
58,26	37,04
58,29	36,85
58,31	36,68
58,33	36,53
58,36	36,37
58,38	36,19
58,41	36,02
58,43	35,82
58,46	35,68
58,48	35,50
58,51	35,34
58,53	35,18
58,55	35,01
58,58	34,85
58,60	34,73
58,63	34,60
58,65	34,50
58,68	34,39
58,70	34,31
58,73	34,23
58,75	34,13
58,77	34,02
58,80	33,96
58,82	33,88
58,85	33,81
58,87	33,74
58,90	33,70
58,92	33,67
58,94	33,65
58,97	33,60
58,99	33,59
59,02	33,56
59,04	33,55
59,07	33,56
59,09	33,54
59,12	33,54
59,14	33,57
59,16	33,58
59,19	33,63
59,21	33,65
59,24	33,67
59,26	33,72
59,29	33,76
59,31	33,82
59,34	33,89
59,36	33,95
59,38	34,02
59,41	34,12
59,43	34,20
59,46	34,31
59,48	34,37
59,51	34,50
59,53	34,63
59,56	34,77
59,58	34,88
59,60	35,02
59,63	35,14
59,65	35,31
59,68	35,42
59,70	35,54
59,73	35,67
59,75	35,84
59,78	35,99
59,80	36,19
59,82	36,34
59,85	36,52
59,87	36,72
59,90	36,92
59,92	37,11
59,95	37,27
59,97	37,38
59,99	37,51
