U1/V	IA/nA
0,02	0,47
0,04	0,48
0,07	0,48
0,09	0,49
0,12	0,50
0,14	0,51
0,17	0,48
0,19	0,50
0,21	0,48
0,24	0,49
0,26	0,50
0,29	0,52
0,31	0,51
0,34	0,53
0,36	0,50
0,39	0,54
0,41	0,51
0,43	0,51
0,46	0,49
0,48	0,49
0,51	0,47
0,53	0,49
0,56	0,46
0,58	0,48
0,61	0,46
0,63	0,47
0,65	0,47
0,68	0,49
0,70	0,48
0,73	0,51
0,75	0,50
0,78	0,52
0,80	0,51
0,83	0,52
0,85	0,50
0,87	0,52
0,90	0,48
0,92	0,49
0,95	0,47
0,97	0,48
1,00	0,50
1,02	0,51
1,05	0,50
1,07	0,52
1,09	0,51
1,12	0,54
1,14	0,54
1,17	0,51
1,19	0,51
1,22	0,50
1,24	0,49
1,26	0,51
1,29	0,49
1,31	0,48
1,34	0,47
1,36	0,47
1,39	0,49
1,41	0,50
1,44	0,49
1,46	0,50
1,48	0,49
1,51	0,50
1,53	0,51
1,56	0,50
1,58	0,49
1,61	0,49
1,63	0,47
1,66	0,48
1,68	0,49
1,70	0,48
1,73	0,51
1,75	0,51
1,78	0,51
1,80	0,51
1,83	0,51
1,85	0,53
1,88	0,54
1,90	0,50
1,92	0,52
1,95	0,49
1,97	0,51
2,00	0,50
2,02	0,49
2,05	0,47
2,07	0,48
2,10	0,46
2,12	0,49
2,14	0,47
2,17	0,48
2,19	0,50
2,22	0,52
2,24	0,51
2,27	0,53
2,29	0,51
2,31	0,53
2,34	0,52
2,36	0,51
2,39	0,50
2,41	0,49
2,44	0,48
2,46	0,51
2,49	0,49
2,51	0,51
2,53	0,51
2,56	0,52
2,58	0,53
2,61	0,54
2,63	0,50
2,66	0,52
2,68	0,49
2,71	0,48
2,73	0,47
2,75	0,46
2,78	0,46
2,80	0,48
2,83	0,46
2,85	0,48
2,88	0,48
2,90	0,48
2,93	0,51
2,95	0,50
2,97	0,50
3,00	0,51
3,02	0,50
3,05	0,50
3,07	0,50
3,10	0,48
3,12	0,49
3,15	0,47
3,17	0,47
3,19	0,49
3,22	0,49
3,24	0,49
3,27	0,49
3,29	0,48
3,32	0,52
3,34	0,51
3,36	0,51
3,39	0,51
3,41	0,51
3,44	0,50
3,46	0,50
3,49	0,47
3,51	0,49
3,54	0,47
3,56	0,47
3,58	0,48
3,61	0,48
3,63	0,47
3,66	0,51
3,68	0,49
3,71	0,51
3,73	0,50
3,76	0,51
3,78	0,50
3,80	0,53
3,83	0,48
3,85	0,50
3,88	0,47
3,90	0,48
3,93	0,48
3,95	0,49
3,98	0,47
4,00	0,49
4,02	0,47
4,05	0,52
4,07	0,49
4,10	0,50
4,12	0,49
4,15	0,48
4,17	0,47
4,20	0,48
4,22	0,45
4,24	0,47
4,27	0,45
4,29	0,46
4,32	0,48
4,34	0,49
4,37	0,49
4,39	0,52
4,42	0,51
4,44	0,51
4,46	0,51
4,49	0,51
4,51	0,51
4,54	0,51
4,56	0,47
4,59	0,49
4,61	0,49
4,63	0,49
4,66	0,50
4,68	0,50
4,71	0,50
4,73	0,50
4,76	0,49
4,78	0,52
4,81	0,51
4,83	0,50
4,85	0,51
4,88	0,49
4,90	0,50
4,93	0,50
4,95	0,48
4,98	0,48
5,00	0,47
5,03	0,46
5,05	0,50
5,07	0,49
5,10	0,49
5,12	0,50
5,15	0,50
5,17	0,51
5,20	0,53
5,22	0,51
5,25	0,52
5,27	0,50
5,29	0,50
5,32	0,49
5,34	0,49
5,37	0,47
5,39	0,49
5,42	0,47
5,44	0,49
5,47	0,48
5,49	0,49
5,51	0,51
5,54	0,53
5,56	0,50
5,59	0,53
5,61	0,49
5,64	0,50
5,66	0,49
5,68	0,48
5,71	0,47
5,73	0,47
5,76	0,46
5,78	0,50
5,81	0,49
5,83	0,49
5,86	0,49
5,88	0,51
5,90	0,51
5,93	0,52
5,95	0,50
5,98	0,51
6,00	0,50
6,03	0,50
6,05	0,50
6,08	0,49
6,10	0,48
6,12	0,49
6,15	0,48
6,17	0,50
6,20	0,50
6,22	0,48
6,25	0,51
6,27	0,50
6,30	0,50
6,32	0,51
6,34	0,48
6,37	0,47
6,39	0,48
6,42	0,46
6,44	0,47
6,47	0,46
6,49	0,47
6,52	0,48
6,54	0,49
6,56	0,48
6,59	0,50
6,61	0,49
6,64	0,50
6,66	0,49
6,69	0,49
6,71	0,48
6,73	0,50
6,76	0,49
6,78	0,51
6,81	0,49
6,83	0,49
6,86	0,49
6,88	0,49
6,91	0,48
6,93	0,49
6,95	0,46
6,98	0,51
7,00	0,50
7,03	0,52
7,05	0,52
7,08	0,51
7,10	0,49
7,13	0,51
7,15	0,48
7,17	0,50
7,20	0,47
7,22	0,47
7,25	0,48
7,27	0,50
7,30	0,49
7,32	0,51
7,35	0,49
7,37	0,51
7,39	0,51
7,42	0,52
7,44	0,50
7,47	0,52
7,49	0,50
7,52	0,52
7,54	0,49
7,57	0,51
7,59	0,49
7,61	0,50
7,64	0,49
7,66	0,50
7,69	0,49
7,71	0,54
7,74	0,52
7,76	0,53
7,78	0,53
7,81	0,53
7,83	0,53
7,86	0,54
7,88	0,52
7,91	0,53
7,93	0,51
7,96	0,51
7,98	0,53
8,00	0,53
8,03	0,53
8,05	0,53
8,08	0,53
8,10	0,55
8,13	0,55
8,15	0,54
8,18	0,54
8,20	0,54
8,22	0,53
8,25	0,55
8,27	0,53
8,30	0,54
8,32	0,54
8,35	0,53
8,37	0,54
8,40	0,54
8,42	0,53
8,44	0,55
8,47	0,56
8,49	0,55
8,52	0,57
8,54	0,55
8,57	0,56
8,59	0,55
8,62	0,55
8,64	0,53
8,66	0,52
8,69	0,51
8,71	0,53
8,74	0,52
8,76	0,53
8,79	0,53
8,81	0,54
8,84	0,55
8,86	0,57
8,88	0,55
8,91	0,57
8,93	0,55
8,96	0,57
8,98	0,57
9,01	0,57
9,03	0,56
9,05	0,58
9,08	0,57
9,10	0,60
9,13	0,59
9,15	0,59
9,18	0,59
9,20	0,60
9,23	0,59
9,25	0,59
9,27	0,56
9,30	0,57
9,32	0,56
9,35	0,58
9,37	0,57
9,40	0,57
9,42	0,56
9,45	0,58
9,47	0,58
9,49	0,58
9,52	0,57
9,54	0,58
9,57	0,60
9,59	0,60
9,62	0,59
9,64	0,59
9,67	0,60
9,69	0,61
9,71	0,62
9,74	0,61
9,76	0,61
9,79	0,61
9,81	0,62
9,84	0,63
9,86	0,63
9,89	0,61
9,91	0,63
9,93	0,62
9,96	0,63
9,98	0,62
10,01	0,63
10,03	0,62
10,06	0,63
10,08	0,62
10,10	0,64
10,13	0,61
10,15	0,62
10,18	0,62
10,20	0,63
10,23	0,62
10,25	0,65
10,28	0,63
10,30	0,67
10,32	0,67
10,35	0,67
10,37	0,67
10,40	0,68
10,42	0,66
10,45	0,69
10,47	0,66
10,50	0,68
10,52	0,67
10,54	0,68
10,57	0,68
10,59	0,69
10,62	0,67
10,64	0,70
10,67	0,68
10,69	0,69
10,72	0,68
10,74	0,69
10,76	0,68
10,79	0,69
10,81	0,67
10,84	0,69
10,86	0,66
10,89	0,68
10,91	0,69
10,94	0,70
10,96	0,69
10,98	0,70
11,01	0,69
11,03	0,71
11,06	0,71
11,08	0,71
11,11	0,70
11,13	0,70
11,15	0,69
11,18	0,72
11,20	0,73
11,23	0,74
11,25	0,74
11,28	0,74
11,30	0,75
11,33	0,76
11,35	0,75
11,37	0,75
11,40	0,75
11,42	0,74
11,45	0,75
11,47	0,75
11,50	0,76
11,52	0,76
11,55	0,75
11,57	0,75
11,59	0,74
11,62	0,72
11,64	0,74
11,67	0,73
11,69	0,73
11,72	0,73
11,74	0,74
11,77	0,76
11,79	0,78
11,81	0,76
11,84	0,78
11,86	0,76
11,89	0,77
11,91	0,78
11,94	0,79
11,96	0,78
11,99	0,80
12,01	0,78
12,03	0,82
12,06	0,82
12,08	0,82
12,11	0,81
12,13	0,81
12,16	0,79
12,18	0,81
12,21	0,78
12,23	0,79
12,25	0,78
12,28	0,79
12,30	0,79
12,33	0,80
12,35	0,80
12,38	0,83
12,40	0,81
12,42	0,83
12,45	0,83
12,47	0,84
12,50	0,84
12,52	0,86
12,55	0,84
12,57	0,86
12,60	0,85
12,62	0,86
12,64	0,88
12,67	0,89
12,69	0,88
12,72	0,89
12,74	0,88
12,77	0,92
12,79	0,91
12,82	0,90
12,84	0,91
12,86	0,90
12,89	0,90
12,91	0,91
12,94	0,90
12,96	0,90
12,99	0,89
13,01	0,89
13,04	0,92
13,06	0,91
13,08	0,92
13,11	0,94
13,13	0,94
13,16	0,94
13,18	0,96
13,21	0,95
13,23	0,97
13,26	0,97
13,28	0,96
13,30	0,96
13,33	0,97
13,35	0,97
13,38	1,00
13,40	0,99
13,43	1,00
13,45	1,00
13,47	1,00
13,50	1,01
13,52	1,02
13,55	0,99
13,57	1,01
13,60	0,98
13,62	1,00
13,65	0,99
13,67	0,99
13,69	0,98
13,72	0,99
13,74	0,97
13,77	1,01
13,79	1,00
13,82	1,02
13,84	1,04
13,87	1,07
13,89	1,06
13,91	1,08
13,94	1,06
13,96	1,07
13,99	1,07
14,01	1,07
14,04	1,05
14,06	1,05
14,09	1,04
14,11	1,08
14,13	1,07
14,16	1,09
14,18	1,08
14,21	1,10
14,23	1,11
14,26	1,12
14,28	1,09
14,31	1,11
14,33	1,08
14,35	1,09
14,38	1,08
14,40	1,06
14,43	1,06
14,45	1,07
14,48	1,07
14,50	1,09
14,52	1,08
14,55	1,09
14,57	1,13
14,60	1,12
14,62	1,12
14,65	1,12
14,67	1,12
14,70	1,12
14,72	1,13
14,74	1,10
14,77	1,12
14,79	1,11
14,82	1,11
14,84	1,14
14,87	1,15
14,89	1,14
14,92	1,16
14,94	1,14
14,96	1,17
14,99	1,15
15,01	1,14
15,04	1,14
15,06	1,14
15,09	1,13
15,11	1,14
15,14	1,12
15,16	1,14
15,18	1,12
15,21	1,12
15,23	1,13
15,26	1,14
15,28	1,14
15,31	1,18
15,33	1,17
15,36	1,19
15,38	1,18
15,40	1,19
15,43	1,18
15,45	1,20
15,48	1,16
15,50	1,17
15,53	1,15
15,55	1,17
15,57	1,18
15,60	1,19
15,62	1,18
15,65	1,20
15,67	1,19
15,70	1,22
15,72	1,21
15,75	1,19
15,77	1,19
15,79	1,16
15,82	1,16
15,84	1,18
15,87	1,15
15,89	1,17
15,92	1,16
15,94	1,17
15,97	1,20
15,99	1,21
16,01	1,20
16,04	1,23
16,06	1,22
16,09	1,25
16,11	1,26
16,14	1,26
16,16	1,26
16,19	1,26
16,21	1,24
16,23	1,25
16,26	1,24
16,28	1,24
16,31	1,25
16,33	1,26
16,36	1,28
16,38	1,28
16,41	1,28
16,43	1,31
16,45	1,31
16,48	1,30
16,50	1,32
16,53	1,30
16,55	1,31
16,58	1,32
16,60	1,31
16,63	1,30
16,65	1,31
16,67	1,30
16,70	1,34
16,72	1,33
16,75	1,34
16,77	1,35
16,80	1,37
16,82	1,38
16,84	1,40
16,87	1,38
16,89	1,39
16,92	1,39
16,94	1,38
16,97	1,38
16,99	1,39
17,02	1,38
17,04	1,40
17,06	1,40
17,09	1,42
17,11	1,43
17,14	1,44
17,16	1,47
17,19	1,49
17,21	1,49
17,24	1,51
17,26	1,49
17,28	1,50
17,31	1,50
17,33	1,50
17,36	1,49
17,38	1,50
17,41	1,49
17,43	1,53
17,46	1,53
17,48	1,54
17,50	1,55
17,53	1,56
17,55	1,57
17,58	1,59
17,60	1,58
17,63	1,60
17,65	1,60
17,68	1,61
17,70	1,62
17,72	1,61
17,75	1,61
17,77	1,63
17,80	1,63
17,82	1,66
17,85	1,66
17,87	1,66
17,89	1,71
17,92	1,72
17,94	1,72
17,97	1,73
17,99	1,72
18,02	1,72
18,04	1,73
18,07	1,70
18,09	1,71
18,11	1,70
18,14	1,71
18,16	1,73
18,19	1,74
18,21	1,73
18,24	1,77
18,26	1,77
18,29	1,81
18,31	1,79
18,33	1,81
18,36	1,81
18,38	1,83
18,41	1,81
18,43	1,83
18,46	1,80
18,48	1,81
18,51	1,80
18,53	1,81
18,55	1,81
18,58	1,83
18,60	1,81
18,63	1,87
18,65	1,87
18,68	1,89
18,70	1,89
18,73	1,88
18,75	1,87
18,77	1,88
18,80	1,84
18,82	1,86
18,85	1,84
18,87	1,85
18,90	1,86
18,92	1,89
18,94	1,88
18,97	1,90
18,99	1,88
19,02	1,91
19,04	1,90
19,07	1,90
19,09	1,90
19,12	1,90
19,14	1,89
19,16	1,90
19,19	1,88
19,21	1,90
19,24	1,90
19,26	1,89
19,29	1,89
19,31	1,90
19,34	1,90
19,36	1,94
19,38	1,92
19,41	1,92
19,43	1,92
19,46	1,90
19,48	1,90
19,51	1,90
19,53	1,87
19,56	1,88
19,58	1,88
19,60	1,88
19,63	1,91
19,65	1,90
19,68	1,90
19,70	1,89
19,73	1,89
19,75	1,87
19,78	1,88
19,80	1,87
19,82	1,88
19,85	1,87
19,87	1,88
19,90	1,90
19,92	1,89
19,95	1,88
19,97	1,89
19,99	1,87
20,02	1,89
20,04	1,87
20,07	1,87
20,09	1,90
20,12	1,91
20,14	1,89
20,17	1,90
20,19	1,87
20,21	1,89
20,24	1,88
20,26	1,87
20,29	1,86
20,31	1,86
20,34	1,84
20,36	1,87
20,39	1,86
20,41	1,87
20,43	1,86
20,46	1,87
20,48	1,88
20,51	1,91
20,53	1,90
20,56	1,91
20,58	1,89
20,61	1,89
20,63	1,90
20,65	1,89
20,68	1,88
20,70	1,89
20,73	1,88
20,75	1,91
20,78	1,90
20,80	1,90
20,83	1,93
20,85	1,93
20,87	1,93
20,90	1,95
20,92	1,93
20,95	1,94
20,97	1,94
21,00	1,93
21,02	1,95
21,05	1,94
21,07	1,95
21,09	1,99
21,12	1,99
21,14	1,96
21,17	1,96
21,19	1,97
21,22	1,99
21,24	1,99
21,26	1,96
21,29	1,98
21,31	2,03
21,34	2,06
21,36	2,09
21,39	2,08
21,41	2,10
21,44	2,13
21,46	2,15
21,48	2,16
21,51	2,19
21,53	2,17
21,56	2,21
21,58	2,21
21,61	2,23
21,63	2,24
21,66	2,25
21,68	2,25
21,70	2,28
21,73	2,29
21,75	2,33
21,78	2,32
21,80	2,35
21,83	2,36
21,85	2,38
21,88	2,39
21,90	2,43
21,92	2,44
21,95	2,48
21,97	2,48
22,00	2,50
22,02	2,51
22,05	2,54
22,07	2,54
22,10	2,58
22,12	2,57
22,14	2,61
22,17	2,62
22,19	2,64
22,22	2,65
22,24	2,68
22,27	2,67
22,29	2,72
22,31	2,71
22,34	2,74
22,36	2,74
22,39	2,77
22,41	2,78
22,44	2,81
22,46	2,81
22,49	2,85
22,51	2,83
22,53	2,86
22,56	2,88
22,58	2,90
22,61	2,90
22,63	2,94
22,66	2,94
22,68	2,97
22,71	2,98
22,73	2,99
22,75	3,00
22,78	3,01
22,80	3,00
22,83	3,02
22,85	3,02
22,88	3,05
22,90	3,06
22,93	3,07
22,95	3,09
22,97	3,09
23,00	3,10
23,02	3,12
23,05	3,12
23,07	3,12
23,10	3,13
23,12	3,12
23,15	3,14
23,17	3,16
23,19	3,17
23,22	3,16
23,24	3,14
23,27	3,14
23,29	3,17
23,32	3,16
23,34	3,16
23,36	3,15
23,39	3,17
23,41	3,18
23,44	3,19
23,46	3,16
23,49	3,17
23,51	3,16
23,54	3,16
23,56	3,15
23,58	3,17
23,61	3,15
23,63	3,16
23,66	3,14
23,68	3,15
23,71	3,14
23,73	3,14
23,76	3,13
23,78	3,13
23,80	3,11
23,83	3,12
23,85	3,09
23,88	3,10
23,90	3,07
23,93	3,07
23,95	3,05
23,98	3,05
24,00	3,02
24,02	3,05
24,05	3,02
24,07	3,02
24,10	3,01
24,12	3,01
24,15	3,00
24,17	3,01
24,20	2,97
24,22	2,98
24,24	2,96
24,27	2,95
24,29	2,96
24,32	2,96
24,34	2,93
24,37	2,94
24,39	2,93
24,42	2,94
24,44	2,92
24,46	2,90
24,49	2,89
24,51	2,88
24,54	2,88
24,56	2,88
24,59	2,87
24,61	2,87
24,63	2,86
24,66	2,85
24,68	2,86
24,71	2,83
24,73	2,82
24,76	2,82
24,78	2,81
24,81	2,81
24,83	2,81
24,85	2,81
24,88	2,82
24,90	2,82
24,93	2,81
24,95	2,81
24,98	2,82
25,00	2,81
25,03	2,83
25,05	2,82
25,07	2,83
25,10	2,82
25,12	2,83
25,15	2,84
25,17	2,85
25,20	2,81
25,22	2,83
25,25	2,81
25,27	2,82
25,29	2,82
25,32	2,82
25,34	2,80
25,37	2,83
25,39	2,82
25,42	2,85
25,44	2,83
25,47	2,85
25,49	2,85
25,51	2,88
25,54	2,89
25,56	2,92
25,59	2,92
25,61	2,95
25,64	2,96
25,66	2,97
25,68	2,97
25,71	2,99
25,73	2,98
25,76	3,04
25,78	3,04
25,81	3,06
25,83	3,07
25,86	3,10
25,88	3,12
25,90	3,15
25,93	3,13
25,95	3,17
25,98	3,18
26,00	3,20
26,03	3,22
26,05	3,24
26,08	3,26
26,10	3,29
26,12	3,31
26,15	3,34
26,17	3,36
26,20	3,40
26,22	3,45
26,25	3,48
26,27	3,51
26,30	3,53
26,32	3,54
26,34	3,56
26,37	3,59
26,39	3,59
26,42	3,64
26,44	3,66
26,47	3,69
26,49	3,75
26,52	3,80
26,54	3,83
26,56	3,87
26,59	3,88
26,61	3,93
26,64	3,96
26,66	3,99
26,69	4,02
26,71	4,05
26,73	4,07
26,76	4,12
26,78	4,13
26,81	4,18
26,83	4,19
26,86	4,23
26,88	4,26
26,91	4,30
26,93	4,32
26,95	4,39
26,98	4,41
27,00	4,46
27,03	4,48
27,05	4,54
27,08	4,56
27,10	4,61
27,13	4,61
27,15	4,66
27,17	4,67
27,20	4,71
27,22	4,75
27,25	4,79
27,27	4,80
27,30	4,84
27,32	4,84
27,35	4,90
27,37	4,92
27,39	4,93
27,42	4,94
27,44	4,96
27,47	4,97
27,49	5,02
27,52	5,01
27,54	5,03
27,57	5,03
27,59	5,06
27,61	5,08
27,64	5,10
27,66	5,09
27,69	5,14
27,71	5,15
27,74	5,17
27,76	5,17
27,78	5,19
27,81	5,19
27,83	5,21
27,86	5,18
27,88	5,19
27,91	5,18
27,93	5,18
27,96	5,21
27,98	5,21
28,00	5,21
28,03	5,21
28,05	5,20
28,08	5,21
28,10	5,20
28,13	5,16
28,15	5,15
28,18	5,12
28,20	5,11
28,22	5,10
28,25	5,07
28,27	5,06
28,30	5,05
28,32	5,02
28,35	5,04
28,37	5,01
28,40	5,01
28,42	5,01
28,44	5,00
28,47	4,97
28,49	4,98
28,52	4,94
28,54	4,94
28,57	4,91
28,59	4,87
28,62	4,85
28,64	4,83
28,66	4,79
28,69	4,81
28,71	4,76
28,74	4,75
28,76	4,72
28,79	4,71
28,81	4,69
28,84	4,68
28,86	4,62
28,88	4,61
28,91	4,56
28,93	4,55
28,96	4,51
28,98	4,49
29,01	4,45
29,03	4,44
29,05	4,41
29,08	4,43
29,10	4,39
29,13	4,38
29,15	4,38
29,18	4,37
29,20	4,35
29,23	4,34
29,25	4,30
29,27	4,30
29,30	4,28
29,32	4,25
29,35	4,23
29,37	4,21
29,40	4,19
29,42	4,20
29,45	4,18
29,47	4,17
29,49	4,15
29,52	4,14
29,54	4,15
29,57	4,15
29,59	4,13
29,62	4,13
29,64	4,10
29,67	4,10
29,69	4,10
29,71	4,07
29,74	4,08
29,76	4,06
29,79	4,06
29,81	4,08
29,84	4,07
29,86	4,07
29,89	4,10
29,91	4,10
29,93	4,12
29,96	4,12
29,98	4,12
30,01	4,13
30,03	4,15
30,06	4,13
30,08	4,15
30,10	4,13
30,13	4,16
30,15	4,18
30,18	4,20
30,20	4,21
30,23	4,25
30,25	4,25
30,28	4,32
30,30	4,32
30,32	4,35
30,35	4,37
30,37	4,38
30,40	4,37
30,42	4,41
30,45	4,40
30,47	4,44
30,50	4,45
30,52	4,49
30,54	4,54
30,57	4,59
30,59	4,62
30,62	4,70
30,64	4,72
30,67	4,77
30,69	4,79
30,72	4,84
30,74	4,86
30,76	4,91
30,79	4,91
30,81	4,97
30,84	4,99
30,86	5,04
30,89	5,09
30,91	5,15
30,94	5,20
30,96	5,26
30,98	5,30
31,01	5,39
31,03	5,44
31,06	5,49
31,08	5,53
31,11	5,55
31,13	5,60
31,15	5,67
31,18	5,72
31,20	5,78
31,23	5,82
31,25	5,87
31,28	5,96
31,30	6,03
31,33	6,08
31,35	6,15
31,37	6,20
31,40	6,26
31,42	6,33
31,45	6,39
31,47	6,45
31,50	6,50
31,52	6,55
31,55	6,62
31,57	6,68
31,59	6,74
31,62	6,82
31,64	6,87
31,67	6,94
31,69	7,01
31,72	7,08
31,74	7,15
31,77	7,21
31,79	7,24
31,81	7,30
31,84	7,32
31,86	7,37
31,89	7,40
31,91	7,44
31,94	7,49
31,96	7,55
31,99	7,59
32,01	7,69
32,03	7,72
32,06	7,78
32,08	7,80
32,11	7,85
32,13	7,88
32,16	7,92
32,18	7,93
32,20	7,98
32,23	8,02
32,25	8,06
32,28	8,09
32,30	8,10
32,33	8,12
32,35	8,16
32,38	8,18
32,40	8,19
32,42	8,20
32,45	8,21
32,47	8,25
32,50	8,27
32,52	8,25
32,55	8,27
32,57	8,25
32,60	8,26
32,62	8,25
32,64	8,24
32,67	8,22
32,69	8,21
32,72	8,19
32,74	8,20
32,77	8,17
32,79	8,16
32,82	8,15
32,84	8,14
32,86	8,12
32,89	8,11
32,91	8,07
32,94	8,06
32,96	8,03
32,99	7,99
33,01	7,96
33,04	7,91
33,06	7,87
33,08	7,84
33,11	7,80
33,13	7,78
33,16	7,75
33,18	7,70
33,21	7,71
33,23	7,66
33,26	7,63
33,28	7,59
33,30	7,52
33,33	7,46
33,35	7,42
33,38	7,34
33,40	7,30
33,43	7,23
33,45	7,19
33,47	7,17
33,50	7,13
33,52	7,08
33,55	7,07
33,57	7,02
33,60	7,01
33,62	6,95
33,65	6,91
33,67	6,84
33,69	6,80
33,72	6,74
33,74	6,71
33,77	6,63
33,79	6,61
33,82	6,56
33,84	6,55
33,87	6,51
33,89	6,48
33,91	6,41
33,94	6,42
33,96	6,37
33,99	6,35
34,01	6,31
34,04	6,27
34,06	6,22
34,09	6,22
34,11	6,16
34,13	6,15
34,16	6,10
34,18	6,07
34,21	6,06
34,23	6,05
34,26	6,01
34,28	6,01
34,31	5,99
34,33	6,00
34,35	5,99
34,38	5,98
34,40	5,98
34,43	5,98
34,45	5,95
34,48	5,97
34,50	5,94
34,52	5,94
34,55	5,94
34,57	5,93
34,60	5,93
34,62	6,01
34,65	6,01
34,67	6,06
34,70	6,07
34,72	6,08
34,74	6,09
34,77	6,11
34,79	6,07
34,82	6,08
34,84	6,08
34,87	6,09
34,89	6,10
34,92	6,13
34,94	6,17
34,96	6,20
34,99	6,24
35,01	6,27
35,04	6,32
35,06	6,36
35,09	6,42
35,11	6,44
35,14	6,49
35,16	6,52
35,18	6,56
35,21	6,61
35,23	6,66
35,26	6,69
35,28	6,74
35,31	6,77
35,33	6,84
35,36	6,89
35,38	6,94
35,40	7,01
35,43	7,07
35,45	7,12
35,48	7,22
35,50	7,27
35,53	7,35
35,55	7,40
35,57	7,48
35,60	7,54
35,62	7,61
35,65	7,65
35,67	7,74
35,70	7,78
35,72	7,86
35,75	7,93
35,77	8,02
35,79	8,09
35,82	8,19
35,84	8,24
35,87	8,35
35,89	8,41
35,92	8,49
35,94	8,58
35,97	8,65
35,99	8,73
36,01	8,83
36,04	8,90
36,06	9,02
36,09	9,12
36,11	9,21
36,14	9,32
36,16	9,41
36,19	9,49
36,21	9,60
36,23	9,67
36,26	9,75
36,28	9,83
36,31	9,91
36,33	9,99
36,36	10,07
36,38	10,15
36,41	10,24
36,43	10,35
36,45	10,44
36,48	10,53
36,50	10,62
36,53	10,75
36,55	10,83
36,58	10,92
36,60	10,99
36,62	11,07
36,65	11,15
36,67	11,24
36,70	11,28
36,72	11,35
36,75	11,42
36,77	11,52
36,80	11,59
36,82	11,66
36,84	11,69
36,87	11,79
36,89	11,83
36,92	11,90
36,94	11,93
36,97	11,98
36,99	12,01
37,02	12,08
37,04	12,10
37,06	12,17
37,09	12,17
37,11	12,21
37,14	12,24
37,16	12,29
37,19	12,30
37,21	12,33
37,24	12,33
37,26	12,37
37,28	12,37
37,31	12,39
37,33	12,37
37,36	12,38
37,38	12,36
37,41	12,38
37,43	12,36
37,46	12,36
37,48	12,33
37,50	12,32
37,53	12,28
37,55	12,27
37,58	12,21
37,60	12,19
37,63	12,14
37,65	12,11
37,68	12,06
37,70	12,04
37,72	11,99
37,75	11,95
37,77	11,88
37,80	11,85
37,82	11,75
37,85	11,70
37,87	11,65
37,89	11,58
37,92	11,51
37,94	11,45
37,97	11,36
37,99	11,33
38,02	11,26
38,04	11,18
38,07	11,12
38,09	11,05
38,11	10,97
38,14	10,92
38,16	10,83
38,19	10,75
38,21	10,66
38,24	10,56
38,26	10,49
38,29	10,40
38,31	10,29
38,33	10,22
38,36	10,14
38,38	10,05
38,41	9,99
38,43	9,89
38,46	9,83
38,48	9,76
38,51	9,68
38,53	9,61
38,55	9,53
38,58	9,44
38,60	9,40
38,63	9,33
38,65	9,27
38,68	9,20
38,70	9,16
38,73	9,11
38,75	9,08
38,77	9,01
38,80	8,98
38,82	8,91
38,85	8,87
38,87	8,83
38,90	8,80
38,92	8,74
38,94	8,72
38,97	8,65
38,99	8,65
39,02	8,61
39,04	8,58
39,07	8,54
39,09	8,52
39,12	8,47
39,14	8,48
39,16	8,44
39,19	8,44
39,21	8,42
39,24	8,42
39,26	8,40
39,29	8,40
39,31	8,38
39,34	8,42
39,36	8,41
39,38	8,42
39,41	8,43
39,43	8,46
39,46	8,48
39,48	8,52
39,51	8,52
39,53	8,55
39,56	8,57
39,58	8,61
39,60	8,66
39,63	8,69
39,65	8,72
39,68	8,76
39,70	8,81
39,73	8,87
39,75	8,91
39,78	8,93
39,80	8,99
39,82	9,03
39,85	9,09
39,87	9,14
39,90	9,19
39,92	9,24
39,95	9,31
39,97	9,37
39,99	9,46
40,02	9,52
40,04	9,60
40,07	9,68
40,09	9,76
40,12	9,82
40,14	9,92
40,17	9,97
40,19	10,06
40,21	10,13
40,24	10,22
40,26	10,31
40,29	10,41
40,31	10,50
40,34	10,63
40,36	10,72
40,39	10,83
40,41	10,93
40,43	11,03
40,46	11,12
40,48	11,23
40,51	11,28
40,53	11,40
40,56	11,48
40,58	11,58
40,61	11,69
40,63	11,81
40,65	11,94
40,68	12,08
40,70	12,19
40,73	12,33
40,75	12,45
40,78	12,58
40,80	12,69
40,83	12,81
40,85	12,92
40,87	13,04
40,90	13,15
40,92	13,28
40,95	13,40
40,97	13,53
41,00	13,67
41,02	13,81
41,05	13,93
41,07	14,10
41,09	14,22
41,12	14,34
41,14	14,45
41,17	14,57
41,19	14,69
41,22	14,81
41,24	14,89
41,26	15,01
41,29	15,14
41,31	15,27
41,34	15,39
41,36	15,49
41,39	15,61
41,41	15,73
41,44	15,84
41,46	15,96
41,48	16,07
41,51	16,15
41,53	16,28
41,56	16,36
41,58	16,46
41,61	16,54
41,63	16,64
41,66	16,73
41,68	16,84
41,70	16,89
41,73	17,00
41,75	17,06
41,78	17,13
41,80	17,21
41,83	17,27
41,85	17,29
41,88	17,37
41,90	17,38
41,92	17,45
41,95	17,46
41,97	17,49
42,00	17,52
42,02	17,55
42,05	17,55
42,07	17,59
42,10	17,57
42,12	17,61
42,14	17,60
42,17	17,61
42,19	17,61
42,22	17,63
42,24	17,59
42,27	17,61
42,29	17,56
42,31	17,56
42,34	17,50
42,36	17,49
42,39	17,43
42,41	17,42
42,44	17,34
42,46	17,33
42,49	17,24
42,51	17,22
42,53	17,17
42,56	17,13
42,58	17,06
42,61	17,00
42,63	16,91
42,66	16,88
42,68	16,78
42,71	16,69
42,73	16,59
42,75	16,49
42,78	16,39
42,80	16,30
42,83	16,17
42,85	16,08
42,88	15,96
42,90	15,88
42,93	15,79
42,95	15,71
42,97	15,61
43,00	15,54
43,02	15,42
43,05	15,32
43,07	15,19
43,10	15,07
43,12	14,95
43,15	14,83
43,17	14,68
43,19	14,57
43,22	14,45
43,24	14,36
43,27	14,29
43,29	14,19
43,32	14,09
43,34	14,00
43,36	13,91
43,39	13,83
43,41	13,72
43,44	13,58
43,46	13,48
43,49	13,36
43,51	13,27
43,54	13,17
43,56	13,08
43,58	13,01
43,61	12,93
43,63	12,85
43,66	12,82
43,68	12,74
43,71	12,69
43,73	12,63
43,76	12,57
43,78	12,50
43,80	12,47
43,83	12,39
43,85	12,35
43,88	12,30
43,90	12,25
43,93	12,21
43,95	12,20
43,98	12,15
44,00	12,17
44,02	12,13
44,05	12,14
44,07	12,11
44,10	12,10
44,12	12,10
44,15	12,11
44,17	12,07
44,20	12,09
44,22	12,06
44,24	12,09
44,27	12,10
44,29	12,11
44,32	12,12
44,34	12,15
44,37	12,17
44,39	12,23
44,41	12,25
44,44	12,30
44,46	12,37
44,49	12,44
44,51	12,49
44,54	12,56
44,56	12,61
44,59	12,68
44,61	12,74
44,63	12,77
44,66	12,82
44,68	12,88
44,71	12,95
44,73	13,03
44,76	13,12
44,78	13,22
44,81	13,32
44,83	13,41
44,85	13,55
44,88	13,66
44,90	13,77
44,93	13,88
44,95	13,96
44,98	14,04
45,00	14,16
45,03	14,24
45,05	14,35
45,07	14,44
45,10	14,55
45,12	14,69
45,15	14,84
45,17	14,96
45,20	15,13
45,22	15,26
45,25	15,41
45,27	15,55
45,29	15,72
45,32	15,84
45,34	15,98
45,37	16,06
45,39	16,22
45,42	16,31
45,44	16,45
45,47	16,57
45,49	16,73
45,51	16,88
45,54	17,05
45,56	17,19
45,59	17,41
45,61	17,57
45,64	17,73
45,66	17,87
45,68	18,01
45,71	18,15
45,73	18,30
45,76	18,42
45,78	18,55
45,81	18,68
45,83	18,85
45,86	19,03
45,88	19,20
45,90	19,36
45,93	19,55
45,95	19,73
45,98	19,93
46,00	20,08
46,03	20,22
46,05	20,37
46,08	20,51
46,10	20,63
46,12	20,77
46,15	20,88
46,17	21,05
46,20	21,21
46,22	21,38
46,25	21,55
46,27	21,70
46,30	21,83
46,32	22,02
46,34	22,14
46,37	22,26
46,39	22,37
46,42	22,45
46,44	22,57
46,47	22,69
46,49	22,80
46,52	22,89
46,54	23,01
46,56	23,11
46,59	23,25
46,61	23,34
46,64	23,43
46,66	23,52
46,69	23,60
46,71	23,67
46,73	23,75
46,76	23,80
46,78	23,87
46,81	23,91
46,83	23,94
46,86	24,00
46,88	24,06
46,91	24,10
46,93	24,16
46,95	24,18
46,98	24,24
47,00	24,26
47,03	24,27
47,05	24,31
47,08	24,31
47,10	24,29
47,13	24,30
47,15	24,25
47,17	24,25
47,20	24,22
47,22	24,18
47,25	24,14
47,27	24,10
47,30	24,05
47,32	24,05
47,35	23,98
47,37	23,92
47,39	23,88
47,42	23,84
47,44	23,77
47,47	23,73
47,49	23,63
47,52	23,57
47,54	23,48
47,57	23,37
47,59	23,27
47,61	23,18
47,64	23,05
47,66	22,96
47,69	22,82
47,71	22,73
47,74	22,59
47,76	22,46
47,78	22,37
47,81	22,26
47,83	22,13
47,86	22,03
47,88	21,88
47,91	21,78
47,93	21,64
47,96	21,47
47,98	21,32
48,00	21,15
48,03	20,99
48,05	20,86
48,08	20,70
48,10	20,57
48,13	20,47
48,15	20,35
48,18	20,22
48,20	20,09
48,22	19,96
48,25	19,83
48,27	19,68
48,30	19,52
48,32	19,38
48,35	19,22
48,37	19,08
48,40	18,95
48,42	18,81
48,44	18,70
48,47	18,59
48,49	18,46
48,52	18,39
48,54	18,28
48,57	18,19
48,59	18,10
48,62	17,99
48,64	17,89
48,66	17,81
48,69	17,69
48,71	17,64
48,74	17,54
48,76	17,47
48,79	17,42
48,81	17,36
48,84	17,32
48,86	17,29
48,88	17,23
48,91	17,23
48,93	17,20
48,96	17,20
48,98	17,19
49,01	17,19
49,03	17,18
49,05	17,19
49,08	17,18
49,10	17,20
49,13	17,20
49,15	17,21
49,18	17,21
49,20	17,24
49,23	17,24
49,25	17,29
49,27	17,31
49,30	17,35
49,32	17,39
49,35	17,47
49,37	17,54
49,40	17,63
49,42	17,67
49,45	17,78
49,47	17,84
49,49	17,92
49,52	17,98
49,54	18,05
49,57	18,13
49,59	18,23
49,62	18,30
49,64	18,42
49,67	18,53
49,69	18,64
49,71	18,78
49,74	18,91
49,76	19,04
49,79	19,18
49,81	19,30
49,84	19,41
49,86	19,54
49,89	19,65
49,91	19,77
49,93	19,90
49,96	20,02
49,98	20,16
50,01	20,33
50,03	20,50
50,06	20,67
50,08	20,84
50,10	21,03
50,13	21,21
50,15	21,40
50,18	21,56
50,20	21,70
50,23	21,84
50,25	22,01
50,28	22,15
50,30	22,32
50,32	22,48
50,35	22,66
50,37	22,86
50,40	23,07
50,42	23,26
50,45	23,49
50,47	23,67
50,50	23,88
50,52	24,07
50,54	24,25
50,57	24,42
50,59	24,61
50,62	24,74
50,64	24,93
50,67	25,08
50,69	25,28
50,72	25,48
50,74	25,70
50,76	25,90
50,79	26,12
50,81	26,32
50,84	26,58
50,86	26,75
50,89	26,93
50,91	27,08
50,94	27,25
50,96	27,43
50,98	27,61
51,01	27,74
51,03	27,91
51,06	28,08
51,08	28,26
51,11	28,46
51,13	28,64
51,15	28,82
51,18	29,02
51,20	29,22
51,23	29,42
51,25	29,58
51,28	29,72
51,30	29,86
51,33	29,99
51,35	30,10
51,37	30,26
51,40	30,37
51,42	30,51
51,45	30,66
51,47	30,81
51,50	30,95
51,52	31,07
51,55	31,16
51,57	31,31
51,59	31,40
51,62	31,48
51,64	31,55
51,67	31,62
51,69	31,71
51,72	31,81
51,74	31,85
51,77	31,95
51,79	32,01
51,81	32,06
51,84	32,13
51,86	32,17
51,89	32,21
51,91	32,25
51,94	32,28
51,96	32,32
51,99	32,35
52,01	32,36
52,03	32,38
52,06	32,38
52,08	32,38
52,11	32,38
52,13	32,36
52,16	32,35
52,18	32,35
52,20	32,32
52,23	32,29
52,25	32,25
52,28	32,20
52,30	32,19
52,33	32,13
52,35	32,05
52,38	31,99
52,40	31,90
52,42	31,83
52,45	31,73
52,47	31,62
52,50	31,54
52,52	31,44
52,55	31,31
52,57	31,24
52,60	31,13
52,62	31,03
52,64	30,91
52,67	30,80
52,69	30,67
52,72	30,59
52,74	30,44
52,77	30,30
52,79	30,16
52,82	30,02
52,84	29,85
52,86	29,68
52,89	29,48
52,91	29,34
52,94	29,16
52,96	29,01
52,99	28,84
53,01	28,69
53,04	28,56
53,06	28,42
53,08	28,25
53,11	28,11
53,13	27,91
53,16	27,74
53,18	27,56
53,21	27,36
53,23	27,19
53,26	27,02
53,28	26,84
53,30	26,72
53,33	26,56
53,35	26,43
53,38	26,31
53,40	26,18
53,43	26,04
53,45	25,92
53,47	25,77
53,50	25,64
53,52	25,51
53,55	25,38
53,57	25,27
53,60	25,14
53,62	25,03
53,65	24,93
53,67	24,83
53,69	24,74
53,72	24,66
53,74	24,56
53,77	24,53
53,79	24,45
53,82	24,41
53,84	24,33
53,87	24,26
53,89	24,21
53,91	24,19
53,94	24,13
53,96	24,11
53,99	24,08
54,01	24,11
54,04	24,13
54,06	24,16
54,09	24,14
54,11	24,16
54,13	24,19
54,16	24,23
54,18	24,26
54,21	24,29
54,23	24,34
54,26	24,42
54,28	24,46
54,31	24,56
54,33	24,61
54,35	24,71
54,38	24,78
54,40	24,85
54,43	24,92
54,45	25,02
54,48	25,08
54,50	25,21
54,52	25,29
54,55	25,41
54,57	25,53
54,60	25,67
54,62	25,80
54,65	25,94
54,67	26,05
54,70	26,19
54,72	26,31
54,74	26,43
54,77	26,57
54,79	26,73
54,82	26,88
54,84	27,06
54,87	27,21
54,89	27,40
54,92	27,60
54,94	27,77
54,96	27,96
54,99	28,16
55,01	28,34
55,04	28,55
55,06	28,73
55,09	28,91
55,11	29,12
55,14	29,29
55,16	29,46
55,18	29,64
55,21	29,83
55,23	30,06
55,26	30,27
55,28	30,45
55,31	30,67
55,33	30,88
55,36	31,12
55,38	31,32
55,40	31,53
55,43	31,72
55,45	31,92
55,48	32,11
55,50	32,35
55,53	32,52
55,55	32,74
55,57	32,93
55,60	33,17
55,62	33,40
55,65	33,66
55,67	33,87
55,70	34,13
55,72	34,34
55,75	34,58
55,77	34,79
55,79	34,99
55,82	35,16
55,84	35,37
55,87	35,54
55,89	35,76
55,92	35,95
55,94	36,14
55,97	36,38
55,99	36,60
56,01	36,83
56,04	37,05
56,06	37,23
56,09	37,44
56,11	37,66
56,14	37,84
56,16	38,01
56,19	38,15
56,21	38,33
56,23	38,53
56,26	38,68
56,28	38,82
56,31	39,00
56,33	39,17
56,36	39,37
56,38	39,53
56,41	39,67
56,43	39,85
56,45	40,02
56,48	40,15
56,50	40,30
56,53	40,41
56,55	40,51
56,58	40,62
56,60	40,69
56,62	40,79
56,65	40,90
56,67	41,01
56,70	41,12
56,72	41,24
56,75	41,35
56,77	41,47
56,80	41,56
56,82	41,63
56,84	41,67
56,87	41,71
56,89	41,78
56,92	41,79
56,94	41,84
56,97	41,88
56,99	41,92
57,02	41,96
57,04	42,00
57,06	42,00
57,09	42,05
57,11	42,05
57,14	42,05
57,16	42,05
57,19	42,05
57,21	42,02
57,24	42,02
57,26	41,99
57,28	41,95
57,31	41,91
57,33	41,85
57,36	41,79
57,38	41,75
57,41	41,67
57,43	41,61
57,46	41,52
57,48	41,44
57,50	41,33
57,53	41,22
57,55	41,10
57,58	41,01
57,60	40,87
57,63	40,80
57,65	40,66
57,68	40,57
57,70	40,44
57,72	40,31
57,75	40,15
57,77	40,02
57,80	39,81
57,82	39,67
57,85	39,49
57,87	39,34
57,89	39,17
57,92	39,03
57,94	38,85
57,97	38,72
57,99	38,53
58,02	38,38
58,04	38,19
58,07	38,01
58,09	37,82
58,11	37,64
58,14	37,41
58,16	37,26
58,19	37,04
58,21	36,85
58,24	36,66
58,26	36,48
58,29	36,30
58,31	36,15
58,33	35,97
58,36	35,83
58,38	35,62
58,41	35,46
58,43	35,30
58,46	35,12
58,48	34,93
58,51	34,78
58,53	34,62
58,55	34,51
58,58	34,40
58,60	34,26
58,63	34,18
58,65	34,08
58,68	33,97
58,70	33,88
58,73	33,81
58,75	33,71
58,77	33,63
58,80	33,53
58,82	33,46
58,85	33,37
58,87	33,29
58,90	33,21
58,92	33,14
58,94	33,09
58,97	33,06
58,99	33,02
59,02	33,02
59,04	33,02
59,07	33,02
59,09	33,03
59,12	33,03
59,14	33,03
59,16	33,10
59,19	33,13
59,21	33,17
59,24	33,23
59,26	33,28
59,29	33,38
59,31	33,48
59,34	33,50
59,36	33,59
59,38	33,66
59,41	33,75
59,43	33,86
59,46	33,95
59,48	34,05
59,51	34,17
59,53	34,29
59,56	34,44
59,58	34,57
59,60	34,68
59,63	34,82
59,65	34,94
59,68	35,07
59,70	35,22
59,73	35,35
59,75	35,49
59,78	35,64
59,80	35,82
59,82	35,99
59,85	36,18
59,87	36,36
59,90	36,58
59,92	36,78
59,95	36,96
59,97	37,08
59,99	37,21
