U1/V	IA/nA
0,02	0,53
0,04	0,51
0,07	0,50
0,09	0,49
0,12	0,47
0,14	0,48
0,17	0,46
0,19	0,47
0,21	0,47
0,24	0,47
0,26	0,47
0,29	0,52
0,31	0,50
0,34	0,52
0,36	0,51
0,39	0,52
0,41	0,50
0,43	0,51
0,46	0,47
0,48	0,49
0,51	0,47
0,53	0,47
0,56	0,47
0,58	0,50
0,61	0,49
0,63	0,52
0,65	0,49
0,68	0,54
0,70	0,52
0,73	0,51
0,75	0,50
0,78	0,49
0,80	0,47
0,83	0,49
0,85	0,46
0,87	0,47
0,90	0,45
0,92	0,47
0,95	0,48
0,97	0,49
1,00	0,48
1,02	0,51
1,05	0,49
1,07	0,51
1,09	0,51
1,12	0,51
1,14	0,51
1,17	0,52
1,19	0,49
1,22	0,50
1,24	0,48
1,26	0,48
1,29	0,47
1,31	0,46
1,34	0,46
1,36	0,46
1,39	0,45
1,41	0,50
1,44	0,50
1,46	0,50
1,48	0,51
1,51	0,48
1,53	0,48
1,56	0,48
1,58	0,46
1,61	0,45
1,63	0,44
1,66	0,44
1,68	0,47
1,70	0,47
1,73	0,48
1,75	0,49
1,78	0,49
1,80	0,49
1,83	0,51
1,85	0,50
1,88	0,51
1,90	0,49
1,92	0,48
1,95	0,48
1,97	0,48
2,00	0,47
2,02	0,49
2,05	0,47
2,07	0,49
2,10	0,48
2,12	0,49
2,14	0,51
2,17	0,52
2,19	0,49
2,22	0,51
2,24	0,47
2,27	0,48
2,29	0,46
2,31	0,46
2,34	0,44
2,36	0,46
2,39	0,45
2,41	0,49
2,44	0,48
2,46	0,49
2,49	0,49
2,51	0,51
2,53	0,50
2,56	0,52
2,58	0,50
2,61	0,52
2,63	0,51
2,66	0,51
2,68	0,50
2,71	0,49
2,73	0,47
2,75	0,48
2,78	0,47
2,80	0,48
2,83	0,46
2,85	0,46
2,88	0,49
2,90	0,49
2,93	0,48
2,95	0,50
2,97	0,48
3,00	0,51
3,02	0,50
3,05	0,49
3,07	0,50
3,10	0,51
3,12	0,50
3,15	0,52
3,17	0,48
3,19	0,49
3,22	0,51
3,24	0,51
3,27	0,52
3,29	0,52
3,32	0,51
3,34	0,50
3,36	0,51
3,39	0,49
3,41	0,50
3,44	0,47
3,46	0,48
3,49	0,47
3,51	0,49
3,54	0,48
3,56	0,49
3,58	0,47
3,61	0,52
3,63	0,50
3,66	0,52
3,68	0,53
3,71	0,51
3,73	0,49
3,76	0,50
3,78	0,46
3,80	0,49
3,83	0,46
3,85	0,46
3,88	0,47
3,90	0,49
3,93	0,48
3,95	0,50
3,98	0,47
4,00	0,48
4,02	0,47
4,05	0,48
4,07	0,47
4,10	0,49
4,12	0,46
4,15	0,49
4,17	0,47
4,20	0,49
4,22	0,47
4,24	0,48
4,27	0,47
4,29	0,49
4,32	0,48
4,34	0,53
4,37	0,51
4,39	0,52
4,42	0,50
4,44	0,49
4,46	0,48
4,49	0,49
4,51	0,46
4,54	0,46
4,56	0,45
4,59	0,46
4,61	0,48
4,63	0,48
4,66	0,48
4,68	0,48
4,71	0,48
4,73	0,49
4,76	0,50
4,78	0,50
4,81	0,50
4,83	0,49
4,85	0,49
4,88	0,50
4,90	0,49
4,93	0,48
4,95	0,48
4,98	0,48
5,00	0,49
5,03	0,49
5,05	0,49
5,07	0,53
5,10	0,53
5,12	0,52
5,15	0,53
5,17	0,51
5,20	0,51
5,22	0,50
5,25	0,48
5,27	0,48
5,29	0,46
5,32	0,44
5,34	0,49
5,37	0,47
5,39	0,48
5,42	0,47
5,44	0,48
5,47	0,50
5,49	0,52
5,51	0,49
5,54	0,51
5,56	0,50
5,59	0,51
5,61	0,52
5,64	0,51
5,66	0,49
5,68	0,51
5,71	0,49
5,73	0,51
5,76	0,49
5,78	0,49
5,81	0,51
5,83	0,53
5,86	0,51
5,88	0,53
5,90	0,51
5,93	0,52
5,95	0,51
5,98	0,49
6,00	0,48
6,03	0,48
6,05	0,47
6,08	0,49
6,10	0,47
6,12	0,48
6,15	0,49
6,17	0,49
6,20	0,50
6,22	0,51
6,25	0,49
6,27	0,50
6,30	0,49
6,32	0,49
6,34	0,50
6,37	0,47
6,39	0,46
6,42	0,47
6,44	0,48
6,47	0,49
6,49	0,50
6,52	0,48
6,54	0,49
6,56	0,49
6,59	0,49
6,61	0,49
6,64	0,49
6,66	0,47
6,69	0,48
6,71	0,49
6,73	0,50
6,76	0,48
6,78	0,49
6,81	0,50
6,83	0,51
6,86	0,50
6,88	0,51
6,91	0,50
6,93	0,53
6,95	0,51
6,98	0,50
7,00	0,49
7,03	0,50
7,05	0,48
7,08	0,51
7,10	0,48
7,13	0,50
7,15	0,49
7,17	0,50
7,20	0,49
7,22	0,51
7,25	0,47
7,27	0,52
7,30	0,49
7,32	0,51
7,35	0,50
7,37	0,50
7,39	0,49
7,42	0,50
7,44	0,47
7,47	0,49
7,49	0,45
7,52	0,46
7,54	0,46
7,57	0,48
7,59	0,47
7,61	0,49
7,64	0,49
7,66	0,52
7,69	0,52
7,71	0,52
7,74	0,52
7,76	0,52
7,78	0,50
7,81	0,51
7,83	0,49
7,86	0,49
7,88	0,50
7,91	0,50
7,93	0,50
7,96	0,51
7,98	0,50
8,00	0,53
8,03	0,53
8,05	0,52
8,08	0,52
8,10	0,52
8,13	0,52
8,15	0,52
8,18	0,52
8,20	0,52
8,22	0,50
8,25	0,49
8,27	0,52
8,30	0,52
8,32	0,52
8,35	0,52
8,37	0,52
8,40	0,54
8,42	0,56
8,44	0,53
8,47	0,55
8,49	0,54
8,52	0,55
8,54	0,56
8,57	0,57
8,59	0,55
8,62	0,57
8,64	0,56
8,66	0,58
8,69	0,57
8,71	0,56
8,74	0,56
8,76	0,57
8,79	0,55
8,81	0,57
8,84	0,54
8,86	0,56
8,88	0,55
8,91	0,57
8,93	0,57
8,96	0,57
8,98	0,55
9,01	0,58
9,03	0,57
9,05	0,58
9,08	0,57
9,10	0,59
9,13	0,59
9,15	0,61
9,18	0,58
9,20	0,59
9,23	0,58
9,25	0,59
9,27	0,60
9,30	0,60
9,32	0,60
9,35	0,57
9,37	0,56
9,40	0,59
9,42	0,58
9,45	0,57
9,47	0,57
9,49	0,57
9,52	0,59
9,54	0,60
9,57	0,58
9,59	0,59
9,62	0,59
9,64	0,59
9,67	0,60
9,69	0,59
9,71	0,60
9,74	0,61
9,76	0,60
9,79	0,60
9,81	0,61
9,84	0,61
9,86	0,63
9,89	0,62
9,91	0,61
9,93	0,61
9,96	0,62
9,98	0,62
10,01	0,65
10,03	0,64
10,06	0,65
10,08	0,65
10,10	0,66
10,13	0,66
10,15	0,67
10,18	0,63
10,20	0,65
10,23	0,63
10,25	0,64
10,28	0,64
10,30	0,64
10,32	0,63
10,35	0,64
10,37	0,63
10,40	0,66
10,42	0,64
10,45	0,66
10,47	0,66
10,50	0,67
10,52	0,66
10,54	0,68
10,57	0,66
10,59	0,69
10,62	0,67
10,64	0,68
10,67	0,68
10,69	0,69
10,72	0,67
10,74	0,70
10,76	0,69
10,79	0,70
10,81	0,70
10,84	0,70
10,86	0,71
10,89	0,73
10,91	0,70
10,94	0,72
10,96	0,70
10,98	0,71
11,01	0,70
11,03	0,69
11,06	0,69
11,08	0,69
11,11	0,68
11,13	0,69
11,15	0,68
11,18	0,69
11,20	0,71
11,23	0,72
11,25	0,72
11,28	0,73
11,30	0,74
11,33	0,74
11,35	0,74
11,37	0,73
11,40	0,73
11,42	0,73
11,45	0,73
11,47	0,75
11,50	0,76
11,52	0,78
11,55	0,79
11,57	0,78
11,59	0,79
11,62	0,80
11,64	0,79
11,67	0,78
11,69	0,76
11,72	0,75
11,74	0,76
11,77	0,75
11,79	0,76
11,81	0,75
11,84	0,76
11,86	0,77
11,89	0,79
11,91	0,77
11,94	0,81
11,96	0,80
11,99	0,82
12,01	0,80
12,03	0,82
12,06	0,81
12,08	0,84
12,11	0,80
12,13	0,82
12,16	0,81
12,18	0,82
12,21	0,83
12,23	0,84
12,25	0,83
12,28	0,85
12,30	0,84
12,33	0,88
12,35	0,87
12,38	0,86
12,40	0,86
12,42	0,86
12,45	0,85
12,47	0,87
12,50	0,85
12,52	0,86
12,55	0,85
12,57	0,85
12,60	0,85
12,62	0,86
12,64	0,86
12,67	0,90
12,69	0,89
12,72	0,91
12,74	0,92
12,77	0,93
12,79	0,94
12,82	0,93
12,84	0,90
12,86	0,92
12,89	0,90
12,91	0,91
12,94	0,93
12,96	0,92
12,99	0,93
13,01	0,93
13,04	0,93
13,06	0,96
13,08	0,97
13,11	0,94
13,13	0,95
13,16	0,92
13,18	0,93
13,21	0,94
13,23	0,93
13,26	0,92
13,28	0,93
13,30	0,93
13,33	0,96
13,35	0,96
13,38	0,96
13,40	0,98
13,43	0,99
13,45	0,98
13,47	1,00
13,50	0,99
13,52	1,00
13,55	1,00
13,57	0,99
13,60	0,99
13,62	1,00
13,65	0,99
13,67	1,02
13,69	1,01
13,72	1,02
13,74	1,02
13,77	1,03
13,79	1,05
13,82	1,07
13,84	1,04
13,87	1,06
13,89	1,04
13,91	1,05
13,94	1,04
13,96	1,04
13,99	1,03
14,01	1,04
14,04	1,03
14,06	1,05
14,09	1,03
14,11	1,04
14,13	1,05
14,16	1,07
14,18	1,06
14,21	1,08
14,23	1,07
14,26	1,08
14,28	1,10
14,31	1,09
14,33	1,09
14,35	1,09
14,38	1,08
14,40	1,10
14,43	1,10
14,45	1,10
14,48	1,11
14,50	1,11
14,52	1,13
14,55	1,14
14,57	1,13
14,60	1,14
14,62	1,12
14,65	1,12
14,67	1,11
14,70	1,10
14,72	1,11
14,74	1,11
14,77	1,10
14,79	1,12
14,82	1,13
14,84	1,13
14,87	1,17
14,89	1,16
14,92	1,17
14,94	1,16
14,96	1,16
14,99	1,15
15,01	1,16
15,04	1,13
15,06	1,14
15,09	1,12
15,11	1,13
15,14	1,13
15,16	1,14
15,18	1,14
15,21	1,16
15,23	1,14
15,26	1,19
15,28	1,17
15,31	1,18
15,33	1,17
15,36	1,16
15,38	1,14
15,40	1,16
15,43	1,13
15,45	1,15
15,48	1,13
15,50	1,14
15,53	1,15
15,55	1,16
15,57	1,15
15,60	1,19
15,62	1,17
15,65	1,20
15,67	1,21
15,70	1,22
15,72	1,22
15,75	1,24
15,77	1,20
15,79	1,23
15,82	1,20
15,84	1,21
15,87	1,20
15,89	1,21
15,92	1,20
15,94	1,21
15,97	1,17
15,99	1,22
16,01	1,22
16,04	1,22
16,06	1,23
16,09	1,21
16,11	1,22
16,14	1,25
16,16	1,22
16,19	1,23
16,21	1,22
16,23	1,21
16,26	1,25
16,28	1,24
16,31	1,25
16,33	1,26
16,36	1,25
16,38	1,26
16,41	1,27
16,43	1,26
16,45	1,28
16,48	1,27
16,50	1,27
16,53	1,29
16,55	1,29
16,58	1,28
16,60	1,31
16,63	1,30
16,65	1,33
16,67	1,33
16,70	1,34
16,72	1,37
16,75	1,39
16,77	1,37
16,80	1,38
16,82	1,35
16,84	1,36
16,87	1,36
16,89	1,36
16,92	1,35
16,94	1,36
16,97	1,36
16,99	1,40
17,02	1,39
17,04	1,40
17,06	1,40
17,09	1,41
17,11	1,41
17,14	1,43
17,16	1,41
17,19	1,44
17,21	1,45
17,24	1,47
17,26	1,48
17,28	1,49
17,31	1,48
17,33	1,52
17,36	1,51
17,38	1,54
17,41	1,54
17,43	1,55
17,46	1,59
17,48	1,60
17,50	1,60
17,53	1,62
17,55	1,60
17,58	1,61
17,60	1,61
17,63	1,59
17,65	1,59
17,68	1,59
17,70	1,59
17,72	1,62
17,75	1,63
17,77	1,64
17,80	1,66
17,82	1,67
17,85	1,69
17,87	1,70
17,89	1,70
17,92	1,71
17,94	1,72
17,97	1,72
17,99	1,75
18,02	1,73
18,04	1,74
18,07	1,75
18,09	1,76
18,11	1,76
18,14	1,77
18,16	1,75
18,19	1,80
18,21	1,80
18,24	1,80
18,26	1,80
18,29	1,80
18,31	1,80
18,33	1,82
18,36	1,79
18,38	1,81
18,41	1,79
18,43	1,80
18,46	1,81
18,48	1,82
18,51	1,81
18,53	1,83
18,55	1,83
18,58	1,87
18,60	1,86
18,63	1,87
18,65	1,86
18,68	1,88
18,70	1,86
18,73	1,89
18,75	1,86
18,77	1,88
18,80	1,87
18,82	1,88
18,85	1,88
18,87	1,89
18,90	1,87
18,92	1,92
18,94	1,90
18,97	1,92
18,99	1,90
19,02	1,91
19,04	1,90
19,07	1,91
19,09	1,88
19,12	1,89
19,14	1,87
19,16	1,88
19,19	1,88
19,21	1,89
19,24	1,89
19,26	1,90
19,29	1,88
19,31	1,91
19,34	1,91
19,36	1,90
19,38	1,90
19,41	1,90
19,43	1,89
19,46	1,90
19,48	1,88
19,51	1,89
19,53	1,90
19,56	1,90
19,58	1,90
19,60	1,91
19,63	1,90
19,65	1,93
19,68	1,92
19,70	1,91
19,73	1,91
19,75	1,90
19,78	1,90
19,80	1,90
19,82	1,89
19,85	1,89
19,87	1,88
19,90	1,87
19,92	1,89
19,95	1,87
19,97	1,87
19,99	1,86
20,02	1,87
20,04	1,88
20,07	1,90
20,09	1,88
20,12	1,90
20,14	1,89
20,17	1,90
20,19	1,90
20,21	1,90
20,24	1,89
20,26	1,90
20,29	1,88
20,31	1,90
20,34	1,89
20,36	1,90
20,39	1,90
20,41	1,90
20,43	1,89
20,46	1,91
20,48	1,90
20,51	1,91
20,53	1,89
20,56	1,90
20,58	1,89
20,61	1,88
20,63	1,87
20,65	1,90
20,68	1,89
20,70	1,90
20,73	1,90
20,75	1,91
20,78	1,94
20,80	1,96
20,83	1,93
20,85	1,95
20,87	1,94
20,90	1,95
20,92	1,96
20,95	1,96
20,97	1,95
21,00	1,97
21,02	1,97
21,05	2,00
21,07	2,00
21,09	2,00
21,12	2,01
21,14	2,02
21,17	2,03
21,19	2,05
21,22	2,04
21,24	2,05
21,26	2,06
21,29	2,08
21,31	2,09
21,34	2,09
21,36	2,10
21,39	2,12
21,41	2,13
21,44	2,13
21,46	2,16
21,48	2,16
21,51	2,20
21,53	2,20
21,56	2,21
21,58	2,23
21,61	2,25
21,63	2,25
21,66	2,30
21,68	2,29
21,70	2,31
21,73	2,31
21,75	2,33
21,78	2,37
21,80	2,39
21,83	2,38
21,85	2,42
21,88	2,42
21,90	2,46
21,92	2,48
21,95	2,49
21,97	2,49
22,00	2,51
22,02	2,51
22,05	2,54
22,07	2,52
22,10	2,54
22,12	2,56
22,14	2,59
22,17	2,60
22,19	2,63
22,22	2,64
22,24	2,69
22,27	2,70
22,29	2,72
22,31	2,74
22,34	2,76
22,36	2,76
22,39	2,80
22,41	2,81
22,44	2,83
22,46	2,85
22,49	2,86
22,51	2,87
22,53	2,92
22,56	2,90
22,58	2,94
22,61	2,94
22,63	2,96
22,66	2,97
22,68	2,98
22,71	2,97
22,73	2,99
22,75	2,98
22,78	3,01
22,80	3,01
22,83	3,01
22,85	3,06
22,88	3,07
22,90	3,08
22,93	3,10
22,95	3,10
22,97	3,12
23,00	3,13
23,02	3,12
23,05	3,13
23,07	3,13
23,10	3,13
23,12	3,16
23,15	3,17
23,17	3,17
23,19	3,19
23,22	3,18
23,24	3,21
23,27	3,20
23,29	3,20
23,32	3,19
23,34	3,19
23,36	3,18
23,39	3,19
23,41	3,17
23,44	3,18
23,46	3,17
23,49	3,17
23,51	3,17
23,54	3,18
23,56	3,16
23,58	3,20
23,61	3,19
23,63	3,20
23,66	3,19
23,68	3,19
23,71	3,17
23,73	3,18
23,76	3,14
23,78	3,14
23,80	3,13
23,83	3,13
23,85	3,14
23,88	3,14
23,90	3,12
23,93	3,13
23,95	3,10
23,98	3,13
24,00	3,11
24,02	3,08
24,05	3,07
24,07	3,07
24,10	3,05
24,12	3,06
24,15	3,03
24,17	3,02
24,20	3,00
24,22	2,99
24,24	2,99
24,27	2,99
24,29	2,97
24,32	2,99
24,34	2,97
24,37	2,97
24,39	2,98
24,42	2,97
24,44	2,96
24,46	2,95
24,49	2,92
24,51	2,92
24,54	2,90
24,56	2,89
24,59	2,91
24,61	2,90
24,63	2,90
24,66	2,90
24,68	2,89
24,71	2,90
24,73	2,89
24,76	2,85
24,78	2,86
24,81	2,82
24,83	2,82
24,85	2,81
24,88	2,80
24,90	2,79
24,93	2,80
24,95	2,78
24,98	2,82
25,00	2,81
25,03	2,81
25,05	2,83
25,07	2,83
25,10	2,81
25,12	2,82
25,15	2,80
25,17	2,81
25,20	2,79
25,22	2,79
25,25	2,79
25,27	2,81
25,29	2,80
25,32	2,85
25,34	2,84
25,37	2,87
25,39	2,87
25,42	2,88
25,44	2,89
25,47	2,91
25,49	2,88
25,51	2,90
25,54	2,89
25,56	2,91
25,59	2,90
25,61	2,92
25,64	2,92
25,66	2,94
25,68	2,94
25,71	2,98
25,73	2,99
25,76	3,01
25,78	3,04
25,81	3,06
25,83	3,08
25,86	3,11
25,88	3,12
25,90	3,14
25,93	3,16
25,95	3,17
25,98	3,20
26,00	3,22
26,03	3,23
26,05	3,28
26,08	3,30
26,10	3,33
26,12	3,36
26,15	3,37
26,17	3,42
26,20	3,44
26,22	3,45
26,25	3,49
26,27	3,49
26,30	3,51
26,32	3,55
26,34	3,56
26,37	3,61
26,39	3,63
26,42	3,66
26,44	3,71
26,47	3,76
26,49	3,77
26,52	3,84
26,54	3,85
26,56	3,90
26,59	3,92
26,61	3,96
26,64	3,98
26,66	4,03
26,69	4,03
26,71	4,09
26,73	4,09
26,76	4,14
26,78	4,19
26,81	4,24
26,83	4,26
26,86	4,30
26,88	4,30
26,91	4,38
26,93	4,40
26,95	4,41
26,98	4,43
27,00	4,47
27,03	4,49
27,05	4,55
27,08	4,56
27,10	4,60
27,13	4,62
27,15	4,66
27,17	4,70
27,20	4,74
27,22	4,75
27,25	4,80
27,27	4,82
27,30	4,86
27,32	4,88
27,35	4,91
27,37	4,93
27,39	4,96
27,42	4,96
27,44	5,00
27,47	5,00
27,49	5,03
27,52	5,04
27,54	5,07
27,57	5,08
27,59	5,10
27,61	5,10
27,64	5,15
27,66	5,15
27,69	5,17
27,71	5,18
27,74	5,17
27,76	5,17
27,78	5,19
27,81	5,17
27,83	5,18
27,86	5,17
27,88	5,18
27,91	5,20
27,93	5,20
27,96	5,20
27,98	5,22
28,00	5,21
28,03	5,21
28,05	5,21
28,08	5,20
28,10	5,20
28,13	5,18
28,15	5,16
28,18	5,15
28,20	5,14
28,22	5,12
28,25	5,13
28,27	5,10
28,30	5,10
28,32	5,07
28,35	5,07
28,37	5,07
28,40	5,06
28,42	5,02
28,44	5,01
28,47	4,95
28,49	4,94
28,52	4,91
28,54	4,88
28,57	4,84
28,59	4,82
28,62	4,80
28,64	4,83
28,66	4,80
28,69	4,78
28,71	4,78
28,74	4,78
28,76	4,76
28,79	4,75
28,81	4,69
28,84	4,69
28,86	4,65
28,88	4,61
28,91	4,58
28,93	4,56
28,96	4,52
28,98	4,52
29,01	4,48
29,03	4,48
29,05	4,45
29,08	4,43
29,10	4,43
29,13	4,42
29,15	4,39
29,18	4,39
29,20	4,34
29,23	4,33
29,25	4,32
29,27	4,29
29,30	4,28
29,32	4,26
29,35	4,24
29,37	4,25
29,40	4,23
29,42	4,21
29,45	4,23
29,47	4,22
29,49	4,21
29,52	4,19
29,54	4,17
29,57	4,16
29,59	4,16
29,62	4,12
29,64	4,12
29,67	4,10
29,69	4,10
29,71	4,09
29,74	4,10
29,76	4,10
29,79	4,10
29,81	4,08
29,84	4,12
29,86	4,12
29,89	4,13
29,91	4,12
29,93	4,12
29,96	4,12
29,98	4,14
30,01	4,12
30,03	4,15
30,06	4,14
30,08	4,16
30,10	4,18
30,13	4,21
30,15	4,21
30,18	4,24
30,20	4,24
30,23	4,27
30,25	4,28
30,28	4,31
30,30	4,30
30,32	4,34
30,35	4,34
30,37	4,39
30,40	4,39
30,42	4,43
30,45	4,44
30,47	4,48
30,50	4,51
30,52	4,56
30,54	4,58
30,57	4,66
30,59	4,68
30,62	4,73
30,64	4,75
30,67	4,77
30,69	4,78
30,72	4,83
30,74	4,83
30,76	4,88
30,79	4,90
30,81	4,94
30,84	5,01
30,86	5,07
30,89	5,10
30,91	5,18
30,94	5,23
30,96	5,31
30,98	5,36
31,01	5,40
31,03	5,45
31,06	5,51
31,08	5,53
31,11	5,59
31,13	5,63
31,15	5,68
31,18	5,74
31,20	5,80
31,23	5,86
31,25	5,93
31,28	5,99
31,30	6,08
31,33	6,14
31,35	6,19
31,37	6,25
31,40	6,28
31,42	6,34
31,45	6,40
31,47	6,44
31,50	6,48
31,52	6,55
31,55	6,61
31,57	6,71
31,59	6,77
31,62	6,84
31,64	6,90
31,67	6,98
31,69	7,05
31,72	7,11
31,74	7,14
31,77	7,20
31,79	7,24
31,81	7,31
31,84	7,36
31,86	7,40
31,89	7,44
31,91	7,50
31,94	7,54
31,96	7,61
31,99	7,66
32,01	7,71
32,03	7,79
32,06	7,84
32,08	7,88
32,11	7,94
32,13	7,95
32,16	7,99
32,18	8,01
32,20	8,03
32,23	8,05
32,25	8,08
32,28	8,10
32,30	8,15
32,33	8,17
32,35	8,21
32,38	8,22
32,40	8,25
32,42	8,26
32,45	8,29
32,47	8,28
32,50	8,30
32,52	8,29
32,55	8,30
32,57	8,30
32,60	8,30
32,62	8,29
32,64	8,30
32,67	8,29
32,69	8,30
32,72	8,29
32,74	8,28
32,77	8,29
32,79	8,27
32,82	8,21
32,84	8,21
32,86	8,17
32,89	8,14
32,91	8,12
32,94	8,08
32,96	8,06
32,99	8,05
33,01	8,01
33,04	7,99
33,06	7,94
33,08	7,90
33,11	7,87
33,13	7,83
33,16	7,80
33,18	7,76
33,21	7,72
33,23	7,68
33,26	7,65
33,28	7,60
33,30	7,58
33,33	7,51
33,35	7,46
33,38	7,41
33,40	7,37
33,43	7,32
33,45	7,28
33,47	7,22
33,50	7,20
33,52	7,15
33,55	7,12
33,57	7,07
33,60	7,03
33,62	6,97
33,65	6,94
33,67	6,88
33,69	6,85
33,72	6,78
33,74	6,73
33,77	6,68
33,79	6,66
33,82	6,60
33,84	6,59
33,87	6,53
33,89	6,53
33,91	6,49
33,94	6,47
33,96	6,42
33,99	6,39
34,01	6,33
34,04	6,33
34,06	6,26
34,09	6,24
34,11	6,20
34,13	6,19
34,16	6,16
34,18	6,15
34,21	6,11
34,23	6,13
34,26	6,10
34,28	6,09
34,31	6,06
34,33	6,04
34,35	6,03
34,38	6,01
34,40	5,99
34,43	5,99
34,45	5,95
34,48	5,95
34,50	5,96
34,52	5,95
34,55	5,95
34,57	5,96
34,60	5,95
34,62	5,98
34,65	5,99
34,67	5,99
34,70	6,01
34,72	6,02
34,74	6,03
34,77	6,06
34,79	6,08
34,82	6,10
34,84	6,13
34,87	6,14
34,89	6,17
34,92	6,19
34,94	6,21
34,96	6,25
34,99	6,28
35,01	6,30
35,04	6,35
35,06	6,38
35,09	6,43
35,11	6,46
35,14	6,51
35,16	6,55
35,18	6,58
35,21	6,60
35,23	6,67
35,26	6,71
35,28	6,77
35,31	6,80
35,33	6,86
35,36	6,92
35,38	7,01
35,40	7,04
35,43	7,12
35,45	7,17
35,48	7,25
35,50	7,33
35,53	7,41
35,55	7,46
35,57	7,53
35,60	7,58
35,62	7,67
35,65	7,72
35,67	7,78
35,70	7,84
35,72	7,92
35,75	7,99
35,77	8,08
35,79	8,14
35,82	8,23
35,84	8,31
35,87	8,40
35,89	8,49
35,92	8,55
35,94	8,62
35,97	8,73
35,99	8,80
36,01	8,88
36,04	8,96
36,06	9,06
36,09	9,18
36,11	9,27
36,14	9,35
36,16	9,45
36,19	9,55
36,21	9,66
36,23	9,76
36,26	9,84
36,28	9,92
36,31	10,01
36,33	10,10
36,36	10,19
36,38	10,28
36,41	10,33
36,43	10,43
36,45	10,52
36,48	10,63
36,50	10,71
36,53	10,80
36,55	10,87
36,58	10,97
36,60	11,05
36,62	11,15
36,65	11,19
36,67	11,27
36,70	11,34
36,72	11,43
36,75	11,48
36,77	11,56
36,80	11,61
36,82	11,72
36,84	11,77
36,87	11,82
36,89	11,89
36,92	11,96
36,94	12,01
36,97	12,09
36,99	12,11
37,02	12,18
37,04	12,21
37,06	12,24
37,09	12,27
37,11	12,33
37,14	12,33
37,16	12,37
37,19	12,38
37,21	12,41
37,24	12,41
37,26	12,41
37,28	12,41
37,31	12,43
37,33	12,41
37,36	12,43
37,38	12,40
37,41	12,41
37,43	12,41
37,46	12,41
37,48	12,38
37,50	12,38
37,53	12,34
37,55	12,33
37,58	12,29
37,60	12,25
37,63	12,20
37,65	12,16
37,68	12,11
37,70	12,10
37,72	12,06
37,75	12,01
37,77	11,96
37,80	11,90
37,82	11,85
37,85	11,80
37,87	11,69
37,89	11,64
37,92	11,55
37,94	11,51
37,97	11,45
37,99	11,38
38,02	11,32
38,04	11,25
38,07	11,18
38,09	11,13
38,11	11,03
38,14	10,95
38,16	10,88
38,19	10,79
38,21	10,71
38,24	10,62
38,26	10,54
38,29	10,46
38,31	10,38
38,33	10,28
38,36	10,21
38,38	10,14
38,41	10,07
38,43	10,00
38,46	9,94
38,48	9,87
38,51	9,80
38,53	9,73
38,55	9,67
38,58	9,58
38,60	9,50
38,63	9,43
38,65	9,36
38,68	9,28
38,70	9,23
38,73	9,15
38,75	9,12
38,77	9,06
38,80	9,01
38,82	8,96
38,85	8,92
38,87	8,86
38,90	8,86
38,92	8,79
38,94	8,76
38,97	8,73
38,99	8,70
39,02	8,66
39,04	8,65
39,07	8,59
39,09	8,58
39,12	8,54
39,14	8,53
39,16	8,52
39,19	8,53
39,21	8,50
39,24	8,50
39,26	8,48
39,29	8,52
39,31	8,51
39,34	8,50
39,36	8,49
39,38	8,49
39,41	8,50
39,43	8,52
39,46	8,52
39,48	8,55
39,51	8,56
39,53	8,58
39,56	8,63
39,58	8,66
39,60	8,69
39,63	8,74
39,65	8,77
39,68	8,81
39,70	8,87
39,73	8,90
39,75	8,94
39,78	8,98
39,80	9,01
39,82	9,06
39,85	9,11
39,87	9,16
39,90	9,25
39,92	9,30
39,95	9,37
39,97	9,44
39,99	9,52
40,02	9,61
40,04	9,69
40,07	9,72
40,09	9,80
40,12	9,85
40,14	9,93
40,17	9,99
40,19	10,07
40,21	10,14
40,24	10,25
40,26	10,32
40,29	10,45
40,31	10,53
40,34	10,65
40,36	10,76
40,39	10,87
40,41	10,97
40,43	11,09
40,46	11,17
40,48	11,28
40,51	11,37
40,53	11,46
40,56	11,55
40,58	11,65
40,61	11,76
40,63	11,91
40,65	12,03
40,68	12,16
40,70	12,27
40,73	12,40
40,75	12,55
40,78	12,66
40,80	12,75
40,83	12,86
40,85	12,95
40,87	13,08
40,90	13,19
40,92	13,28
40,95	13,41
40,97	13,55
41,00	13,68
41,02	13,85
41,05	13,97
41,07	14,11
41,09	14,28
41,12	14,40
41,14	14,52
41,17	14,63
41,19	14,73
41,22	14,86
41,24	14,97
41,26	15,05
41,29	15,19
41,31	15,32
41,34	15,44
41,36	15,58
41,39	15,68
41,41	15,81
41,44	15,92
41,46	16,02
41,48	16,14
41,51	16,24
41,53	16,33
41,56	16,46
41,58	16,53
41,61	16,61
41,63	16,71
41,66	16,78
41,68	16,90
41,70	16,97
41,73	17,05
41,75	17,14
41,78	17,21
41,80	17,27
41,83	17,36
41,85	17,39
41,88	17,46
41,90	17,49
41,92	17,54
41,95	17,57
41,97	17,61
42,00	17,60
42,02	17,65
42,05	17,64
42,07	17,68
42,10	17,68
42,12	17,72
42,14	17,72
42,17	17,75
42,19	17,72
42,22	17,76
42,24	17,74
42,27	17,74
42,29	17,70
42,31	17,66
42,34	17,60
42,36	17,57
42,39	17,50
42,41	17,48
42,44	17,40
42,46	17,36
42,49	17,32
42,51	17,29
42,53	17,23
42,56	17,22
42,58	17,13
42,61	17,08
42,63	17,00
42,66	16,94
42,68	16,84
42,71	16,76
42,73	16,62
42,75	16,55
42,78	16,44
42,80	16,36
42,83	16,25
42,85	16,14
42,88	16,04
42,90	15,95
42,93	15,84
42,95	15,79
42,97	15,67
43,00	15,57
43,02	15,48
43,05	15,35
43,07	15,24
43,10	15,13
43,12	14,97
43,15	14,87
43,17	14,75
43,19	14,64
43,22	14,54
43,24	14,44
43,27	14,34
43,29	14,27
43,32	14,16
43,34	14,07
43,36	13,97
43,39	13,88
43,41	13,76
43,44	13,66
43,46	13,53
43,49	13,43
43,51	13,32
43,54	13,24
43,56	13,15
43,58	13,07
43,61	13,00
43,63	12,92
43,66	12,87
43,68	12,83
43,71	12,78
43,73	12,70
43,76	12,65
43,78	12,55
43,80	12,50
43,83	12,43
43,85	12,36
43,88	12,31
43,90	12,27
43,93	12,22
43,95	12,23
43,98	12,19
44,00	12,18
44,02	12,18
44,05	12,16
44,07	12,15
44,10	12,15
44,12	12,13
44,15	12,14
44,17	12,12
44,20	12,12
44,22	12,13
44,24	12,14
44,27	12,14
44,29	12,17
44,32	12,19
44,34	12,23
44,37	12,24
44,39	12,27
44,41	12,33
44,44	12,37
44,46	12,41
44,49	12,47
44,51	12,50
44,54	12,55
44,56	12,61
44,59	12,66
44,61	12,73
44,63	12,79
44,66	12,85
44,68	12,95
44,71	13,02
44,73	13,08
44,76	13,17
44,78	13,26
44,81	13,37
44,83	13,48
44,85	13,57
44,88	13,68
44,90	13,81
44,93	13,91
44,95	14,03
44,98	14,09
45,00	14,20
45,03	14,30
45,05	14,41
45,07	14,51
45,10	14,64
45,12	14,74
45,15	14,93
45,17	15,06
45,20	15,21
45,22	15,33
45,25	15,46
45,27	15,58
45,29	15,73
45,32	15,80
45,34	15,95
45,37	16,04
45,39	16,19
45,42	16,35
45,44	16,50
45,47	16,62
45,49	16,81
45,51	16,94
45,54	17,13
45,56	17,27
45,59	17,44
45,61	17,59
45,64	17,77
45,66	17,90
45,68	18,06
45,71	18,18
45,73	18,33
45,76	18,48
45,78	18,62
45,81	18,76
45,83	18,93
45,86	19,08
45,88	19,31
45,90	19,48
45,93	19,64
45,95	19,82
45,98	19,97
46,00	20,12
46,03	20,27
46,05	20,39
46,08	20,55
46,10	20,69
46,12	20,82
46,15	20,99
46,17	21,16
46,20	21,31
46,22	21,46
46,25	21,60
46,27	21,76
46,30	21,93
46,32	22,07
46,34	22,21
46,37	22,34
46,39	22,45
46,42	22,59
46,44	22,67
46,47	22,78
46,49	22,89
46,52	22,98
46,54	23,10
46,56	23,21
46,59	23,31
46,61	23,45
46,64	23,54
46,66	23,60
46,69	23,69
46,71	23,75
46,73	23,82
46,76	23,88
46,78	23,92
46,81	23,98
46,83	24,04
46,86	24,08
46,88	24,15
46,91	24,19
46,93	24,23
46,95	24,27
46,98	24,30
47,00	24,34
47,03	24,37
47,05	24,37
47,08	24,39
47,10	24,38
47,13	24,38
47,15	24,38
47,17	24,35
47,20	24,33
47,22	24,31
47,25	24,26
47,27	24,25
47,30	24,20
47,32	24,14
47,35	24,11
47,37	24,05
47,39	23,97
47,42	23,93
47,44	23,84
47,47	23,80
47,49	23,73
47,52	23,66
47,54	23,57
47,57	23,50
47,59	23,39
47,61	23,32
47,64	23,18
47,66	23,06
47,69	22,93
47,71	22,82
47,74	22,68
47,76	22,58
47,78	22,43
47,81	22,33
47,83	22,22
47,86	22,13
47,88	22,00
47,91	21,88
47,93	21,72
47,96	21,60
47,98	21,44
48,00	21,30
48,03	21,13
48,05	20,96
48,08	20,82
48,10	20,70
48,13	20,56
48,15	20,43
48,18	20,28
48,20	20,15
48,22	20,03
48,25	19,89
48,27	19,73
48,30	19,57
48,32	19,41
48,35	19,27
48,37	19,12
48,40	18,99
48,42	18,87
48,44	18,76
48,47	18,67
48,49	18,58
48,52	18,47
48,54	18,38
48,57	18,28
48,59	18,19
48,62	18,11
48,64	17,98
48,66	17,88
48,69	17,80
48,71	17,72
48,74	17,64
48,76	17,56
48,79	17,48
48,81	17,46
48,84	17,40
48,86	17,38
48,88	17,33
48,91	17,31
48,93	17,30
48,96	17,29
48,98	17,25
49,01	17,25
49,03	17,21
49,05	17,21
49,08	17,21
49,10	17,19
49,13	17,20
49,15	17,22
49,18	17,22
49,20	17,28
49,23	17,29
49,25	17,33
49,27	17,39
49,30	17,44
49,32	17,49
49,35	17,57
49,37	17,62
49,40	17,72
49,42	17,78
49,45	17,85
49,47	17,92
49,49	17,99
49,52	18,05
49,54	18,13
49,57	18,20
49,59	18,31
49,62	18,40
49,64	18,50
49,67	18,62
49,69	18,74
49,71	18,85
49,74	18,97
49,76	19,07
49,79	19,21
49,81	19,35
49,84	19,48
49,86	19,61
49,89	19,74
49,91	19,86
49,93	20,02
49,96	20,14
49,98	20,27
50,01	20,43
50,03	20,58
50,06	20,75
50,08	20,92
50,10	21,09
50,13	21,27
50,15	21,43
50,18	21,60
50,20	21,77
50,23	21,90
50,25	22,05
50,28	22,20
50,30	22,37
50,32	22,55
50,35	22,73
50,37	22,91
50,40	23,15
50,42	23,32
50,45	23,53
50,47	23,73
50,50	23,91
50,52	24,09
50,54	24,28
50,57	24,43
50,59	24,65
50,62	24,79
50,64	24,97
50,67	25,13
50,69	25,32
50,72	25,51
50,74	25,76
50,76	25,94
50,79	26,18
50,81	26,36
50,84	26,58
50,86	26,79
50,89	26,99
50,91	27,13
50,94	27,34
50,96	27,49
50,98	27,69
51,01	27,84
51,03	28,02
51,06	28,20
51,08	28,40
51,11	28,55
51,13	28,80
51,15	28,97
51,18	29,18
51,20	29,35
51,23	29,50
51,25	29,64
51,28	29,81
51,30	29,89
51,33	30,05
51,35	30,15
51,37	30,29
51,40	30,45
51,42	30,61
51,45	30,74
51,47	30,89
51,50	31,02
51,52	31,16
51,55	31,26
51,57	31,36
51,59	31,45
51,62	31,55
51,64	31,62
51,67	31,72
51,69	31,76
51,72	31,85
51,74	31,93
51,77	32,00
51,79	32,07
51,81	32,15
51,84	32,20
51,86	32,32
51,89	32,36
51,91	32,40
51,94	32,42
51,96	32,43
51,99	32,45
52,01	32,49
52,03	32,46
52,06	32,47
52,08	32,46
52,11	32,46
52,13	32,47
52,16	32,46
52,18	32,42
52,20	32,39
52,23	32,35
52,25	32,32
52,28	32,29
52,30	32,24
52,33	32,20
52,35	32,11
52,38	32,06
52,40	32,00
52,42	31,90
52,45	31,80
52,47	31,72
52,50	31,62
52,52	31,55
52,55	31,44
52,57	31,33
52,60	31,26
52,62	31,15
52,64	31,02
52,67	30,91
52,69	30,76
52,72	30,63
52,74	30,49
52,77	30,34
52,79	30,20
52,82	30,05
52,84	29,87
52,86	29,76
52,89	29,59
52,91	29,45
52,94	29,29
52,96	29,12
52,99	28,95
53,01	28,82
53,04	28,64
53,06	28,51
53,08	28,33
53,11	28,18
53,13	28,02
53,16	27,85
53,18	27,66
53,21	27,49
53,23	27,28
53,26	27,13
53,28	26,95
53,30	26,80
53,33	26,67
53,35	26,54
53,38	26,39
53,40	26,29
53,43	26,12
53,45	26,01
53,47	25,86
53,50	25,71
53,52	25,55
53,55	25,43
53,57	25,27
53,60	25,20
53,62	25,08
53,65	25,00
53,67	24,90
53,69	24,83
53,72	24,76
53,74	24,71
53,77	24,61
53,79	24,55
53,82	24,49
53,84	24,45
53,87	24,41
53,89	24,34
53,91	24,30
53,94	24,28
53,96	24,27
53,99	24,25
54,01	24,25
54,04	24,23
54,06	24,27
54,09	24,27
54,11	24,29
54,13	24,30
54,16	24,33
54,18	24,34
54,21	24,39
54,23	24,42
54,26	24,49
54,28	24,55
54,31	24,62
54,33	24,68
54,35	24,78
54,38	24,84
54,40	24,92
54,43	24,98
54,45	25,06
54,48	25,15
54,50	25,25
54,52	25,33
54,55	25,47
54,57	25,58
54,60	25,75
54,62	25,87
54,65	26,03
54,67	26,17
54,70	26,32
54,72	26,44
54,74	26,58
54,77	26,69
54,79	26,83
54,82	26,95
54,84	27,10
54,87	27,26
54,89	27,44
54,92	27,62
54,94	27,80
54,96	28,01
54,99	28,23
55,01	28,39
55,04	28,60
55,06	28,82
55,09	29,01
55,11	29,21
55,14	29,37
55,16	29,53
55,18	29,74
55,21	29,92
55,23	30,10
55,26	30,31
55,28	30,53
55,31	30,76
55,33	31,01
55,36	31,23
55,38	31,45
55,40	31,68
55,43	31,87
55,45	32,07
55,48	32,28
55,50	32,45
55,53	32,67
55,55	32,88
55,57	33,08
55,60	33,30
55,62	33,53
55,65	33,76
55,67	34,00
55,70	34,22
55,72	34,37
55,75	34,58
55,77	34,78
55,79	35,00
55,82	35,18
55,84	35,39
55,87	35,56
55,89	35,82
55,92	36,04
55,94	36,29
55,97	36,47
55,99	36,72
56,01	36,93
56,04	37,17
56,06	37,39
56,09	37,62
56,11	37,80
56,14	38,00
56,16	38,14
56,19	38,33
56,21	38,50
56,23	38,67
56,26	38,79
56,28	38,96
56,31	39,13
56,33	39,32
56,36	39,48
56,38	39,64
56,41	39,78
56,43	39,97
56,45	40,13
56,48	40,26
56,50	40,37
56,53	40,50
56,55	40,59
56,58	40,72
56,60	40,82
56,62	40,93
56,65	41,06
56,67	41,18
56,70	41,28
56,72	41,41
56,75	41,49
56,77	41,60
56,80	41,68
56,82	41,77
56,84	41,83
56,87	41,90
56,89	41,96
56,92	42,04
56,94	42,05
56,97	42,08
56,99	42,12
57,02	42,16
57,04	42,18
57,06	42,22
57,09	42,22
57,11	42,25
57,14	42,22
57,16	42,22
57,19	42,20
57,21	42,20
57,24	42,15
57,26	42,15
57,28	42,10
57,31	42,08
57,33	42,03
57,36	41,99
57,38	41,91
57,41	41,84
57,43	41,72
57,46	41,66
57,48	41,55
57,50	41,45
57,53	41,37
57,55	41,26
57,58	41,14
57,60	41,05
57,63	40,91
57,65	40,82
57,68	40,68
57,70	40,52
57,72	40,39
57,75	40,22
57,77	40,05
57,80	39,88
57,82	39,70
57,85	39,55
57,87	39,38
57,89	39,21
57,92	39,07
57,94	38,92
57,97	38,78
57,99	38,63
58,02	38,43
58,04	38,25
58,07	38,09
58,09	37,91
58,11	37,73
58,14	37,52
58,16	37,33
58,19	37,15
58,21	36,98
58,24	36,77
58,26	36,62
58,29	36,41
58,31	36,26
58,33	36,07
58,36	35,92
58,38	35,75
58,41	35,61
58,43	35,42
58,46	35,29
58,48	35,10
58,51	34,96
58,53	34,80
58,55	34,65
58,58	34,51
58,60	34,40
58,63	34,26
58,65	34,19
58,68	34,07
58,70	33,99
58,73	33,92
58,75	33,83
58,77	33,74
58,80	33,67
58,82	33,58
58,85	33,53
58,87	33,44
58,90	33,39
58,92	33,32
58,94	33,28
58,97	33,23
58,99	33,23
59,02	33,19
59,04	33,20
59,07	33,19
59,09	33,19
59,12	33,21
59,14	33,26
59,16	33,26
59,19	33,31
59,21	33,34
59,24	33,31
59,26	33,38
59,29	33,42
59,31	33,48
59,34	33,55
59,36	33,62
59,38	33,70
59,41	33,87
59,43	33,95
59,46	34,08
59,48	34,18
59,51	34,29
59,53	34,39
59,56	34,50
59,58	34,61
59,60	34,75
59,63	34,85
59,65	35,00
59,68	35,13
59,70	35,29
59,73	35,47
59,75	35,63
59,78	35,77
59,80	35,96
59,82	36,14
59,85	36,37
59,87	36,56
59,90	36,74
59,92	36,95
59,95	37,15
59,97	37,28
59,99	37,40
