U1/V	IA/nA
0,02	0,45
0,04	0,47
0,07	0,46
0,09	0,47
0,12	0,45
0,14	0,48
0,17	0,45
0,19	0,48
0,21	0,44
0,24	0,46
0,26	0,43
0,29	0,45
0,31	0,44
0,34	0,46
0,36	0,43
0,39	0,47
0,41	0,44
0,43	0,46
0,46	0,44
0,48	0,45
0,51	0,43
0,53	0,44
0,56	0,42
0,58	0,45
0,61	0,41
0,63	0,42
0,65	0,43
0,68	0,45
0,70	0,44
0,73	0,45
0,75	0,44
0,78	0,47
0,80	0,47
0,83	0,45
0,85	0,46
0,87	0,45
0,90	0,45
0,92	0,47
0,95	0,47
0,97	0,47
1,00	0,48
1,02	0,47
1,05	0,48
1,07	0,47
1,09	0,47
1,12	0,46
1,14	0,47
1,17	0,45
1,19	0,46
1,22	0,44
1,24	0,46
1,26	0,45
1,29	0,46
1,31	0,44
1,34	0,44
1,36	0,42
1,39	0,45
1,41	0,43
1,44	0,45
1,46	0,43
1,48	0,44
1,51	0,44
1,53	0,47
1,56	0,44
1,58	0,46
1,61	0,45
1,63	0,46
1,66	0,45
1,68	0,48
1,70	0,46
1,73	0,49
1,75	0,45
1,78	0,48
1,80	0,46
1,83	0,47
1,85	0,45
1,88	0,46
1,90	0,44
1,92	0,47
1,95	0,44
1,97	0,46
2,00	0,45
2,02	0,46
2,05	0,45
2,07	0,45
2,10	0,43
2,12	0,46
2,14	0,44
2,17	0,45
2,19	0,44
2,22	0,46
2,24	0,47
2,27	0,47
2,29	0,44
2,31	0,46
2,34	0,44
2,36	0,46
2,39	0,47
2,41	0,47
2,44	0,46
2,46	0,47
2,49	0,47
2,51	0,49
2,53	0,49
2,56	0,46
2,58	0,46
2,61	0,45
2,63	0,45
2,66	0,45
2,68	0,44
2,71	0,43
2,73	0,43
2,75	0,42
2,78	0,45
2,80	0,42
2,83	0,43
2,85	0,42
2,88	0,42
2,90	0,42
2,93	0,43
2,95	0,42
2,97	0,45
3,00	0,44
3,02	0,44
3,05	0,44
3,07	0,46
3,10	0,44
3,12	0,48
3,15	0,45
3,17	0,47
3,19	0,45
3,22	0,48
3,24	0,47
3,27	0,50
3,29	0,45
3,32	0,48
3,34	0,45
3,36	0,47
3,39	0,45
3,41	0,45
3,44	0,42
3,46	0,45
3,49	0,42
3,51	0,46
3,54	0,42
3,56	0,43
3,58	0,43
3,61	0,45
3,63	0,43
3,66	0,45
3,68	0,42
3,71	0,45
3,73	0,44
3,76	0,45
3,78	0,44
3,80	0,44
3,83	0,42
3,85	0,47
3,88	0,46
3,90	0,48
3,93	0,47
3,95	0,48
3,98	0,49
4,00	0,50
4,02	0,47
4,05	0,48
4,07	0,46
4,10	0,43
4,12	0,42
4,15	0,42
4,17	0,42
4,20	0,42
4,22	0,41
4,24	0,43
4,27	0,45
4,29	0,45
4,32	0,48
4,34	0,47
4,37	0,48
4,39	0,46
4,42	0,46
4,44	0,45
4,46	0,46
4,49	0,43
4,51	0,45
4,54	0,43
4,56	0,44
4,59	0,46
4,61	0,48
4,63	0,46
4,66	0,48
4,68	0,46
4,71	0,49
4,73	0,47
4,76	0,47
4,78	0,46
4,81	0,47
4,83	0,44
4,85	0,46
4,88	0,43
4,90	0,45
4,93	0,43
4,95	0,45
4,98	0,44
5,00	0,47
5,03	0,45
5,05	0,50
5,07	0,48
5,10	0,50
5,12	0,48
5,15	0,49
5,17	0,47
5,20	0,49
5,22	0,44
5,25	0,46
5,27	0,43
5,29	0,46
5,32	0,45
5,34	0,47
5,37	0,45
5,39	0,48
5,42	0,46
5,44	0,50
5,47	0,48
5,49	0,47
5,51	0,45
5,54	0,45
5,56	0,44
5,59	0,46
5,61	0,44
5,64	0,44
5,66	0,44
5,68	0,44
5,71	0,46
5,73	0,47
5,76	0,46
5,78	0,48
5,81	0,47
5,83	0,47
5,86	0,48
5,88	0,48
5,90	0,48
5,93	0,47
5,95	0,45
5,98	0,46
6,00	0,47
6,03	0,45
6,05	0,48
6,08	0,46
6,10	0,48
6,12	0,46
6,15	0,47
6,17	0,48
6,20	0,50
6,22	0,46
6,25	0,48
6,27	0,45
6,30	0,48
6,32	0,47
6,34	0,46
6,37	0,44
6,39	0,46
6,42	0,43
6,44	0,47
6,47	0,46
6,49	0,48
6,52	0,49
6,54	0,51
6,56	0,49
6,59	0,52
6,61	0,50
6,64	0,52
6,66	0,50
6,69	0,49
6,71	0,48
6,73	0,49
6,76	0,46
6,78	0,50
6,81	0,47
6,83	0,51
6,86	0,51
6,88	0,52
6,91	0,52
6,93	0,54
6,95	0,51
6,98	0,54
7,00	0,50
7,03	0,51
7,05	0,49
7,08	0,49
7,10	0,49
7,13	0,50
7,15	0,48
7,17	0,51
7,20	0,50
7,22	0,52
7,25	0,53
7,27	0,54
7,30	0,53
7,32	0,54
7,35	0,52
7,37	0,52
7,39	0,52
7,42	0,51
7,44	0,52
7,47	0,51
7,49	0,49
7,52	0,50
7,54	0,52
7,57	0,51
7,59	0,51
7,61	0,50
7,64	0,53
7,66	0,54
7,69	0,55
7,71	0,55
7,74	0,54
7,76	0,52
7,78	0,53
7,81	0,51
7,83	0,53
7,86	0,51
7,88	0,52
7,91	0,54
7,93	0,55
7,96	0,53
7,98	0,58
8,00	0,57
8,03	0,59
8,05	0,57
8,08	0,58
8,10	0,57
8,13	0,60
8,15	0,56
8,18	0,59
8,20	0,55
8,22	0,57
8,25	0,56
8,27	0,58
8,30	0,56
8,32	0,59
8,35	0,55
8,37	0,62
8,40	0,60
8,42	0,62
8,44	0,60
8,47	0,60
8,49	0,59
8,52	0,61
8,54	0,58
8,57	0,59
8,59	0,57
8,62	0,58
8,64	0,58
8,66	0,61
8,69	0,59
8,71	0,62
8,74	0,61
8,76	0,64
8,79	0,63
8,81	0,65
8,84	0,64
8,86	0,64
8,88	0,61
8,91	0,63
8,93	0,61
8,96	0,62
8,98	0,62
9,01	0,62
9,03	0,62
9,05	0,63
9,08	0,62
9,10	0,66
9,13	0,66
9,15	0,66
9,18	0,67
9,20	0,65
9,23	0,66
9,25	0,66
9,27	0,65
9,30	0,63
9,32	0,63
9,35	0,62
9,37	0,66
9,40	0,65
9,42	0,66
9,45	0,66
9,47	0,68
9,49	0,67
9,52	0,70
9,54	0,68
9,57	0,71
9,59	0,69
9,62	0,69
9,64	0,69
9,67	0,71
9,69	0,69
9,71	0,73
9,74	0,70
9,76	0,72
9,79	0,71
9,81	0,72
9,84	0,74
9,86	0,75
9,89	0,72
9,91	0,75
9,93	0,71
9,96	0,74
9,98	0,71
10,01	0,71
10,03	0,70
10,06	0,72
10,08	0,70
10,10	0,75
10,13	0,73
10,15	0,75
10,18	0,74
10,20	0,76
10,23	0,76
10,25	0,78
10,28	0,76
10,30	0,78
10,32	0,77
10,35	0,78
10,37	0,78
10,40	0,77
10,42	0,76
10,45	0,77
10,47	0,76
10,50	0,78
10,52	0,77
10,54	0,78
10,57	0,82
10,59	0,82
10,62	0,82
10,64	0,83
10,67	0,81
10,69	0,81
10,72	0,80
10,74	0,78
10,76	0,80
10,79	0,79
10,81	0,79
10,84	0,81
10,86	0,81
10,89	0,81
10,91	0,82
10,94	0,81
10,96	0,83
10,98	0,82
11,01	0,82
11,03	0,82
11,06	0,84
11,08	0,83
11,11	0,85
11,13	0,83
11,15	0,84
11,18	0,84
11,20	0,85
11,23	0,83
11,25	0,86
11,28	0,84
11,30	0,90
11,33	0,88
11,35	0,90
11,37	0,90
11,40	0,92
11,42	0,89
11,45	0,91
11,47	0,87
11,50	0,90
11,52	0,86
11,55	0,89
11,57	0,88
11,59	0,90
11,62	0,89
11,64	0,91
11,67	0,89
11,69	0,93
11,72	0,92
11,74	0,93
11,77	0,92
11,79	0,94
11,81	0,92
11,84	0,95
11,86	0,91
11,89	0,93
11,91	0,92
11,94	0,94
11,96	0,94
11,99	0,97
12,01	0,96
12,03	1,02
12,06	1,01
12,08	1,01
12,11	1,01
12,13	1,01
12,16	1,01
12,18	1,02
12,21	1,01
12,23	1,02
12,25	1,01
12,28	1,02
12,30	1,04
12,33	1,04
12,35	1,05
12,38	1,05
12,40	1,05
12,42	1,06
12,45	1,08
12,47	1,07
12,50	1,09
12,52	1,08
12,55	1,09
12,57	1,11
12,60	1,12
12,62	1,11
12,64	1,12
12,67	1,11
12,69	1,14
12,72	1,13
12,74	1,14
12,77	1,15
12,79	1,16
12,82	1,15
12,84	1,17
12,86	1,15
12,89	1,18
12,91	1,17
12,94	1,19
12,96	1,17
12,99	1,18
13,01	1,16
13,04	1,20
13,06	1,18
13,08	1,21
13,11	1,19
13,13	1,22
13,16	1,23
13,18	1,25
13,21	1,23
13,23	1,25
13,26	1,23
13,28	1,26
13,30	1,26
13,33	1,28
13,35	1,26
13,38	1,29
13,40	1,28
13,43	1,31
13,45	1,30
13,47	1,31
13,50	1,30
13,52	1,31
13,55	1,30
13,57	1,31
13,60	1,29
13,62	1,30
13,65	1,29
13,67	1,30
13,69	1,30
13,72	1,30
13,74	1,30
13,77	1,31
13,79	1,30
13,82	1,31
13,84	1,32
13,87	1,33
13,89	1,34
13,91	1,35
13,94	1,34
13,96	1,35
13,99	1,35
14,01	1,35
14,04	1,37
14,06	1,36
14,09	1,36
14,11	1,36
14,13	1,38
14,16	1,37
14,18	1,38
14,21	1,35
14,23	1,36
14,26	1,35
14,28	1,36
14,31	1,35
14,33	1,35
14,35	1,33
14,38	1,34
14,40	1,34
14,43	1,36
14,45	1,33
14,48	1,35
14,50	1,34
14,52	1,36
14,55	1,34
14,57	1,36
14,60	1,34
14,62	1,38
14,65	1,37
14,67	1,38
14,70	1,36
14,72	1,39
14,74	1,37
14,77	1,40
14,79	1,38
14,82	1,40
14,84	1,39
14,87	1,41
14,89	1,40
14,92	1,42
14,94	1,39
14,96	1,42
14,99	1,40
15,01	1,41
15,04	1,39
15,06	1,40
15,09	1,39
15,11	1,40
15,14	1,38
15,16	1,41
15,18	1,37
15,21	1,39
15,23	1,40
15,26	1,41
15,28	1,40
15,31	1,42
15,33	1,41
15,36	1,44
15,38	1,45
15,40	1,45
15,43	1,45
15,45	1,44
15,48	1,43
15,50	1,46
15,53	1,46
15,55	1,47
15,57	1,47
15,60	1,47
15,62	1,49
15,65	1,50
15,67	1,48
15,70	1,49
15,72	1,48
15,75	1,47
15,77	1,49
15,79	1,48
15,82	1,50
15,84	1,49
15,87	1,51
15,89	1,52
15,92	1,52
15,94	1,51
15,97	1,54
15,99	1,53
16,01	1,56
16,04	1,55
16,06	1,57
16,09	1,57
16,11	1,60
16,14	1,58
16,16	1,61
16,19	1,60
16,21	1,62
16,23	1,64
16,26	1,67
16,28	1,66
16,31	1,69
16,33	1,67
16,36	1,71
16,38	1,71
16,41	1,72
16,43	1,71
16,45	1,73
16,48	1,71
16,50	1,75
16,53	1,73
16,55	1,76
16,58	1,75
16,60	1,77
16,63	1,78
16,65	1,79
16,67	1,79
16,70	1,83
16,72	1,83
16,75	1,85
16,77	1,86
16,80	1,88
16,82	1,91
16,84	1,93
16,87	1,92
16,89	1,95
16,92	1,97
16,94	2,00
16,97	2,04
16,99	2,06
17,02	2,07
17,04	2,09
17,06	2,10
17,09	2,12
17,11	2,13
17,14	2,11
17,16	2,12
17,19	2,12
17,21	2,14
17,24	2,16
17,26	2,16
17,28	2,17
17,31	2,19
17,33	2,20
17,36	2,24
17,38	2,23
17,41	2,24
17,43	2,25
17,46	2,28
17,48	2,28
17,50	2,31
17,53	2,32
17,55	2,36
17,58	2,36
17,60	2,37
17,63	2,37
17,65	2,39
17,68	2,38
17,70	2,43
17,72	2,43
17,75	2,45
17,77	2,44
17,80	2,45
17,82	2,47
17,85	2,50
17,87	2,46
17,89	2,48
17,92	2,47
17,94	2,49
17,97	2,49
17,99	2,49
18,02	2,49
18,04	2,51
18,07	2,49
18,09	2,52
18,11	2,51
18,14	2,52
18,16	2,53
18,19	2,55
18,21	2,54
18,24	2,57
18,26	2,55
18,29	2,57
18,31	2,56
18,33	2,55
18,36	2,55
18,38	2,55
18,41	2,54
18,43	2,58
18,46	2,57
18,48	2,59
18,51	2,57
18,53	2,58
18,55	2,59
18,58	2,59
18,60	2,56
18,63	2,56
18,65	2,53
18,68	2,53
18,70	2,51
18,73	2,49
18,75	2,49
18,77	2,48
18,80	2,47
18,82	2,48
18,85	2,47
18,87	2,47
18,90	2,50
18,92	2,49
18,94	2,50
18,97	2,48
18,99	2,51
19,02	2,50
19,04	2,51
19,07	2,47
19,09	2,47
19,12	2,44
19,14	2,45
19,16	2,41
19,19	2,42
19,21	2,40
19,24	2,41
19,26	2,39
19,29	2,42
19,31	2,40
19,34	2,39
19,36	2,37
19,38	2,37
19,41	2,34
19,43	2,36
19,46	2,31
19,48	2,33
19,51	2,30
19,53	2,31
19,56	2,31
19,58	2,32
19,60	2,29
19,63	2,33
19,65	2,31
19,68	2,33
19,70	2,31
19,73	2,32
19,75	2,30
19,78	2,33
19,80	2,27
19,82	2,28
19,85	2,25
19,87	2,26
19,90	2,25
19,92	2,25
19,95	2,23
19,97	2,25
19,99	2,24
20,02	2,29
20,04	2,27
20,07	2,28
20,09	2,27
20,12	2,27
20,14	2,26
20,17	2,28
20,19	2,26
20,21	2,28
20,24	2,27
20,26	2,29
20,29	2,31
20,31	2,32
20,34	2,32
20,36	2,35
20,39	2,34
20,41	2,35
20,43	2,37
20,46	2,36
20,48	2,38
20,51	2,38
20,53	2,37
20,56	2,38
20,58	2,39
20,61	2,40
20,63	2,42
20,65	2,41
20,68	2,44
20,70	2,45
20,73	2,47
20,75	2,50
20,78	2,53
20,80	2,52
20,83	2,56
20,85	2,55
20,87	2,58
20,90	2,59
20,92	2,61
20,95	2,63
20,97	2,65
21,00	2,66
21,02	2,71
21,05	2,72
21,07	2,75
21,09	2,78
21,12	2,81
21,14	2,83
21,17	2,88
21,19	2,89
21,22	2,94
21,24	2,95
21,26	2,96
21,29	2,98
21,31	3,01
21,34	3,02
21,36	3,05
21,39	3,06
21,41	3,11
21,44	3,14
21,46	3,18
21,48	3,23
21,51	3,29
21,53	3,32
21,56	3,37
21,58	3,38
21,61	3,42
21,63	3,44
21,66	3,45
21,68	3,47
21,70	3,49
21,73	3,51
21,75	3,57
21,78	3,60
21,80	3,64
21,83	3,70
21,85	3,75
21,88	3,81
21,90	3,85
21,92	3,88
21,95	3,91
21,97	3,94
22,00	3,95
22,02	3,99
22,05	3,98
22,07	4,01
22,10	4,04
22,12	4,09
22,14	4,12
22,17	4,15
22,19	4,16
22,22	4,23
22,24	4,25
22,27	4,28
22,29	4,29
22,31	4,30
22,34	4,31
22,36	4,35
22,39	4,33
22,41	4,37
22,44	4,37
22,46	4,40
22,49	4,42
22,51	4,45
22,53	4,44
22,56	4,47
22,58	4,47
22,61	4,50
22,63	4,50
22,66	4,51
22,68	4,50
22,71	4,53
22,73	4,51
22,75	4,54
22,78	4,51
22,80	4,52
22,83	4,51
22,85	4,53
22,88	4,52
22,90	4,53
22,93	4,49
22,95	4,55
22,97	4,53
23,00	4,54
23,02	4,51
23,05	4,49
23,07	4,46
23,10	4,47
23,12	4,41
23,15	4,40
23,17	4,36
23,19	4,35
23,22	4,34
23,24	4,34
23,27	4,31
23,29	4,31
23,32	4,28
23,34	4,28
23,36	4,26
23,39	4,25
23,41	4,21
23,44	4,19
23,46	4,17
23,49	4,15
23,51	4,10
23,54	4,08
23,56	4,06
23,58	4,04
23,61	4,02
23,63	3,99
23,66	3,97
23,68	3,99
23,71	3,97
23,73	3,94
23,76	3,92
23,78	3,87
23,80	3,86
23,83	3,83
23,85	3,80
23,88	3,76
23,90	3,74
23,93	3,71
23,95	3,73
23,98	3,69
24,00	3,68
24,02	3,64
24,05	3,63
24,07	3,61
24,10	3,60
24,12	3,56
24,15	3,57
24,17	3,55
24,20	3,54
24,22	3,53
24,24	3,51
24,27	3,48
24,29	3,49
24,32	3,45
24,34	3,45
24,37	3,43
24,39	3,42
24,42	3,44
24,44	3,44
24,46	3,41
24,49	3,43
24,51	3,40
24,54	3,41
24,56	3,38
24,59	3,36
24,61	3,35
24,63	3,35
24,66	3,33
24,68	3,35
24,71	3,33
24,73	3,36
24,76	3,35
24,78	3,36
24,81	3,36
24,83	3,39
24,85	3,37
24,88	3,40
24,90	3,40
24,93	3,42
24,95	3,43
24,98	3,43
25,00	3,43
25,03	3,46
25,05	3,46
25,07	3,48
25,10	3,49
25,12	3,49
25,15	3,52
25,17	3,61
25,20	3,61
25,22	3,64
25,25	3,65
25,27	3,68
25,29	3,70
25,32	3,73
25,34	3,70
25,37	3,72
25,39	3,75
25,42	3,79
25,44	3,82
25,47	3,84
25,49	3,88
25,51	3,90
25,54	3,94
25,56	3,96
25,59	4,00
25,61	4,03
25,64	4,08
25,66	4,11
25,68	4,19
25,71	4,20
25,73	4,26
25,76	4,30
25,78	4,34
25,81	4,37
25,83	4,43
25,86	4,43
25,88	4,51
25,90	4,53
25,93	4,59
25,95	4,63
25,98	4,69
26,00	4,72
26,03	4,79
26,05	4,83
26,08	4,91
26,10	4,94
26,12	5,00
26,15	5,04
26,17	5,11
26,20	5,15
26,22	5,22
26,25	5,25
26,27	5,33
26,30	5,40
26,32	5,48
26,34	5,53
26,37	5,61
26,39	5,66
26,42	5,75
26,44	5,79
26,47	5,85
26,49	5,90
26,52	5,96
26,54	6,01
26,56	6,07
26,59	6,11
26,61	6,19
26,64	6,24
26,66	6,30
26,69	6,37
26,71	6,42
26,73	6,48
26,76	6,55
26,78	6,62
26,81	6,67
26,83	6,70
26,86	6,74
26,88	6,81
26,91	6,85
26,93	6,89
26,95	6,92
26,98	6,97
27,00	7,03
27,03	7,09
27,05	7,11
27,08	7,17
27,10	7,19
27,13	7,23
27,15	7,27
27,17	7,31
27,20	7,32
27,22	7,36
27,25	7,36
27,27	7,40
27,30	7,40
27,32	7,42
27,35	7,43
27,37	7,45
27,39	7,43
27,42	7,47
27,44	7,44
27,47	7,47
27,49	7,45
27,52	7,47
27,54	7,45
27,57	7,45
27,59	7,42
27,61	7,45
27,64	7,42
27,66	7,42
27,69	7,38
27,71	7,37
27,74	7,35
27,76	7,34
27,78	7,27
27,81	7,25
27,83	7,20
27,86	7,18
27,88	7,15
27,91	7,13
27,93	7,08
27,96	7,06
27,98	7,00
28,00	6,98
28,03	6,93
28,05	6,88
28,08	6,81
28,10	6,76
28,13	6,69
28,15	6,66
28,18	6,59
28,20	6,54
28,22	6,48
28,25	6,44
28,27	6,40
28,30	6,35
28,32	6,29
28,35	6,27
28,37	6,21
28,40	6,15
28,42	6,10
28,44	6,04
28,47	6,01
28,49	5,95
28,52	5,89
28,54	5,84
28,57	5,81
28,59	5,77
28,62	5,75
28,64	5,69
28,66	5,66
28,69	5,62
28,71	5,58
28,74	5,55
28,76	5,50
28,79	5,42
28,81	5,38
28,84	5,32
28,86	5,28
28,88	5,24
28,91	5,21
28,93	5,17
28,96	5,15
28,98	5,11
29,01	5,11
29,03	5,06
29,05	5,03
29,08	5,01
29,10	5,00
29,13	4,96
29,15	4,96
29,18	4,92
29,20	4,95
29,23	4,91
29,25	4,90
29,27	4,88
29,30	4,89
29,32	4,86
29,35	4,88
29,37	4,85
29,40	4,87
29,42	4,86
29,45	4,87
29,47	4,86
29,49	4,89
29,52	4,86
29,54	4,90
29,57	4,90
29,59	4,91
29,62	4,90
29,64	4,91
29,67	4,91
29,69	4,94
29,71	4,94
29,74	4,97
29,76	4,98
29,79	5,02
29,81	5,06
29,84	5,10
29,86	5,13
29,89	5,17
29,91	5,19
29,93	5,25
29,96	5,28
29,98	5,30
30,01	5,33
30,03	5,35
30,06	5,38
30,08	5,44
30,10	5,49
30,13	5,54
30,15	5,61
30,18	5,66
30,20	5,74
30,23	5,79
30,25	5,84
30,28	5,89
30,30	5,93
30,32	5,95
30,35	6,02
30,37	6,06
30,40	6,14
30,42	6,19
30,45	6,26
30,47	6,34
30,50	6,42
30,52	6,48
30,54	6,58
30,57	6,65
30,59	6,74
30,62	6,80
30,64	6,89
30,67	6,95
30,69	7,04
30,72	7,08
30,74	7,17
30,76	7,23
30,79	7,32
30,81	7,41
30,84	7,51
30,86	7,59
30,89	7,70
30,91	7,78
30,94	7,90
30,96	7,99
30,98	8,08
31,01	8,16
31,03	8,24
31,06	8,32
31,08	8,42
31,11	8,49
31,13	8,58
31,15	8,65
31,18	8,76
31,20	8,86
31,23	8,97
31,25	9,06
31,28	9,19
31,30	9,29
31,33	9,40
31,35	9,49
31,37	9,59
31,40	9,68
31,42	9,78
31,45	9,84
31,47	9,93
31,50	10,02
31,52	10,12
31,55	10,25
31,57	10,34
31,59	10,42
31,62	10,52
31,64	10,62
31,67	10,72
31,69	10,79
31,72	10,82
31,74	10,89
31,77	10,94
31,79	10,99
31,81	11,05
31,84	11,11
31,86	11,16
31,89	11,23
31,91	11,28
31,94	11,36
31,96	11,40
31,99	11,46
32,01	11,50
32,03	11,54
32,06	11,57
32,08	11,61
32,11	11,61
32,13	11,65
32,16	11,65
32,18	11,66
32,20	11,66
32,23	11,67
32,25	11,66
32,28	11,70
32,30	11,66
32,33	11,65
32,35	11,62
32,38	11,60
32,40	11,59
32,42	11,58
32,45	11,50
32,47	11,50
32,50	11,44
32,52	11,42
32,55	11,36
32,57	11,31
32,60	11,23
32,62	11,19
32,64	11,10
32,67	11,07
32,69	10,98
32,72	10,91
32,74	10,86
32,77	10,81
32,79	10,73
32,82	10,69
32,84	10,60
32,86	10,54
32,89	10,46
32,91	10,36
32,94	10,26
32,96	10,17
32,99	10,05
33,01	9,97
33,04	9,87
33,06	9,79
33,08	9,69
33,11	9,61
33,13	9,54
33,16	9,46
33,18	9,36
33,21	9,29
33,23	9,18
33,26	9,10
33,28	9,00
33,30	8,91
33,33	8,81
33,35	8,72
33,38	8,63
33,40	8,56
33,43	8,48
33,45	8,41
33,47	8,36
33,50	8,29
33,52	8,23
33,55	8,16
33,57	8,10
33,60	8,03
33,62	7,97
33,65	7,87
33,67	7,81
33,69	7,73
33,72	7,68
33,74	7,61
33,77	7,57
33,79	7,51
33,82	7,48
33,84	7,42
33,87	7,42
33,89	7,37
33,91	7,35
33,94	7,31
33,96	7,27
33,99	7,23
34,01	7,22
34,04	7,17
34,06	7,16
34,09	7,12
34,11	7,11
34,13	7,11
34,16	7,12
34,18	7,10
34,21	7,13
34,23	7,12
34,26	7,15
34,28	7,14
34,31	7,15
34,33	7,15
34,35	7,18
34,38	7,15
34,40	7,19
34,43	7,19
34,45	7,23
34,48	7,26
34,50	7,29
34,52	7,31
34,55	7,38
34,57	7,39
34,60	7,47
34,62	7,50
34,65	7,55
34,67	7,59
34,70	7,64
34,72	7,68
34,74	7,75
34,77	7,78
34,79	7,85
34,82	7,90
34,84	7,96
34,87	8,03
34,89	8,11
34,92	8,18
34,94	8,27
34,96	8,34
34,99	8,42
35,01	8,52
35,04	8,60
35,06	8,69
35,09	8,76
35,11	8,83
35,14	8,92
35,16	9,02
35,18	9,08
35,21	9,19
35,23	9,25
35,26	9,36
35,28	9,44
35,31	9,55
35,33	9,66
35,36	9,78
35,38	9,85
35,40	9,99
35,43	10,07
35,45	10,20
35,48	10,30
35,50	10,42
35,53	10,54
35,55	10,66
35,57	10,75
35,60	10,90
35,62	10,99
35,65	11,12
35,67	11,23
35,70	11,35
35,72	11,47
35,75	11,61
35,77	11,73
35,79	11,87
35,82	12,00
35,84	12,14
35,87	12,28
35,89	12,39
35,92	12,50
35,94	12,63
35,97	12,75
35,99	12,89
36,01	13,00
36,04	13,13
36,06	13,30
36,09	13,45
36,11	13,60
36,14	13,75
36,16	13,87
36,19	14,01
36,21	14,14
36,23	14,25
36,26	14,37
36,28	14,48
36,31	14,59
36,33	14,75
36,36	14,87
36,38	14,99
36,41	15,14
36,43	15,28
36,45	15,42
36,48	15,54
36,50	15,65
36,53	15,77
36,55	15,89
36,58	15,98
36,60	16,08
36,62	16,15
36,65	16,23
36,67	16,30
36,70	16,37
36,72	16,45
36,75	16,53
36,77	16,58
36,80	16,69
36,82	16,74
36,84	16,82
36,87	16,89
36,89	16,92
36,92	16,95
36,94	16,99
36,97	16,99
36,99	17,03
37,02	17,02
37,04	17,03
37,06	17,04
37,09	17,05
37,11	17,03
37,14	17,03
37,16	17,00
37,19	17,00
37,21	16,96
37,24	16,93
37,26	16,88
37,28	16,86
37,31	16,80
37,33	16,77
37,36	16,68
37,38	16,62
37,41	16,54
37,43	16,50
37,46	16,41
37,48	16,34
37,50	16,22
37,53	16,19
37,55	16,08
37,58	15,99
37,60	15,85
37,63	15,75
37,65	15,63
37,68	15,54
37,70	15,39
37,72	15,29
37,75	15,14
37,77	15,04
37,80	14,92
37,82	14,80
37,85	14,65
37,87	14,54
37,89	14,37
37,92	14,27
37,94	14,12
37,97	13,98
37,99	13,84
38,02	13,72
38,04	13,58
38,07	13,48
38,09	13,33
38,11	13,22
38,14	13,09
38,16	12,95
38,19	12,82
38,21	12,69
38,24	12,55
38,26	12,45
38,29	12,31
38,31	12,17
38,33	12,05
38,36	11,93
38,38	11,82
38,41	11,71
38,43	11,60
38,46	11,50
38,48	11,39
38,51	11,28
38,53	11,21
38,55	11,11
38,58	11,03
38,60	10,93
38,63	10,86
38,65	10,79
38,68	10,73
38,70	10,65
38,73	10,60
38,75	10,54
38,77	10,50
38,80	10,44
38,82	10,41
38,85	10,36
38,87	10,34
38,90	10,29
38,92	10,28
38,94	10,24
38,97	10,23
38,99	10,23
39,02	10,22
39,04	10,19
39,07	10,20
39,09	10,18
39,12	10,21
39,14	10,20
39,16	10,21
39,19	10,23
39,21	10,26
39,24	10,26
39,26	10,32
39,29	10,33
39,31	10,38
39,34	10,42
39,36	10,47
39,38	10,51
39,41	10,58
39,43	10,60
39,46	10,67
39,48	10,73
39,51	10,79
39,53	10,86
39,56	10,93
39,58	11,00
39,60	11,10
39,63	11,17
39,65	11,27
39,68	11,37
39,70	11,45
39,73	11,54
39,75	11,61
39,78	11,69
39,80	11,79
39,82	11,89
39,85	11,97
39,87	12,07
39,90	12,19
39,92	12,33
39,95	12,43
39,97	12,56
39,99	12,68
40,02	12,81
40,04	12,94
40,07	13,07
40,09	13,18
40,12	13,33
40,14	13,43
40,17	13,56
40,19	13,69
40,21	13,83
40,24	13,95
40,26	14,12
40,29	14,24
40,31	14,42
40,34	14,56
40,36	14,73
40,39	14,88
40,41	15,06
40,43	15,17
40,46	15,35
40,48	15,47
40,51	15,62
40,53	15,75
40,56	15,91
40,58	16,05
40,61	16,24
40,63	16,41
40,65	16,61
40,68	16,77
40,70	16,97
40,73	17,15
40,75	17,36
40,78	17,51
40,80	17,67
40,83	17,83
40,85	18,02
40,87	18,18
40,90	18,34
40,92	18,50
40,95	18,69
40,97	18,88
41,00	19,08
41,02	19,25
41,05	19,45
41,07	19,63
41,09	19,81
41,12	19,97
41,14	20,12
41,17	20,25
41,19	20,42
41,22	20,54
41,24	20,68
41,26	20,82
41,29	20,99
41,31	21,16
41,34	21,33
41,36	21,48
41,39	21,63
41,41	21,76
41,44	21,90
41,46	22,04
41,48	22,16
41,51	22,26
41,53	22,36
41,56	22,48
41,58	22,59
41,61	22,69
41,63	22,76
41,66	22,86
41,68	22,96
41,70	23,05
41,73	23,15
41,75	23,24
41,78	23,29
41,80	23,37
41,83	23,40
41,85	23,46
41,88	23,48
41,90	23,50
41,92	23,50
41,95	23,54
41,97	23,53
42,00	23,54
42,02	23,53
42,05	23,54
42,07	23,52
42,10	23,51
42,12	23,47
42,14	23,43
42,17	23,37
42,19	23,34
42,22	23,28
42,24	23,26
42,27	23,17
42,29	23,11
42,31	23,05
42,34	22,98
42,36	22,85
42,39	22,76
42,41	22,61
42,44	22,51
42,46	22,39
42,49	22,28
42,51	22,15
42,53	22,07
42,56	21,94
42,58	21,86
42,61	21,73
42,63	21,60
42,66	21,45
42,68	21,29
42,71	21,09
42,73	20,95
42,75	20,74
42,78	20,57
42,80	20,38
42,83	20,22
42,85	20,06
42,88	19,90
42,90	19,73
42,93	19,61
42,95	19,44
42,97	19,31
43,00	19,15
43,02	19,00
43,05	18,84
43,07	18,66
43,10	18,47
43,12	18,30
43,15	18,10
43,17	17,94
43,19	17,78
43,22	17,64
43,24	17,49
43,27	17,35
43,29	17,21
43,32	17,09
43,34	16,95
43,36	16,80
43,39	16,65
43,41	16,49
43,44	16,35
43,46	16,23
43,49	16,09
43,51	15,97
43,54	15,85
43,56	15,74
43,58	15,67
43,61	15,56
43,63	15,48
43,66	15,39
43,68	15,33
43,71	15,25
43,73	15,20
43,76	15,11
43,78	15,07
43,80	15,00
43,83	14,95
43,85	14,90
43,88	14,87
43,90	14,82
43,93	14,84
43,95	14,80
43,98	14,80
44,00	14,79
44,02	14,79
44,05	14,79
44,07	14,82
44,10	14,79
44,12	14,84
44,15	14,84
44,17	14,88
44,20	14,90
44,22	14,94
44,24	14,97
44,27	15,04
44,29	15,07
44,32	15,14
44,34	15,18
44,37	15,25
44,39	15,33
44,41	15,40
44,44	15,48
44,46	15,57
44,49	15,65
44,51	15,76
44,54	15,86
44,56	15,95
44,59	16,07
44,61	16,16
44,63	16,26
44,66	16,41
44,68	16,52
44,71	16,65
44,73	16,78
44,76	16,89
44,78	17,05
44,81	17,20
44,83	17,33
44,85	17,49
44,88	17,64
44,90	17,80
44,93	17,98
44,95	18,11
44,98	18,28
45,00	18,41
45,03	18,57
45,05	18,71
45,07	18,87
45,10	19,01
45,12	19,24
45,15	19,40
45,17	19,61
45,20	19,79
45,22	20,00
45,25	20,17
45,27	20,40
45,29	20,56
45,32	20,76
45,34	20,91
45,37	21,10
45,39	21,29
45,42	21,50
45,44	21,64
45,47	21,84
45,49	22,03
45,51	22,28
45,54	22,50
45,56	22,73
45,59	22,93
45,61	23,16
45,64	23,37
45,66	23,56
45,68	23,73
45,71	23,92
45,73	24,07
45,76	24,28
45,78	24,49
45,81	24,69
45,83	24,90
45,86	25,14
45,88	25,36
45,90	25,61
45,93	25,84
45,95	26,07
45,98	26,27
46,00	26,47
46,03	26,64
46,05	26,86
46,08	27,03
46,10	27,20
46,12	27,41
46,15	27,61
46,17	27,82
46,20	28,04
46,22	28,21
46,25	28,43
46,27	28,62
46,30	28,79
46,32	28,98
46,34	29,15
46,37	29,30
46,39	29,45
46,42	29,58
46,44	29,71
46,47	29,83
46,49	29,95
46,52	30,09
46,54	30,21
46,56	30,35
46,59	30,49
46,61	30,63
46,64	30,73
46,66	30,84
46,69	30,92
46,71	31,02
46,73	31,08
46,76	31,13
46,78	31,18
46,81	31,25
46,83	31,27
46,86	31,37
46,88	31,39
46,91	31,43
46,93	31,46
46,95	31,48
46,98	31,50
47,00	31,53
47,03	31,48
47,05	31,50
47,08	31,47
47,10	31,47
47,13	31,46
47,15	31,44
47,17	31,41
47,20	31,38
47,22	31,33
47,25	31,33
47,27	31,25
47,30	31,20
47,32	31,10
47,35	31,00
47,37	30,86
47,39	30,78
47,42	30,64
47,44	30,55
47,47	30,40
47,49	30,28
47,52	30,16
47,54	30,06
47,57	29,91
47,59	29,79
47,61	29,61
47,64	29,48
47,66	29,30
47,69	29,15
47,71	28,97
47,74	28,79
47,76	28,60
47,78	28,47
47,81	28,27
47,83	28,12
47,86	27,93
47,88	27,75
47,91	27,57
47,93	27,38
47,96	27,15
47,98	26,97
48,00	26,76
48,03	26,55
48,05	26,37
48,08	26,18
48,10	26,00
48,13	25,80
48,15	25,61
48,18	25,45
48,20	25,28
48,22	25,07
48,25	24,89
48,27	24,67
48,30	24,46
48,32	24,25
48,35	24,03
48,37	23,84
48,40	23,67
48,42	23,49
48,44	23,36
48,47	23,21
48,49	23,08
48,52	22,94
48,54	22,78
48,57	22,64
48,59	22,51
48,62	22,34
48,64	22,25
48,66	22,12
48,69	22,01
48,71	21,94
48,74	21,85
48,76	21,77
48,79	21,74
48,81	21,66
48,84	21,60
48,86	21,53
48,88	21,49
48,91	21,46
48,93	21,45
48,96	21,39
48,98	21,39
49,01	21,36
49,03	21,38
49,05	21,37
49,08	21,37
49,10	21,37
49,13	21,39
49,15	21,39
49,18	21,46
49,20	21,49
49,23	21,54
49,25	21,58
49,27	21,65
49,30	21,70
49,32	21,79
49,35	21,83
49,37	21,93
49,40	22,00
49,42	22,10
49,45	22,19
49,47	22,30
49,49	22,39
49,52	22,50
49,54	22,60
49,57	22,72
49,59	22,83
49,62	22,95
49,64	23,08
49,67	23,23
49,69	23,37
49,71	23,54
49,74	23,70
49,76	23,89
49,79	24,06
49,81	24,23
49,84	24,40
49,86	24,57
49,89	24,73
49,91	24,91
49,93	25,08
49,96	25,26
49,98	25,41
50,01	25,61
50,03	25,84
50,06	26,05
50,08	26,23
50,10	26,45
50,13	26,68
50,15	26,91
50,18	27,14
50,20	27,31
50,23	27,53
50,25	27,74
50,28	27,95
50,30	28,13
50,32	28,36
50,35	28,54
50,37	28,83
50,40	29,06
50,42	29,33
50,45	29,56
50,47	29,84
50,50	30,07
50,52	30,38
50,54	30,56
50,57	30,81
50,59	31,00
50,62	31,26
50,64	31,50
50,67	31,78
50,69	31,97
50,72	32,25
50,74	32,47
50,76	32,79
50,79	33,03
50,81	33,30
50,84	33,52
50,86	33,79
50,89	34,00
50,91	34,26
50,94	34,47
50,96	34,70
50,98	34,90
51,01	35,14
51,03	35,36
51,06	35,62
51,08	35,88
51,11	36,13
51,13	36,37
51,15	36,63
51,18	36,87
51,20	37,09
51,23	37,33
51,25	37,52
51,28	37,69
51,30	37,89
51,33	38,06
51,35	38,25
51,37	38,46
51,40	38,63
51,42	38,81
51,45	39,02
51,47	39,20
51,50	39,41
51,52	39,56
51,55	39,70
51,57	39,86
51,59	39,99
51,62	40,12
51,64	40,26
51,67	40,37
51,69	40,48
51,72	40,58
51,74	40,66
51,77	40,79
51,79	40,89
51,81	40,99
51,84	41,09
51,86	41,19
51,89	41,28
51,91	41,32
51,94	41,37
51,96	41,43
51,99	41,45
52,01	41,47
52,03	41,48
52,06	41,52
52,08	41,58
52,11	41,63
52,13	41,63
52,16	41,63
52,18	41,63
52,20	41,63
52,23	41,60
52,25	41,57
52,28	41,51
52,30	41,49
52,33	41,44
52,35	41,38
52,38	41,28
52,40	41,20
52,42	41,10
52,45	41,00
52,47	40,86
52,50	40,79
52,52	40,66
52,55	40,56
52,57	40,45
52,60	40,33
52,62	40,17
52,64	40,08
52,67	39,89
52,69	39,75
52,72	39,57
52,74	39,40
52,77	39,22
52,79	39,07
52,82	38,85
52,84	38,71
52,86	38,49
52,89	38,31
52,91	38,08
52,94	37,90
52,96	37,69
52,99	37,51
53,01	37,28
53,04	37,11
53,06	36,89
53,08	36,71
53,11	36,48
53,13	36,26
53,16	36,01
53,18	35,79
53,21	35,56
53,23	35,35
53,26	35,10
53,28	34,87
53,30	34,69
53,33	34,49
53,35	34,28
53,38	34,10
53,40	33,92
53,43	33,74
53,45	33,56
53,47	33,35
53,50	33,17
53,52	32,98
53,55	32,77
53,57	32,59
53,60	32,44
53,62	32,27
53,65	32,13
53,67	31,95
53,69	31,84
53,72	31,71
53,74	31,60
53,77	31,48
53,79	31,38
53,82	31,27
53,84	31,22
53,87	31,11
53,89	31,05
53,91	30,97
53,94	30,90
53,96	30,84
53,99	30,81
54,01	30,76
54,04	30,77
54,06	30,73
54,09	30,74
54,11	30,74
54,13	30,76
54,16	30,74
54,18	30,78
54,21	30,77
54,23	30,83
54,26	30,83
54,28	30,89
54,31	30,93
54,33	31,01
54,35	31,07
54,38	31,16
54,40	31,19
54,43	31,33
54,45	31,38
54,48	31,48
54,50	31,57
54,52	31,65
54,55	31,76
54,57	31,92
54,60	32,01
54,62	32,18
54,65	32,33
54,67	32,48
54,70	32,67
54,72	32,79
54,74	32,93
54,77	33,10
54,79	33,25
54,82	33,42
54,84	33,60
54,87	33,79
54,89	34,01
54,92	34,23
54,94	34,45
54,96	34,68
54,99	34,89
55,01	35,14
55,04	35,39
55,06	35,62
55,09	35,82
55,11	36,03
55,14	36,24
55,16	36,50
55,18	36,70
55,21	36,90
55,23	37,16
55,26	37,37
55,28	37,66
55,31	37,94
55,33	38,19
55,36	38,46
55,38	38,75
55,40	39,02
55,43	39,34
55,45	39,55
55,48	39,81
55,50	40,05
55,53	40,33
55,55	40,55
55,57	40,82
55,60	41,09
55,62	41,41
55,65	41,65
55,67	41,97
55,70	42,25
55,72	42,60
55,75	42,86
55,77	43,13
55,79	43,36
55,82	43,68
55,84	43,92
55,87	44,18
55,89	44,43
55,92	44,70
55,94	44,98
55,97	45,31
55,99	45,56
56,01	45,85
56,04	46,13
56,06	46,38
56,09	46,71
56,11	47,00
56,14	47,22
56,16	47,50
56,19	47,75
56,21	47,99
56,23	48,29
56,26	48,51
56,28	48,75
56,31	49,04
56,33	49,26
56,36	49,48
56,38	49,68
56,41	49,79
56,43	49,90
56,45	49,96
56,48	49,98
56,50	50,00
56,53	50,00
56,55	50,00
56,58	50,00
56,60	50,00
56,62	50,00
56,65	50,00
56,67	50,00
56,70	50,00
56,72	50,00
56,75	50,00
56,77	50,00
56,80	50,00
56,82	50,00
56,84	50,00
56,87	50,00
56,89	50,00
56,92	50,00
56,94	50,00
56,97	50,00
56,99	50,00
57,02	50,00
57,04	50,00
57,06	50,00
57,09	50,00
57,11	50,00
57,14	50,00
57,16	50,00
57,19	50,00
57,21	50,00
57,24	50,00
57,26	50,00
57,28	50,00
57,31	50,00
57,33	50,00
57,36	50,00
57,38	50,00
57,41	50,00
57,43	50,00
57,46	50,00
57,48	50,00
57,50	50,00
57,53	50,00
57,55	50,00
57,58	50,00
57,60	50,00
57,63	50,00
57,65	50,00
57,68	50,00
57,70	50,00
57,72	50,00
57,75	50,00
57,77	50,00
57,80	50,00
57,82	50,00
57,85	50,00
57,87	50,00
57,89	50,00
57,92	50,00
57,94	50,00
57,97	50,00
57,99	50,00
58,02	50,00
58,04	50,00
58,07	50,00
58,09	50,00
58,11	49,98
58,14	49,93
58,16	49,84
58,19	49,74
58,21	49,63
58,24	49,48
58,26	49,28
58,29	49,08
58,31	48,85
58,33	48,64
58,36	48,43
58,38	48,20
58,41	47,93
58,43	47,70
58,46	47,48
58,48	47,28
58,51	47,07
58,53	46,85
58,55	46,63
58,58	46,46
58,60	46,25
58,63	46,04
58,65	45,86
58,68	45,71
58,70	45,55
58,73	45,38
58,75	45,22
58,77	45,09
58,80	44,96
58,82	44,84
58,85	44,69
58,87	44,52
58,90	44,40
58,92	44,27
58,94	44,17
58,97	44,07
58,99	43,98
59,02	43,92
59,04	43,89
59,07	43,83
59,09	43,82
59,12	43,77
59,14	43,76
59,16	43,72
59,19	43,72
59,21	43,69
59,24	43,72
59,26	43,69
59,29	43,72
59,31	43,72
59,34	43,76
59,36	43,77
59,38	43,82
59,41	43,83
59,43	43,93
59,46	44,00
59,48	44,10
59,51	44,20
59,53	44,30
59,56	44,41
59,58	44,55
59,60	44,63
59,63	44,76
59,65	44,85
59,68	44,96
59,70	45,09
59,73	45,21
59,75	45,35
59,78	45,53
59,80	45,68
59,82	45,87
59,85	46,07
59,87	46,28
59,90	46,49
59,92	46,70
59,95	46,87
59,97	47,03
59,99	47,14
