U1/V	IA/nA
0,02	0,45
0,04	0,46
0,07	0,45
0,09	0,45
0,12	0,47
0,14	0,47
0,17	0,47
0,19	0,48
0,21	0,47
0,24	0,49
0,26	0,49
0,29	0,49
0,31	0,49
0,34	0,48
0,36	0,47
0,39	0,49
0,41	0,48
0,43	0,48
0,46	0,47
0,48	0,47
0,51	0,47
0,53	0,48
0,56	0,46
0,58	0,49
0,61	0,47
0,63	0,49
0,65	0,48
0,68	0,48
0,70	0,47
0,73	0,48
0,75	0,45
0,78	0,48
0,80	0,45
0,83	0,47
0,85	0,48
0,87	0,50
0,90	0,49
0,92	0,51
0,95	0,49
0,97	0,52
1,00	0,50
1,02	0,49
1,05	0,47
1,07	0,47
1,09	0,45
1,12	0,47
1,14	0,44
1,17	0,46
1,19	0,44
1,22	0,45
1,24	0,45
1,26	0,47
1,29	0,45
1,31	0,48
1,34	0,45
1,36	0,47
1,39	0,47
1,41	0,48
1,44	0,47
1,46	0,49
1,48	0,46
1,51	0,48
1,53	0,46
1,56	0,47
1,58	0,48
1,61	0,48
1,63	0,47
1,66	0,48
1,68	0,47
1,70	0,50
1,73	0,50
1,75	0,49
1,78	0,49
1,80	0,48
1,83	0,49
1,85	0,49
1,88	0,47
1,90	0,46
1,92	0,45
1,95	0,43
1,97	0,46
2,00	0,45
2,02	0,45
2,05	0,47
2,07	0,47
2,10	0,47
2,12	0,49
2,14	0,48
2,17	0,49
2,19	0,47
2,22	0,46
2,24	0,46
2,27	0,47
2,29	0,45
2,31	0,49
2,34	0,48
2,36	0,49
2,39	0,48
2,41	0,49
2,44	0,50
2,46	0,51
2,49	0,47
2,51	0,49
2,53	0,45
2,56	0,48
2,58	0,46
2,61	0,46
2,63	0,45
2,66	0,46
2,68	0,43
2,71	0,47
2,73	0,44
2,75	0,46
2,78	0,45
2,80	0,48
2,83	0,46
2,85	0,49
2,88	0,46
2,90	0,49
2,93	0,48
2,95	0,48
2,97	0,47
3,00	0,48
3,02	0,45
3,05	0,49
3,07	0,47
3,10	0,49
3,12	0,47
3,15	0,48
3,17	0,48
3,19	0,50
3,22	0,48
3,24	0,49
3,27	0,46
3,29	0,47
3,32	0,46
3,34	0,46
3,36	0,45
3,39	0,46
3,41	0,45
3,44	0,47
3,46	0,46
3,49	0,47
3,51	0,49
3,54	0,49
3,56	0,50
3,58	0,50
3,61	0,49
3,63	0,49
3,66	0,49
3,68	0,47
3,71	0,47
3,73	0,45
3,76	0,45
3,78	0,46
3,80	0,47
3,83	0,47
3,85	0,48
3,88	0,46
3,90	0,50
3,93	0,49
3,95	0,49
3,98	0,48
4,00	0,47
4,02	0,46
4,05	0,49
4,07	0,46
4,10	0,48
4,12	0,46
4,15	0,47
4,17	0,48
4,20	0,49
4,22	0,46
4,24	0,50
4,27	0,48
4,29	0,50
4,32	0,48
4,34	0,49
4,37	0,48
4,39	0,51
4,42	0,46
4,44	0,49
4,46	0,45
4,49	0,47
4,51	0,45
4,54	0,46
4,56	0,44
4,59	0,46
4,61	0,43
4,63	0,48
4,66	0,46
4,68	0,48
4,71	0,46
4,73	0,47
4,76	0,45
4,78	0,46
4,81	0,43
4,83	0,44
4,85	0,42
4,88	0,43
4,90	0,44
4,93	0,45
4,95	0,44
4,98	0,48
5,00	0,46
5,03	0,48
5,05	0,47
5,07	0,48
5,10	0,48
5,12	0,48
5,15	0,45
5,17	0,47
5,20	0,45
5,22	0,46
5,25	0,46
5,27	0,46
5,29	0,45
5,32	0,46
5,34	0,45
5,37	0,49
5,39	0,48
5,42	0,47
5,44	0,47
5,47	0,45
5,49	0,46
5,51	0,46
5,54	0,45
5,56	0,44
5,59	0,45
5,61	0,44
5,64	0,48
5,66	0,47
5,68	0,48
5,71	0,49
5,73	0,49
5,76	0,49
5,78	0,51
5,81	0,48
5,83	0,49
5,86	0,47
5,88	0,47
5,90	0,46
5,93	0,47
5,95	0,45
5,98	0,48
6,00	0,46
6,03	0,48
6,05	0,47
6,08	0,48
6,10	0,50
6,12	0,52
6,15	0,49
6,17	0,52
6,20	0,48
6,22	0,51
6,25	0,49
6,27	0,49
6,30	0,47
6,32	0,48
6,34	0,46
6,37	0,51
6,39	0,48
6,42	0,49
6,44	0,48
6,47	0,49
6,49	0,49
6,52	0,50
6,54	0,47
6,56	0,49
6,59	0,47
6,61	0,49
6,64	0,49
6,66	0,48
6,69	0,46
6,71	0,50
6,73	0,49
6,76	0,51
6,78	0,50
6,81	0,51
6,83	0,53
6,86	0,54
6,88	0,52
6,91	0,54
6,93	0,51
6,95	0,51
6,98	0,50
7,00	0,48
7,03	0,50
7,05	0,50
7,08	0,49
7,10	0,51
7,13	0,51
7,15	0,51
7,17	0,53
7,20	0,52
7,22	0,54
7,25	0,53
7,27	0,53
7,30	0,53
7,32	0,54
7,35	0,54
7,37	0,55
7,39	0,52
7,42	0,54
7,44	0,54
7,47	0,55
7,49	0,54
7,52	0,55
7,54	0,53
7,57	0,58
7,59	0,56
7,61	0,57
7,64	0,57
7,66	0,57
7,69	0,54
7,71	0,56
7,74	0,52
7,76	0,54
7,78	0,51
7,81	0,53
7,83	0,53
7,86	0,56
7,88	0,54
7,91	0,56
7,93	0,54
7,96	0,58
7,98	0,57
8,00	0,57
8,03	0,57
8,05	0,59
8,08	0,57
8,10	0,61
8,13	0,56
8,15	0,58
8,18	0,58
8,20	0,59
8,22	0,58
8,25	0,60
8,27	0,57
8,30	0,64
8,32	0,61
8,35	0,63
8,37	0,61
8,40	0,61
8,42	0,59
8,44	0,61
8,47	0,57
8,49	0,60
8,52	0,57
8,54	0,59
8,57	0,60
8,59	0,61
8,62	0,60
8,64	0,61
8,66	0,60
8,69	0,62
8,71	0,62
8,74	0,62
8,76	0,63
8,79	0,63
8,81	0,63
8,84	0,64
8,86	0,63
8,88	0,64
8,91	0,65
8,93	0,64
8,96	0,66
8,98	0,66
9,01	0,67
9,03	0,70
9,05	0,70
9,08	0,68
9,10	0,70
9,13	0,69
9,15	0,71
9,18	0,69
9,20	0,68
9,23	0,68
9,25	0,68
9,27	0,67
9,30	0,69
9,32	0,68
9,35	0,69
9,37	0,69
9,40	0,70
9,42	0,70
9,45	0,72
9,47	0,70
9,49	0,72
9,52	0,71
9,54	0,72
9,57	0,72
9,59	0,71
9,62	0,70
9,64	0,72
9,67	0,69
9,69	0,72
9,71	0,72
9,74	0,73
9,76	0,74
9,79	0,75
9,81	0,73
9,84	0,76
9,86	0,73
9,89	0,75
9,91	0,73
9,93	0,75
9,96	0,74
9,98	0,75
10,01	0,74
10,03	0,76
10,06	0,74
10,08	0,76
10,10	0,75
10,13	0,76
10,15	0,77
10,18	0,77
10,20	0,75
10,23	0,77
10,25	0,76
10,28	0,78
10,30	0,78
10,32	0,78
10,35	0,78
10,37	0,80
10,40	0,80
10,42	0,82
10,45	0,82
10,47	0,80
10,50	0,81
10,52	0,80
10,54	0,80
10,57	0,81
10,59	0,80
10,62	0,79
10,64	0,79
10,67	0,79
10,69	0,82
10,72	0,80
10,74	0,80
10,76	0,81
10,79	0,81
10,81	0,81
10,84	0,83
10,86	0,81
10,89	0,84
10,91	0,84
10,94	0,84
10,96	0,85
10,98	0,85
11,01	0,84
11,03	0,87
11,06	0,85
11,08	0,86
11,11	0,86
11,13	0,87
11,15	0,88
11,18	0,90
11,20	0,87
11,23	0,90
11,25	0,87
11,28	0,89
11,30	0,88
11,33	0,89
11,35	0,88
11,37	0,90
11,40	0,88
11,42	0,91
11,45	0,87
11,47	0,89
11,50	0,88
11,52	0,90
11,55	0,88
11,57	0,91
11,59	0,89
11,62	0,94
11,64	0,93
11,67	0,94
11,69	0,92
11,72	0,95
11,74	0,93
11,77	0,97
11,79	0,96
11,81	0,99
11,84	0,98
11,86	1,01
11,89	1,01
11,91	1,02
11,94	1,00
11,96	1,02
11,99	1,02
12,01	1,02
12,03	1,01
12,06	1,01
12,08	1,02
12,11	1,04
12,13	1,03
12,16	1,03
12,18	1,01
12,21	1,02
12,23	1,05
12,25	1,05
12,28	1,06
12,30	1,05
12,33	1,06
12,35	1,09
12,38	1,10
12,40	1,09
12,42	1,11
12,45	1,10
12,47	1,11
12,50	1,13
12,52	1,14
12,55	1,14
12,57	1,16
12,60	1,13
12,62	1,16
12,64	1,16
12,67	1,17
12,69	1,17
12,72	1,17
12,74	1,15
12,77	1,18
12,79	1,16
12,82	1,19
12,84	1,17
12,86	1,19
12,89	1,19
12,91	1,20
12,94	1,19
12,96	1,22
12,99	1,21
13,01	1,23
13,04	1,21
13,06	1,22
13,08	1,23
13,11	1,25
13,13	1,22
13,16	1,24
13,18	1,23
13,21	1,27
13,23	1,27
13,26	1,29
13,28	1,28
13,30	1,31
13,33	1,29
13,35	1,33
13,38	1,31
13,40	1,31
13,43	1,30
13,45	1,31
13,47	1,30
13,50	1,33
13,52	1,30
13,55	1,32
13,57	1,31
13,60	1,32
13,62	1,33
13,65	1,33
13,67	1,32
13,69	1,35
13,72	1,33
13,74	1,34
13,77	1,35
13,79	1,36
13,82	1,37
13,84	1,38
13,87	1,35
13,89	1,34
13,91	1,35
13,94	1,34
13,96	1,37
13,99	1,36
14,01	1,36
14,04	1,36
14,06	1,39
14,09	1,41
14,11	1,42
14,13	1,38
14,16	1,40
14,18	1,38
14,21	1,40
14,23	1,39
14,26	1,37
14,28	1,36
14,31	1,37
14,33	1,35
14,35	1,39
14,38	1,38
14,40	1,39
14,43	1,40
14,45	1,41
14,48	1,40
14,50	1,42
14,52	1,40
14,55	1,41
14,57	1,40
14,60	1,39
14,62	1,39
14,65	1,40
14,67	1,39
14,70	1,43
14,72	1,41
14,74	1,43
14,77	1,42
14,79	1,43
14,82	1,43
14,84	1,44
14,87	1,41
14,89	1,43
14,92	1,40
14,94	1,42
14,96	1,39
14,99	1,40
15,01	1,39
15,04	1,41
15,06	1,39
15,09	1,43
15,11	1,41
15,14	1,44
15,16	1,45
15,18	1,47
15,21	1,46
15,23	1,49
15,26	1,46
15,28	1,48
15,31	1,46
15,33	1,46
15,36	1,45
15,38	1,45
15,40	1,44
15,43	1,47
15,45	1,48
15,48	1,50
15,50	1,50
15,53	1,49
15,55	1,51
15,57	1,50
15,60	1,48
15,62	1,49
15,65	1,48
15,67	1,48
15,70	1,48
15,72	1,47
15,75	1,50
15,77	1,50
15,79	1,51
15,82	1,52
15,84	1,53
15,87	1,53
15,89	1,57
15,92	1,57
15,94	1,59
15,97	1,58
15,99	1,60
16,01	1,60
16,04	1,63
16,06	1,60
16,09	1,62
16,11	1,60
16,14	1,62
16,16	1,63
16,19	1,65
16,21	1,64
16,23	1,67
16,26	1,66
16,28	1,72
16,31	1,72
16,33	1,73
16,36	1,73
16,38	1,74
16,41	1,73
16,43	1,76
16,45	1,73
16,48	1,76
16,50	1,76
16,53	1,77
16,55	1,78
16,58	1,81
16,60	1,81
16,63	1,87
16,65	1,85
16,67	1,89
16,70	1,90
16,72	1,93
16,75	1,92
16,77	1,95
16,80	1,92
16,82	1,96
16,84	1,94
16,87	1,98
16,89	1,99
16,92	2,01
16,94	2,02
16,97	2,05
16,99	2,05
17,02	2,12
17,04	2,12
17,06	2,12
17,09	2,13
17,11	2,13
17,14	2,15
17,16	2,18
17,19	2,16
17,21	2,18
17,24	2,18
17,26	2,20
17,28	2,24
17,31	2,25
17,33	2,27
17,36	2,31
17,38	2,32
17,41	2,34
17,43	2,36
17,46	2,37
17,48	2,39
17,50	2,39
17,53	2,38
17,55	2,40
17,58	2,41
17,60	2,42
17,63	2,43
17,65	2,43
17,68	2,44
17,70	2,46
17,72	2,47
17,75	2,50
17,77	2,51
17,80	2,51
17,82	2,54
17,85	2,52
17,87	2,54
17,89	2,53
17,92	2,54
17,94	2,53
17,97	2,55
17,99	2,54
18,02	2,59
18,04	2,58
18,07	2,60
18,09	2,60
18,11	2,63
18,14	2,62
18,16	2,65
18,19	2,62
18,21	2,64
18,24	2,61
18,26	2,61
18,29	2,60
18,31	2,60
18,33	2,58
18,36	2,60
18,38	2,59
18,41	2,61
18,43	2,60
18,46	2,61
18,48	2,62
18,51	2,62
18,53	2,61
18,55	2,62
18,58	2,58
18,60	2,60
18,63	2,57
18,65	2,56
18,68	2,55
18,70	2,55
18,73	2,53
18,75	2,56
18,77	2,54
18,80	2,55
18,82	2,55
18,85	2,56
18,87	2,55
18,90	2,56
18,92	2,53
18,94	2,54
18,97	2,53
18,99	2,51
19,02	2,50
19,04	2,49
19,07	2,47
19,09	2,46
19,12	2,46
19,14	2,46
19,16	2,45
19,19	2,43
19,21	2,46
19,24	2,46
19,26	2,46
19,29	2,45
19,31	2,42
19,34	2,40
19,36	2,41
19,38	2,37
19,41	2,38
19,43	2,34
19,46	2,34
19,48	2,35
19,51	2,35
19,53	2,33
19,56	2,36
19,58	2,34
19,60	2,36
19,63	2,35
19,65	2,35
19,68	2,33
19,70	2,34
19,73	2,30
19,75	2,33
19,78	2,29
19,80	2,30
19,82	2,29
19,85	2,31
19,87	2,31
19,90	2,33
19,92	2,29
19,95	2,34
19,97	2,32
19,99	2,34
20,02	2,32
20,04	2,31
20,07	2,28
20,09	2,31
20,12	2,28
20,14	2,30
20,17	2,27
20,19	2,29
20,21	2,31
20,24	2,33
20,26	2,32
20,29	2,34
20,31	2,32
20,34	2,35
20,36	2,35
20,39	2,37
20,41	2,36
20,43	2,39
20,46	2,37
20,48	2,42
20,51	2,40
20,53	2,42
20,56	2,43
20,58	2,44
20,61	2,45
20,63	2,47
20,65	2,46
20,68	2,53
20,70	2,54
20,73	2,55
20,75	2,56
20,78	2,57
20,80	2,59
20,83	2,61
20,85	2,62
20,87	2,64
20,90	2,65
20,92	2,66
20,95	2,72
20,97	2,74
21,00	2,77
21,02	2,78
21,05	2,80
21,07	2,83
21,09	2,88
21,12	2,88
21,14	2,92
21,17	2,93
21,19	2,97
21,22	3,01
21,24	3,02
21,26	3,04
21,29	3,08
21,31	3,08
21,34	3,13
21,36	3,15
21,39	3,18
21,41	3,25
21,44	3,29
21,46	3,31
21,48	3,36
21,51	3,37
21,53	3,41
21,56	3,43
21,58	3,45
21,61	3,48
21,63	3,51
21,66	3,53
21,68	3,60
21,70	3,62
21,73	3,67
21,75	3,69
21,78	3,74
21,80	3,78
21,83	3,84
21,85	3,84
21,88	3,90
21,90	3,92
21,92	3,98
21,95	4,01
21,97	4,04
22,00	4,05
22,02	4,11
22,05	4,12
22,07	4,18
22,10	4,19
22,12	4,22
22,14	4,27
22,17	4,31
22,19	4,32
22,22	4,36
22,24	4,37
22,27	4,40
22,29	4,41
22,31	4,42
22,34	4,43
22,36	4,43
22,39	4,44
22,41	4,47
22,44	4,46
22,46	4,48
22,49	4,50
22,51	4,52
22,53	4,55
22,56	4,55
22,58	4,55
22,61	4,58
22,63	4,59
22,66	4,59
22,68	4,61
22,71	4,59
22,73	4,60
22,75	4,60
22,78	4,61
22,80	4,62
22,83	4,62
22,85	4,60
22,88	4,64
22,90	4,61
22,93	4,62
22,95	4,60
22,97	4,59
23,00	4,57
23,02	4,57
23,05	4,52
23,07	4,54
23,10	4,50
23,12	4,51
23,15	4,49
23,17	4,49
23,19	4,46
23,22	4,47
23,24	4,42
23,27	4,43
23,29	4,38
23,32	4,37
23,34	4,33
23,36	4,33
23,39	4,29
23,41	4,30
23,44	4,24
23,46	4,25
23,49	4,21
23,51	4,21
23,54	4,17
23,56	4,16
23,58	4,10
23,61	4,12
23,63	4,07
23,66	4,05
23,68	4,01
23,71	3,99
23,73	3,95
23,76	3,94
23,78	3,90
23,80	3,89
23,83	3,83
23,85	3,83
23,88	3,81
23,90	3,81
23,93	3,77
23,95	3,77
23,98	3,73
24,00	3,75
24,02	3,72
24,05	3,71
24,07	3,68
24,10	3,67
24,12	3,65
24,15	3,65
24,17	3,62
24,20	3,60
24,22	3,58
24,24	3,56
24,27	3,55
24,29	3,54
24,32	3,51
24,34	3,50
24,37	3,49
24,39	3,47
24,42	3,46
24,44	3,43
24,46	3,44
24,49	3,43
24,51	3,43
24,54	3,42
24,56	3,40
24,59	3,40
24,61	3,42
24,63	3,40
24,66	3,41
24,68	3,40
24,71	3,42
24,73	3,43
24,76	3,44
24,78	3,42
24,81	3,44
24,83	3,44
24,85	3,45
24,88	3,45
24,90	3,48
24,93	3,48
24,95	3,52
24,98	3,51
25,00	3,54
25,03	3,55
25,05	3,57
25,07	3,58
25,10	3,59
25,12	3,59
25,15	3,63
25,17	3,61
25,20	3,64
25,22	3,63
25,25	3,67
25,27	3,69
25,29	3,72
25,32	3,73
25,34	3,79
25,37	3,81
25,39	3,85
25,42	3,86
25,44	3,90
25,47	3,93
25,49	3,98
25,51	3,98
25,54	4,03
25,56	4,05
25,59	4,10
25,61	4,14
25,64	4,19
25,66	4,22
25,68	4,27
25,71	4,31
25,73	4,38
25,76	4,42
25,78	4,45
25,81	4,50
25,83	4,55
25,86	4,59
25,88	4,65
25,90	4,66
25,93	4,70
25,95	4,75
25,98	4,79
26,00	4,86
26,03	4,90
26,05	4,96
26,08	5,05
26,10	5,11
26,12	5,15
26,15	5,22
26,17	5,26
26,20	5,35
26,22	5,40
26,25	5,45
26,27	5,49
26,30	5,58
26,32	5,63
26,34	5,72
26,37	5,77
26,39	5,85
26,42	5,91
26,44	5,99
26,47	6,04
26,49	6,12
26,52	6,14
26,54	6,22
26,56	6,25
26,59	6,33
26,61	6,37
26,64	6,44
26,66	6,49
26,69	6,57
26,71	6,61
26,73	6,70
26,76	6,72
26,78	6,80
26,81	6,85
26,83	6,92
26,86	6,94
26,88	7,01
26,91	7,03
26,93	7,11
26,95	7,14
26,98	7,18
27,00	7,23
27,03	7,29
27,05	7,33
27,08	7,40
27,10	7,43
27,13	7,49
27,15	7,51
27,17	7,54
27,20	7,57
27,22	7,59
27,25	7,59
27,27	7,62
27,30	7,61
27,32	7,62
27,35	7,62
27,37	7,63
27,39	7,63
27,42	7,65
27,44	7,64
27,47	7,65
27,49	7,63
27,52	7,63
27,54	7,64
27,57	7,63
27,59	7,61
27,61	7,60
27,64	7,58
27,66	7,57
27,69	7,54
27,71	7,50
27,74	7,48
27,76	7,45
27,78	7,41
27,81	7,39
27,83	7,37
27,86	7,34
27,88	7,32
27,91	7,27
27,93	7,24
27,96	7,20
27,98	7,15
28,00	7,11
28,03	7,05
28,05	6,98
28,08	6,94
28,10	6,88
28,13	6,83
28,15	6,76
28,18	6,72
28,20	6,66
28,22	6,62
28,25	6,55
28,27	6,53
28,30	6,46
28,32	6,41
28,35	6,34
28,37	6,30
28,40	6,23
28,42	6,20
28,44	6,11
28,47	6,08
28,49	6,00
28,52	5,97
28,54	5,91
28,57	5,89
28,59	5,83
28,62	5,80
28,64	5,73
28,66	5,74
28,69	5,68
28,71	5,64
28,74	5,57
28,76	5,53
28,79	5,47
28,81	5,45
28,84	5,38
28,86	5,35
28,88	5,29
28,91	5,27
28,93	5,23
28,96	5,21
28,98	5,16
29,01	5,17
29,03	5,13
29,05	5,13
29,08	5,11
29,10	5,10
29,13	5,07
29,15	5,06
29,18	5,01
29,20	5,01
29,23	4,98
29,25	4,97
29,27	4,98
29,30	4,98
29,32	4,96
29,35	4,97
29,37	4,96
29,40	4,99
29,42	4,99
29,45	4,96
29,47	4,96
29,49	4,95
29,52	4,97
29,54	4,98
29,57	4,98
29,59	4,98
29,62	5,00
29,64	5,02
29,67	5,06
29,69	5,07
29,71	5,10
29,74	5,12
29,76	5,15
29,79	5,17
29,81	5,22
29,84	5,24
29,86	5,28
29,89	5,30
29,91	5,33
29,93	5,36
29,96	5,41
29,98	5,42
30,01	5,50
30,03	5,53
30,06	5,59
30,08	5,61
30,10	5,68
30,13	5,73
30,15	5,80
30,18	5,81
30,20	5,89
30,23	5,92
30,25	6,00
30,28	6,05
30,30	6,10
30,32	6,15
30,35	6,22
30,37	6,26
30,40	6,35
30,42	6,40
30,45	6,46
30,47	6,55
30,50	6,63
30,52	6,70
30,54	6,80
30,57	6,86
30,59	6,95
30,62	7,02
30,64	7,09
30,67	7,16
30,69	7,23
30,72	7,29
30,74	7,40
30,76	7,47
30,79	7,56
30,81	7,63
30,84	7,72
30,86	7,84
30,89	7,94
30,91	8,01
30,94	8,12
30,96	8,20
30,98	8,30
31,01	8,38
31,03	8,45
31,06	8,53
31,08	8,63
31,11	8,72
31,13	8,81
31,15	8,91
31,18	9,01
31,20	9,16
31,23	9,26
31,25	9,39
31,28	9,47
31,30	9,59
31,33	9,68
31,35	9,79
31,37	9,85
31,40	9,96
31,42	10,01
31,45	10,11
31,47	10,19
31,50	10,31
31,52	10,39
31,55	10,51
31,57	10,58
31,59	10,72
31,62	10,80
31,64	10,90
31,67	10,97
31,69	11,05
31,72	11,10
31,74	11,20
31,77	11,24
31,79	11,32
31,81	11,36
31,84	11,43
31,86	11,48
31,89	11,56
31,91	11,58
31,94	11,68
31,96	11,71
31,99	11,78
32,01	11,80
32,03	11,86
32,06	11,87
32,08	11,92
32,11	11,90
32,13	11,94
32,16	11,92
32,18	11,94
32,20	11,92
32,23	11,94
32,25	11,91
32,28	11,92
32,30	11,89
32,33	11,92
32,35	11,89
32,38	11,88
32,40	11,84
32,42	11,81
32,45	11,77
32,47	11,75
32,50	11,67
32,52	11,64
32,55	11,58
32,57	11,53
32,60	11,48
32,62	11,42
32,64	11,35
32,67	11,32
32,69	11,24
32,72	11,18
32,74	11,12
32,77	11,05
32,79	10,95
32,82	10,87
32,84	10,77
32,86	10,70
32,89	10,60
32,91	10,51
32,94	10,43
32,96	10,35
32,99	10,27
33,01	10,16
33,04	10,06
33,06	10,00
33,08	9,90
33,11	9,80
33,13	9,72
33,16	9,61
33,18	9,54
33,21	9,45
33,23	9,35
33,26	9,26
33,28	9,17
33,30	9,06
33,33	9,00
33,35	8,89
33,38	8,81
33,40	8,72
33,43	8,65
33,45	8,57
33,47	8,52
33,50	8,43
33,52	8,38
33,55	8,30
33,57	8,22
33,60	8,15
33,62	8,08
33,65	7,99
33,67	7,95
33,69	7,86
33,72	7,82
33,74	7,75
33,77	7,71
33,79	7,68
33,82	7,65
33,84	7,58
33,87	7,57
33,89	7,49
33,91	7,48
33,94	7,43
33,96	7,39
33,99	7,35
34,01	7,34
34,04	7,30
34,06	7,32
34,09	7,29
34,11	7,29
34,13	7,28
34,16	7,29
34,18	7,28
34,21	7,30
34,23	7,27
34,26	7,29
34,28	7,29
34,31	7,30
34,33	7,31
34,35	7,31
34,38	7,33
34,40	7,37
34,43	7,39
34,45	7,43
34,48	7,46
34,50	7,47
34,52	7,54
34,55	7,57
34,57	7,61
34,60	7,66
34,62	7,69
34,65	7,72
34,67	7,79
34,70	7,81
34,72	7,89
34,74	7,94
34,77	8,02
34,79	8,10
34,82	8,18
34,84	8,23
34,87	8,32
34,89	8,37
34,92	8,46
34,94	8,50
34,96	8,59
34,99	8,66
35,01	8,77
35,04	8,84
35,06	8,95
35,09	9,00
35,11	9,12
35,14	9,20
35,16	9,32
35,18	9,38
35,21	9,49
35,23	9,57
35,26	9,73
35,28	9,78
35,31	9,88
35,33	9,96
35,36	10,06
35,38	10,16
35,40	10,28
35,43	10,36
35,45	10,51
35,48	10,60
35,50	10,74
35,53	10,88
35,55	11,00
35,57	11,10
35,60	11,22
35,62	11,32
35,65	11,46
35,67	11,56
35,70	11,69
35,72	11,81
35,75	11,95
35,77	12,08
35,79	12,24
35,82	12,36
35,84	12,51
35,87	12,64
35,89	12,77
35,92	12,89
35,94	13,02
35,97	13,14
35,99	13,31
36,01	13,44
36,04	13,58
36,06	13,72
36,09	13,85
36,11	13,99
36,14	14,15
36,16	14,27
36,19	14,40
36,21	14,52
36,23	14,62
36,26	14,77
36,28	14,90
36,31	15,03
36,33	15,15
36,36	15,27
36,38	15,41
36,41	15,59
36,43	15,70
36,45	15,84
36,48	15,94
36,50	16,07
36,53	16,20
36,55	16,31
36,58	16,40
36,60	16,51
36,62	16,58
36,65	16,69
36,67	16,76
36,70	16,86
36,72	16,95
36,75	17,03
36,77	17,09
36,80	17,19
36,82	17,22
36,84	17,29
36,87	17,32
36,89	17,36
36,92	17,39
36,94	17,41
36,97	17,41
36,99	17,47
37,02	17,47
37,04	17,49
37,06	17,47
37,09	17,47
37,11	17,46
37,14	17,47
37,16	17,43
37,19	17,43
37,21	17,38
37,24	17,36
37,26	17,33
37,28	17,29
37,31	17,22
37,33	17,19
37,36	17,10
37,38	17,08
37,41	17,01
37,43	16,94
37,46	16,85
37,48	16,77
37,50	16,65
37,53	16,58
37,55	16,42
37,58	16,33
37,60	16,19
37,63	16,11
37,65	15,99
37,68	15,89
37,70	15,76
37,72	15,68
37,75	15,54
37,77	15,43
37,80	15,29
37,82	15,15
37,85	15,01
37,87	14,88
37,89	14,72
37,92	14,58
37,94	14,43
37,97	14,29
37,99	14,19
38,02	14,02
38,04	13,89
38,07	13,77
38,09	13,65
38,11	13,53
38,14	13,39
38,16	13,22
38,19	13,13
38,21	12,97
38,24	12,83
38,26	12,69
38,29	12,55
38,31	12,42
38,33	12,31
38,36	12,17
38,38	12,08
38,41	11,96
38,43	11,85
38,46	11,75
38,48	11,66
38,51	11,54
38,53	11,46
38,55	11,35
38,58	11,29
38,60	11,20
38,63	11,13
38,65	11,05
38,68	11,01
38,70	10,94
38,73	10,92
38,75	10,83
38,77	10,79
38,80	10,72
38,82	10,70
38,85	10,65
38,87	10,63
38,90	10,56
38,92	10,57
38,94	10,51
38,97	10,52
38,99	10,49
39,02	10,47
39,04	10,44
39,07	10,47
39,09	10,45
39,12	10,49
39,14	10,46
39,16	10,49
39,19	10,51
39,21	10,56
39,24	10,57
39,26	10,62
39,29	10,65
39,31	10,72
39,34	10,76
39,36	10,81
39,38	10,85
39,41	10,91
39,43	10,94
39,46	11,01
39,48	11,05
39,51	11,13
39,53	11,19
39,56	11,26
39,58	11,34
39,60	11,43
39,63	11,50
39,65	11,60
39,68	11,69
39,70	11,78
39,73	11,87
39,75	11,96
39,78	12,06
39,80	12,16
39,82	12,26
39,85	12,37
39,87	12,46
39,90	12,57
39,92	12,72
39,95	12,83
39,97	12,97
39,99	13,07
40,02	13,21
40,04	13,35
40,07	13,49
40,09	13,59
40,12	13,73
40,14	13,83
40,17	13,98
40,19	14,12
40,21	14,26
40,24	14,39
40,26	14,55
40,29	14,71
40,31	14,90
40,34	15,04
40,36	15,21
40,39	15,36
40,41	15,53
40,43	15,65
40,46	15,82
40,48	15,95
40,51	16,11
40,53	16,24
40,56	16,41
40,58	16,57
40,61	16,76
40,63	16,92
40,65	17,12
40,68	17,29
40,70	17,50
40,73	17,69
40,75	17,89
40,78	18,07
40,80	18,23
40,83	18,38
40,85	18,57
40,87	18,71
40,90	18,86
40,92	19,03
40,95	19,21
40,97	19,41
41,00	19,60
41,02	19,78
41,05	19,99
41,07	20,19
41,09	20,37
41,12	20,54
41,14	20,67
41,17	20,82
41,19	20,99
41,22	21,14
41,24	21,28
41,26	21,42
41,29	21,57
41,31	21,75
41,34	21,90
41,36	22,05
41,39	22,20
41,41	22,36
41,44	22,50
41,46	22,66
41,48	22,80
41,51	22,94
41,53	23,05
41,56	23,16
41,58	23,26
41,61	23,36
41,63	23,41
41,66	23,54
41,68	23,61
41,70	23,71
41,73	23,78
41,75	23,87
41,78	23,94
41,80	24,03
41,83	24,03
41,85	24,09
41,88	24,11
41,90	24,15
41,92	24,17
41,95	24,19
41,97	24,17
42,00	24,19
42,02	24,17
42,05	24,19
42,07	24,15
42,10	24,13
42,12	24,09
42,14	24,07
42,17	24,01
42,19	23,98
42,22	23,91
42,24	23,88
42,27	23,79
42,29	23,73
42,31	23,64
42,34	23,58
42,36	23,48
42,39	23,42
42,41	23,28
42,44	23,20
42,46	23,07
42,49	22,96
42,51	22,82
42,53	22,71
42,56	22,53
42,58	22,43
42,61	22,28
42,63	22,16
42,66	22,01
42,68	21,87
42,71	21,68
42,73	21,56
42,75	21,38
42,78	21,23
42,80	21,02
42,83	20,86
42,85	20,68
42,88	20,54
42,90	20,36
42,93	20,21
42,95	20,01
42,97	19,87
43,00	19,69
43,02	19,53
43,05	19,33
43,07	19,15
43,10	18,95
43,12	18,82
43,15	18,64
43,17	18,48
43,19	18,30
43,22	18,15
43,24	18,02
43,27	17,86
43,29	17,68
43,32	17,54
43,34	17,39
43,36	17,26
43,39	17,12
43,41	16,95
43,44	16,82
43,46	16,68
43,49	16,55
43,51	16,42
43,54	16,30
43,56	16,18
43,58	16,12
43,61	16,02
43,63	15,94
43,66	15,85
43,68	15,80
43,71	15,73
43,73	15,67
43,76	15,57
43,78	15,51
43,80	15,45
43,83	15,41
43,85	15,38
43,88	15,36
43,90	15,32
43,93	15,31
43,95	15,29
43,98	15,30
44,00	15,28
44,02	15,28
44,05	15,26
44,07	15,27
44,10	15,26
44,12	15,31
44,15	15,31
44,17	15,36
44,20	15,37
44,22	15,44
44,24	15,50
44,27	15,57
44,29	15,60
44,32	15,68
44,34	15,71
44,37	15,78
44,39	15,84
44,41	15,92
44,44	15,99
44,46	16,10
44,49	16,17
44,51	16,30
44,54	16,40
44,56	16,52
44,59	16,64
44,61	16,76
44,63	16,85
44,66	16,96
44,68	17,07
44,71	17,23
44,73	17,34
44,76	17,44
44,78	17,58
44,81	17,71
44,83	17,88
44,85	18,07
44,88	18,22
44,90	18,39
44,93	18,55
44,95	18,69
44,98	18,89
45,00	19,03
45,03	19,18
45,05	19,33
45,07	19,50
45,10	19,66
45,12	19,87
45,15	20,04
45,17	20,25
45,20	20,43
45,22	20,63
45,25	20,79
45,27	21,02
45,29	21,21
45,32	21,42
45,34	21,56
45,37	21,75
45,39	21,92
45,42	22,13
45,44	22,31
45,47	22,51
45,49	22,69
45,51	22,94
45,54	23,12
45,56	23,35
45,59	23,56
45,61	23,78
45,64	24,00
45,66	24,22
45,68	24,39
45,71	24,61
45,73	24,80
45,76	25,00
45,78	25,22
45,81	25,42
45,83	25,63
45,86	25,88
45,88	26,11
45,90	26,37
45,93	26,60
45,95	26,79
45,98	27,02
46,00	27,21
46,03	27,41
46,05	27,62
46,08	27,80
46,10	28,01
46,12	28,19
46,15	28,37
46,17	28,61
46,20	28,81
46,22	29,01
46,25	29,22
46,27	29,39
46,30	29,59
46,32	29,79
46,34	29,95
46,37	30,11
46,39	30,26
46,42	30,40
46,44	30,57
46,47	30,70
46,49	30,83
46,52	30,98
46,54	31,12
46,56	31,24
46,59	31,36
46,61	31,47
46,64	31,56
46,66	31,67
46,69	31,75
46,71	31,85
46,73	31,93
46,76	32,00
46,78	32,05
46,81	32,14
46,83	32,19
46,86	32,24
46,88	32,27
46,91	32,36
46,93	32,42
46,95	32,47
46,98	32,49
47,00	32,49
47,03	32,49
47,05	32,50
47,08	32,46
47,10	32,46
47,13	32,40
47,15	32,39
47,17	32,38
47,20	32,33
47,22	32,28
47,25	32,26
47,27	32,18
47,30	32,14
47,32	32,03
47,35	31,93
47,37	31,82
47,39	31,73
47,42	31,61
47,44	31,54
47,47	31,41
47,49	31,34
47,52	31,22
47,54	31,13
47,57	30,99
47,59	30,87
47,61	30,67
47,64	30,56
47,66	30,37
47,69	30,23
47,71	30,03
47,74	29,84
47,76	29,64
47,78	29,51
47,81	29,30
47,83	29,15
47,86	28,94
47,88	28,77
47,91	28,61
47,93	28,43
47,96	28,18
47,98	27,98
48,00	27,73
48,03	27,52
48,05	27,28
48,08	27,08
48,10	26,86
48,13	26,68
48,15	26,45
48,18	26,30
48,20	26,09
48,22	25,91
48,25	25,69
48,27	25,50
48,30	25,30
48,32	25,10
48,35	24,90
48,37	24,76
48,40	24,56
48,42	24,38
48,44	24,20
48,47	24,02
48,49	23,88
48,52	23,74
48,54	23,58
48,57	23,46
48,59	23,34
48,62	23,21
48,64	23,11
48,66	22,99
48,69	22,87
48,71	22,76
48,74	22,66
48,76	22,56
48,79	22,49
48,81	22,41
48,84	22,37
48,86	22,32
48,88	22,26
48,91	22,22
48,93	22,19
48,96	22,15
48,98	22,14
49,01	22,08
49,03	22,09
49,05	22,07
49,08	22,07
49,10	22,11
49,13	22,15
49,15	22,19
49,18	22,22
49,20	22,22
49,23	22,30
49,25	22,34
49,27	22,39
49,30	22,45
49,32	22,49
49,35	22,57
49,37	22,70
49,40	22,77
49,42	22,89
49,45	22,97
49,47	23,08
49,49	23,19
49,52	23,31
49,54	23,39
49,57	23,54
49,59	23,63
49,62	23,77
49,64	23,90
49,67	24,05
49,69	24,21
49,71	24,38
49,74	24,51
49,76	24,70
49,79	24,85
49,81	25,03
49,84	25,21
49,86	25,38
49,89	25,53
49,91	25,71
49,93	25,87
49,96	26,10
49,98	26,26
50,01	26,45
50,03	26,64
50,06	26,86
50,08	27,07
50,10	27,30
50,13	27,49
50,15	27,72
50,18	27,94
50,20	28,16
50,23	28,37
50,25	28,59
50,28	28,81
50,30	29,05
50,32	29,26
50,35	29,49
50,37	29,74
50,40	30,00
50,42	30,25
50,45	30,50
50,47	30,72
50,50	31,00
50,52	31,26
50,54	31,49
50,57	31,74
50,59	31,92
50,62	32,15
50,64	32,39
50,67	32,62
50,69	32,87
50,72	33,16
50,74	33,38
50,76	33,70
50,79	33,94
50,81	34,25
50,84	34,50
50,86	34,78
50,89	34,97
50,91	35,24
50,94	35,46
50,96	35,74
50,98	35,92
51,01	36,18
51,03	36,40
51,06	36,69
51,08	36,92
51,11	37,20
51,13	37,42
51,15	37,70
51,18	37,91
51,20	38,15
51,23	38,37
51,25	38,60
51,28	38,76
51,30	38,98
51,33	39,15
51,35	39,36
51,37	39,52
51,40	39,69
51,42	39,89
51,45	40,12
51,47	40,29
51,50	40,51
51,52	40,64
51,55	40,83
51,57	41,00
51,59	41,15
51,62	41,28
51,64	41,42
51,67	41,51
51,69	41,68
51,72	41,77
51,74	41,88
51,77	42,00
51,79	42,10
51,81	42,20
51,84	42,32
51,86	42,41
51,89	42,51
51,91	42,58
51,94	42,63
51,96	42,72
51,99	42,78
52,01	42,82
52,03	42,87
52,06	42,91
52,08	42,95
52,11	42,98
52,13	42,99
52,16	43,01
52,18	43,02
52,20	43,01
52,23	42,98
52,25	42,91
52,28	42,87
52,30	42,83
52,33	42,74
52,35	42,66
52,38	42,58
52,40	42,51
52,42	42,46
52,45	42,39
52,47	42,30
52,50	42,24
52,52	42,14
52,55	42,04
52,57	41,92
52,60	41,80
52,62	41,65
52,64	41,52
52,67	41,35
52,69	41,21
52,72	41,05
52,74	40,91
52,77	40,73
52,79	40,57
52,82	40,38
52,84	40,20
52,86	39,98
52,89	39,80
52,91	39,55
52,94	39,32
52,96	39,10
52,99	38,88
53,01	38,65
53,04	38,46
53,06	38,22
53,08	38,06
53,11	37,85
53,13	37,65
53,16	37,42
53,18	37,20
53,21	36,95
53,23	36,75
53,26	36,50
53,28	36,29
53,30	36,04
53,33	35,85
53,35	35,65
53,38	35,49
53,40	35,25
53,43	35,07
53,45	34,85
53,47	34,69
53,50	34,47
53,52	34,27
53,55	34,06
53,57	33,89
53,60	33,69
53,62	33,57
53,65	33,38
53,67	33,24
53,69	33,09
53,72	32,96
53,74	32,85
53,77	32,77
53,79	32,63
53,82	32,54
53,84	32,43
53,87	32,35
53,89	32,28
53,91	32,21
53,94	32,12
53,96	32,05
53,99	31,99
54,01	31,94
54,04	31,90
54,06	31,87
54,09	31,85
54,11	31,85
54,13	31,83
54,16	31,87
54,18	31,89
54,21	31,93
54,23	31,97
54,26	32,00
54,28	32,04
54,31	32,10
54,33	32,15
54,35	32,25
54,38	32,31
54,40	32,35
54,43	32,46
54,45	32,53
54,48	32,64
54,50	32,71
54,52	32,81
54,55	32,91
54,57	33,04
54,60	33,15
54,62	33,33
54,65	33,47
54,67	33,65
54,70	33,79
54,72	33,97
54,74	34,11
54,77	34,26
54,79	34,39
54,82	34,57
54,84	34,72
54,87	34,94
54,89	35,16
54,92	35,39
54,94	35,59
54,96	35,85
54,99	36,07
55,01	36,33
55,04	36,56
55,06	36,79
55,09	37,02
55,11	37,26
55,14	37,47
55,16	37,69
55,18	37,87
55,21	38,10
55,23	38,33
55,26	38,57
55,28	38,85
55,31	39,12
55,33	39,38
55,36	39,70
55,38	39,97
55,40	40,24
55,43	40,51
55,45	40,76
55,48	41,01
55,50	41,28
55,53	41,52
55,55	41,79
55,57	42,06
55,60	42,35
55,62	42,66
55,65	42,96
55,67	43,24
55,70	43,56
55,72	43,85
55,75	44,16
55,77	44,44
55,79	44,69
55,82	44,99
55,84	45,25
55,87	45,50
55,89	45,78
55,92	46,05
55,94	46,31
55,97	46,64
55,99	46,91
56,01	47,26
56,04	47,53
56,06	47,81
56,09	48,08
56,11	48,40
56,14	48,63
56,16	48,92
56,19	49,15
56,21	49,39
56,23	49,58
56,26	49,74
56,28	49,84
56,31	49,94
56,33	49,98
56,36	50,00
56,38	50,00
56,41	50,00
56,43	50,00
56,45	50,00
56,48	50,00
56,50	50,00
56,53	50,00
56,55	50,00
56,58	50,00
56,60	50,00
56,62	50,00
56,65	50,00
56,67	50,00
56,70	50,00
56,72	50,00
56,75	50,00
56,77	50,00
56,80	50,00
56,82	50,00
56,84	50,00
56,87	50,00
56,89	50,00
56,92	50,00
56,94	50,00
56,97	50,00
56,99	50,00
57,02	50,00
57,04	50,00
57,06	50,00
57,09	50,00
57,11	50,00
57,14	50,00
57,16	50,00
57,19	50,00
57,21	50,00
57,24	50,00
57,26	50,00
57,28	50,00
57,31	50,00
57,33	50,00
57,36	50,00
57,38	50,00
57,41	50,00
57,43	50,00
57,46	50,00
57,48	50,00
57,50	50,00
57,53	50,00
57,55	50,00
57,58	50,00
57,60	50,00
57,63	50,00
57,65	50,00
57,68	50,00
57,70	50,00
57,72	50,00
57,75	50,00
57,77	50,00
57,80	50,00
57,82	50,00
57,85	50,00
57,87	50,00
57,89	50,00
57,92	50,00
57,94	50,00
57,97	50,00
57,99	50,00
58,02	50,00
58,04	50,00
58,07	50,00
58,09	50,00
58,11	50,00
58,14	50,00
58,16	50,00
58,19	50,00
58,21	50,00
58,24	50,00
58,26	50,00
58,29	50,00
58,31	50,00
58,33	50,00
58,36	49,94
58,38	49,86
58,41	49,76
58,43	49,65
58,46	49,45
58,48	49,25
58,51	48,99
58,53	48,80
58,55	48,57
58,58	48,38
58,60	48,16
58,63	48,03
58,65	47,81
58,68	47,65
58,70	47,47
58,73	47,33
58,75	47,14
58,77	46,95
58,80	46,75
58,82	46,63
58,85	46,48
58,87	46,36
58,90	46,21
58,92	46,12
58,94	45,99
58,97	45,88
58,99	45,77
59,02	45,70
59,04	45,61
59,07	45,55
59,09	45,48
59,12	45,45
59,14	45,44
59,16	45,42
59,19	45,39
59,21	45,38
59,24	45,37
59,26	45,37
59,29	45,38
59,31	45,39
59,34	45,41
59,36	45,42
59,38	45,45
59,41	45,48
59,43	45,58
59,46	45,64
59,48	45,73
59,51	45,83
59,53	45,95
59,56	46,06
59,58	46,23
59,60	46,28
59,63	46,41
59,65	46,50
59,68	46,62
59,70	46,71
59,73	46,86
59,75	46,96
59,78	47,15
59,80	47,31
59,82	47,53
59,85	47,70
59,87	47,93
59,90	48,10
59,92	48,36
59,95	48,56
59,97	48,76
59,99	48,89
