U1/V	IA/nA
0,02	0,51
0,04	0,50
0,07	0,50
0,09	0,50
0,12	0,47
0,14	0,47
0,17	0,46
0,19	0,45
0,21	0,45
0,24	0,45
0,26	0,45
0,29	0,47
0,31	0,46
0,34	0,46
0,36	0,49
0,39	0,49
0,41	0,49
0,43	0,49
0,46	0,48
0,48	0,48
0,51	0,50
0,53	0,47
0,56	0,48
0,58	0,47
0,61	0,48
0,63	0,48
0,65	0,50
0,68	0,48
0,70	0,50
0,73	0,48
0,75	0,51
0,78	0,49
0,80	0,49
0,83	0,49
0,85	0,50
0,87	0,47
0,90	0,49
0,92	0,46
0,95	0,48
0,97	0,46
1,00	0,48
1,02	0,47
1,05	0,49
1,07	0,47
1,09	0,51
1,12	0,49
1,14	0,51
1,17	0,49
1,19	0,50
1,22	0,49
1,24	0,51
1,26	0,46
1,29	0,48
1,31	0,45
1,34	0,46
1,36	0,45
1,39	0,46
1,41	0,45
1,44	0,48
1,46	0,46
1,48	0,51
1,51	0,49
1,53	0,51
1,56	0,50
1,58	0,49
1,61	0,47
1,63	0,49
1,66	0,45
1,68	0,47
1,70	0,45
1,73	0,45
1,75	0,46
1,78	0,48
1,80	0,48
1,83	0,51
1,85	0,49
1,88	0,50
1,90	0,50
1,92	0,51
1,95	0,50
1,97	0,49
2,00	0,46
2,02	0,47
2,05	0,46
2,07	0,46
2,10	0,47
2,12	0,46
2,14	0,46
2,17	0,46
2,19	0,47
2,22	0,50
2,24	0,49
2,27	0,48
2,29	0,50
2,31	0,47
2,34	0,48
2,36	0,47
2,39	0,46
2,41	0,45
2,44	0,46
2,46	0,43
2,49	0,47
2,51	0,45
2,53	0,47
2,56	0,47
2,58	0,48
2,61	0,47
2,63	0,50
2,66	0,48
2,68	0,49
2,71	0,47
2,73	0,46
2,75	0,46
2,78	0,46
2,80	0,44
2,83	0,46
2,85	0,44
2,88	0,47
2,90	0,47
2,93	0,48
2,95	0,49
2,97	0,52
3,00	0,49
3,02	0,51
3,05	0,47
3,07	0,47
3,10	0,45
3,12	0,45
3,15	0,44
3,17	0,45
3,19	0,44
3,22	0,48
3,24	0,47
3,27	0,48
3,29	0,49
3,32	0,51
3,34	0,49
3,36	0,50
3,39	0,47
3,41	0,49
3,44	0,47
3,46	0,47
3,49	0,47
3,51	0,46
3,54	0,45
3,56	0,47
3,58	0,46
3,61	0,48
3,63	0,48
3,66	0,46
3,68	0,49
3,71	0,49
3,73	0,49
3,76	0,49
3,78	0,46
3,80	0,46
3,83	0,46
3,85	0,44
3,88	0,45
3,90	0,45
3,93	0,44
3,95	0,46
3,98	0,46
4,00	0,45
4,02	0,49
4,05	0,48
4,07	0,49
4,10	0,49
4,12	0,49
4,15	0,48
4,17	0,51
4,20	0,47
4,22	0,49
4,24	0,45
4,27	0,47
4,29	0,46
4,32	0,48
4,34	0,46
4,37	0,48
4,39	0,46
4,42	0,51
4,44	0,49
4,46	0,52
4,49	0,50
4,51	0,50
4,54	0,47
4,56	0,49
4,59	0,44
4,61	0,47
4,63	0,44
4,66	0,45
4,68	0,46
4,71	0,48
4,73	0,46
4,76	0,50
4,78	0,47
4,81	0,49
4,83	0,48
4,85	0,50
4,88	0,48
4,90	0,49
4,93	0,46
4,95	0,48
4,98	0,45
5,00	0,47
5,03	0,44
5,05	0,46
5,07	0,46
5,10	0,48
5,12	0,47
5,15	0,52
5,17	0,51
5,20	0,52
5,22	0,51
5,25	0,49
5,27	0,49
5,29	0,49
5,32	0,47
5,34	0,47
5,37	0,44
5,39	0,45
5,42	0,47
5,44	0,47
5,47	0,46
5,49	0,45
5,51	0,45
5,54	0,47
5,56	0,48
5,59	0,47
5,61	0,49
5,64	0,49
5,66	0,49
5,68	0,50
5,71	0,49
5,73	0,49
5,76	0,50
5,78	0,47
5,81	0,49
5,83	0,49
5,86	0,49
5,88	0,52
5,90	0,52
5,93	0,50
5,95	0,52
5,98	0,49
6,00	0,50
6,03	0,48
6,05	0,47
6,08	0,46
6,10	0,46
6,12	0,44
6,15	0,49
6,17	0,47
6,20	0,49
6,22	0,48
6,25	0,50
6,27	0,49
6,30	0,51
6,32	0,48
6,34	0,50
6,37	0,48
6,39	0,50
6,42	0,49
6,44	0,49
6,47	0,47
6,49	0,50
6,52	0,48
6,54	0,51
6,56	0,48
6,59	0,50
6,61	0,51
6,64	0,52
6,66	0,49
6,69	0,52
6,71	0,49
6,73	0,50
6,76	0,48
6,78	0,49
6,81	0,49
6,83	0,50
6,86	0,48
6,88	0,50
6,91	0,49
6,93	0,51
6,95	0,50
6,98	0,51
7,00	0,51
7,03	0,53
7,05	0,51
7,08	0,53
7,10	0,53
7,13	0,54
7,15	0,55
7,17	0,53
7,20	0,52
7,22	0,52
7,25	0,52
7,27	0,54
7,30	0,54
7,32	0,52
7,35	0,55
7,37	0,54
7,39	0,56
7,42	0,56
7,44	0,56
7,47	0,55
7,49	0,56
7,52	0,55
7,54	0,57
7,57	0,54
7,59	0,55
7,61	0,54
7,64	0,55
7,66	0,53
7,69	0,56
7,71	0,55
7,74	0,59
7,76	0,58
7,78	0,58
7,81	0,57
7,83	0,59
7,86	0,57
7,88	0,60
7,91	0,56
7,93	0,58
7,96	0,56
7,98	0,58
8,00	0,58
8,03	0,60
8,05	0,57
8,08	0,61
8,10	0,59
8,13	0,61
8,15	0,59
8,18	0,60
8,20	0,58
8,22	0,60
8,25	0,59
8,27	0,61
8,30	0,57
8,32	0,59
8,35	0,59
8,37	0,60
8,40	0,58
8,42	0,60
8,44	0,59
8,47	0,63
8,49	0,62
8,52	0,62
8,54	0,62
8,57	0,63
8,59	0,62
8,62	0,66
8,64	0,65
8,66	0,65
8,69	0,64
8,71	0,65
8,74	0,65
8,76	0,66
8,79	0,63
8,81	0,65
8,84	0,65
8,86	0,65
8,88	0,65
8,91	0,64
8,93	0,65
8,96	0,66
8,98	0,66
9,01	0,66
9,03	0,64
9,05	0,63
9,08	0,66
9,10	0,67
9,13	0,66
9,15	0,66
9,18	0,67
9,20	0,69
9,23	0,73
9,25	0,70
9,27	0,70
9,30	0,69
9,32	0,70
9,35	0,70
9,37	0,71
9,40	0,69
9,42	0,71
9,45	0,70
9,47	0,73
9,49	0,71
9,52	0,72
9,54	0,71
9,57	0,72
9,59	0,71
9,62	0,73
9,64	0,71
9,67	0,74
9,69	0,72
9,71	0,74
9,74	0,73
9,76	0,73
9,79	0,71
9,81	0,75
9,84	0,73
9,86	0,76
9,89	0,73
9,91	0,76
9,93	0,76
9,96	0,78
9,98	0,75
10,01	0,78
10,03	0,76
10,06	0,79
10,08	0,79
10,10	0,81
10,13	0,78
10,15	0,80
10,18	0,79
10,20	0,82
10,23	0,80
10,25	0,80
10,28	0,78
10,30	0,80
10,32	0,78
10,35	0,80
10,37	0,78
10,40	0,79
10,42	0,78
10,45	0,79
10,47	0,81
10,50	0,80
10,52	0,80
10,54	0,81
10,57	0,80
10,59	0,81
10,62	0,83
10,64	0,83
10,67	0,86
10,69	0,87
10,72	0,86
10,74	0,87
10,76	0,87
10,79	0,87
10,81	0,88
10,84	0,87
10,86	0,87
10,89	0,87
10,91	0,88
10,94	0,88
10,96	0,89
10,98	0,86
11,01	0,88
11,03	0,87
11,06	0,89
11,08	0,88
11,11	0,89
11,13	0,88
11,15	0,88
11,18	0,88
11,20	0,90
11,23	0,87
11,25	0,89
11,28	0,88
11,30	0,90
11,33	0,89
11,35	0,92
11,37	0,90
11,40	0,93
11,42	0,91
11,45	0,91
11,47	0,90
11,50	0,91
11,52	0,89
11,55	0,94
11,57	0,92
11,59	0,95
11,62	0,94
11,64	0,97
11,67	0,97
11,69	0,99
11,72	0,95
11,74	0,98
11,77	0,96
11,79	0,98
11,81	0,96
11,84	0,98
11,86	0,96
11,89	0,99
11,91	0,97
11,94	0,99
11,96	0,98
11,99	1,00
12,01	1,01
12,03	1,04
12,06	1,03
12,08	1,06
12,11	1,05
12,13	1,06
12,16	1,06
12,18	1,05
12,21	1,05
12,23	1,05
12,25	1,04
12,28	1,07
12,30	1,07
12,33	1,09
12,35	1,10
12,38	1,10
12,40	1,12
12,42	1,13
12,45	1,12
12,47	1,14
12,50	1,13
12,52	1,12
12,55	1,14
12,57	1,13
12,60	1,14
12,62	1,14
12,64	1,15
12,67	1,15
12,69	1,18
12,72	1,17
12,74	1,22
12,77	1,21
12,79	1,23
12,82	1,23
12,84	1,24
12,86	1,23
12,89	1,25
12,91	1,22
12,94	1,24
12,96	1,21
12,99	1,22
13,01	1,24
13,04	1,26
13,06	1,24
13,08	1,27
13,11	1,25
13,13	1,30
13,16	1,28
13,18	1,28
13,21	1,27
13,23	1,28
13,26	1,26
13,28	1,29
13,30	1,26
13,33	1,29
13,35	1,27
13,38	1,29
13,40	1,30
13,43	1,32
13,45	1,31
13,47	1,35
13,50	1,33
13,52	1,35
13,55	1,34
13,57	1,36
13,60	1,35
13,62	1,37
13,65	1,32
13,67	1,35
13,69	1,33
13,72	1,35
13,74	1,35
13,77	1,36
13,79	1,35
13,82	1,38
13,84	1,37
13,87	1,40
13,89	1,40
13,91	1,39
13,94	1,39
13,96	1,39
13,99	1,38
14,01	1,40
14,04	1,38
14,06	1,38
14,09	1,37
14,11	1,37
14,13	1,38
14,16	1,39
14,18	1,38
14,21	1,40
14,23	1,40
14,26	1,40
14,28	1,41
14,31	1,40
14,33	1,41
14,35	1,41
14,38	1,39
14,40	1,39
14,43	1,39
14,45	1,38
14,48	1,41
14,50	1,39
14,52	1,41
14,55	1,41
14,57	1,42
14,60	1,44
14,62	1,45
14,65	1,41
14,67	1,44
14,70	1,40
14,72	1,41
14,74	1,41
14,77	1,39
14,79	1,38
14,82	1,40
14,84	1,38
14,87	1,43
14,89	1,42
14,92	1,43
14,94	1,44
14,96	1,46
14,99	1,44
15,01	1,47
15,04	1,44
15,06	1,46
15,09	1,44
15,11	1,44
15,14	1,43
15,16	1,44
15,18	1,42
15,21	1,44
15,23	1,42
15,26	1,44
15,28	1,43
15,31	1,44
15,33	1,45
15,36	1,47
15,38	1,45
15,40	1,48
15,43	1,44
15,45	1,46
15,48	1,45
15,50	1,45
15,53	1,45
15,55	1,46
15,57	1,44
15,60	1,48
15,62	1,47
15,65	1,49
15,67	1,51
15,70	1,53
15,72	1,53
15,75	1,55
15,77	1,54
15,79	1,55
15,82	1,56
15,84	1,55
15,87	1,55
15,89	1,55
15,92	1,55
15,94	1,56
15,97	1,56
15,99	1,57
16,01	1,58
16,04	1,58
16,06	1,61
16,09	1,61
16,11	1,63
16,14	1,63
16,16	1,63
16,19	1,62
16,21	1,64
16,23	1,62
16,26	1,65
16,28	1,65
16,31	1,68
16,33	1,70
16,36	1,72
16,38	1,71
16,41	1,76
16,43	1,76
16,45	1,79
16,48	1,78
16,50	1,80
16,53	1,80
16,55	1,83
16,58	1,81
16,60	1,85
16,63	1,83
16,65	1,87
16,67	1,87
16,70	1,90
16,72	1,89
16,75	1,93
16,77	1,91
16,80	1,99
16,82	1,97
16,84	2,00
16,87	2,01
16,89	2,01
16,92	2,01
16,94	2,05
16,97	2,02
16,99	2,06
17,02	2,05
17,04	2,07
17,06	2,10
17,09	2,13
17,11	2,13
17,14	2,16
17,16	2,15
17,19	2,18
17,21	2,19
17,24	2,22
17,26	2,23
17,28	2,25
17,31	2,24
17,33	2,28
17,36	2,27
17,38	2,31
17,41	2,31
17,43	2,32
17,46	2,33
17,48	2,35
17,50	2,36
17,53	2,43
17,55	2,43
17,58	2,43
17,60	2,45
17,63	2,44
17,65	2,45
17,68	2,46
17,70	2,45
17,72	2,45
17,75	2,46
17,77	2,46
17,80	2,51
17,82	2,49
17,85	2,50
17,87	2,50
17,89	2,51
17,92	2,53
17,94	2,55
17,97	2,53
17,99	2,58
18,02	2,56
18,04	2,57
18,07	2,56
18,09	2,56
18,11	2,55
18,14	2,58
18,16	2,56
18,19	2,59
18,21	2,58
18,24	2,60
18,26	2,63
18,29	2,65
18,31	2,62
18,33	2,65
18,36	2,60
18,38	2,62
18,41	2,60
18,43	2,60
18,46	2,57
18,48	2,57
18,51	2,55
18,53	2,59
18,55	2,56
18,58	2,57
18,60	2,55
18,63	2,57
18,65	2,56
18,68	2,59
18,70	2,56
18,73	2,57
18,75	2,55
18,77	2,56
18,80	2,55
18,82	2,55
18,85	2,52
18,87	2,53
18,90	2,51
18,92	2,53
18,94	2,51
18,97	2,50
18,99	2,51
19,02	2,51
19,04	2,50
19,07	2,50
19,09	2,47
19,12	2,47
19,14	2,45
19,16	2,43
19,19	2,43
19,21	2,41
19,24	2,40
19,26	2,41
19,29	2,41
19,31	2,40
19,34	2,41
19,36	2,40
19,38	2,42
19,41	2,41
19,43	2,40
19,46	2,39
19,48	2,38
19,51	2,36
19,53	2,37
19,56	2,32
19,58	2,32
19,60	2,32
19,63	2,32
19,65	2,32
19,68	2,33
19,70	2,29
19,73	2,35
19,75	2,32
19,78	2,32
19,80	2,31
19,82	2,32
19,85	2,30
19,87	2,31
19,90	2,27
19,92	2,30
19,95	2,26
19,97	2,28
19,99	2,27
20,02	2,29
20,04	2,26
20,07	2,29
20,09	2,27
20,12	2,32
20,14	2,30
20,17	2,32
20,19	2,31
20,21	2,34
20,24	2,32
20,26	2,36
20,29	2,33
20,31	2,36
20,34	2,34
20,36	2,36
20,39	2,36
20,41	2,39
20,43	2,36
20,46	2,41
20,48	2,40
20,51	2,43
20,53	2,42
20,56	2,44
20,58	2,44
20,61	2,46
20,63	2,47
20,65	2,49
20,68	2,46
20,70	2,49
20,73	2,50
20,75	2,53
20,78	2,54
20,80	2,57
20,83	2,58
20,85	2,63
20,87	2,65
20,90	2,66
20,92	2,68
20,95	2,68
20,97	2,70
21,00	2,73
21,02	2,75
21,05	2,77
21,07	2,81
21,09	2,82
21,12	2,87
21,14	2,89
21,17	2,92
21,19	2,96
21,22	2,99
21,24	2,99
21,26	3,03
21,29	3,04
21,31	3,08
21,34	3,10
21,36	3,13
21,39	3,15
21,41	3,18
21,44	3,21
21,46	3,27
21,48	3,29
21,51	3,34
21,53	3,37
21,56	3,43
21,58	3,46
21,61	3,51
21,63	3,52
21,66	3,57
21,68	3,58
21,70	3,63
21,73	3,66
21,75	3,71
21,78	3,73
21,80	3,78
21,83	3,80
21,85	3,86
21,88	3,88
21,90	3,91
21,92	3,94
21,95	3,98
21,97	4,00
22,00	4,04
22,02	4,05
22,05	4,10
22,07	4,11
22,10	4,15
22,12	4,18
22,14	4,20
22,17	4,22
22,19	4,27
22,22	4,28
22,24	4,32
22,27	4,34
22,29	4,38
22,31	4,42
22,34	4,46
22,36	4,45
22,39	4,48
22,41	4,50
22,44	4,51
22,46	4,54
22,49	4,54
22,51	4,55
22,53	4,57
22,56	4,58
22,58	4,60
22,61	4,61
22,63	4,59
22,66	4,60
22,68	4,59
22,71	4,59
22,73	4,60
22,75	4,59
22,78	4,58
22,80	4,59
22,83	4,58
22,85	4,60
22,88	4,58
22,90	4,58
22,93	4,58
22,95	4,57
22,97	4,55
23,00	4,56
23,02	4,53
23,05	4,54
23,07	4,52
23,10	4,50
23,12	4,50
23,15	4,50
23,17	4,47
23,19	4,50
23,22	4,46
23,24	4,45
23,27	4,41
23,29	4,40
23,32	4,36
23,34	4,36
23,36	4,29
23,39	4,30
23,41	4,26
23,44	4,26
23,46	4,21
23,49	4,20
23,51	4,16
23,54	4,15
23,56	4,10
23,58	4,10
23,61	4,04
23,63	4,04
23,66	4,00
23,68	4,01
23,71	3,97
23,73	3,96
23,76	3,92
23,78	3,94
23,80	3,91
23,83	3,89
23,85	3,85
23,88	3,83
23,90	3,78
23,93	3,79
23,95	3,76
23,98	3,75
24,00	3,71
24,02	3,69
24,05	3,68
24,07	3,68
24,10	3,64
24,12	3,64
24,15	3,60
24,17	3,59
24,20	3,56
24,22	3,54
24,24	3,52
24,27	3,50
24,29	3,48
24,32	3,48
24,34	3,45
24,37	3,44
24,39	3,46
24,42	3,45
24,44	3,45
24,46	3,44
24,49	3,43
24,51	3,43
24,54	3,44
24,56	3,40
24,59	3,41
24,61	3,39
24,63	3,40
24,66	3,42
24,68	3,43
24,71	3,42
24,73	3,44
24,76	3,42
24,78	3,46
24,81	3,44
24,83	3,43
24,85	3,43
24,88	3,44
24,90	3,43
24,93	3,46
24,95	3,45
24,98	3,48
25,00	3,48
25,03	3,51
25,05	3,52
25,07	3,56
25,10	3,55
25,12	3,59
25,15	3,59
25,17	3,63
25,20	3,63
25,22	3,68
25,25	3,68
25,27	3,73
25,29	3,72
25,32	3,76
25,34	3,77
25,37	3,82
25,39	3,84
25,42	3,89
25,44	3,89
25,47	3,95
25,49	3,96
25,51	4,03
25,54	4,05
25,56	4,07
25,59	4,10
25,61	4,14
25,64	4,17
25,66	4,22
25,68	4,24
25,71	4,28
25,73	4,32
25,76	4,37
25,78	4,43
25,81	4,48
25,83	4,51
25,86	4,58
25,88	4,61
25,90	4,66
25,93	4,72
25,95	4,77
25,98	4,82
26,00	4,87
26,03	4,88
26,05	4,94
26,08	5,00
26,10	5,05
26,12	5,14
26,15	5,17
26,17	5,24
26,20	5,32
26,22	5,39
26,25	5,45
26,27	5,52
26,30	5,53
26,32	5,61
26,34	5,65
26,37	5,74
26,39	5,79
26,42	5,86
26,44	5,91
26,47	5,98
26,49	6,03
26,52	6,12
26,54	6,15
26,56	6,21
26,59	6,26
26,61	6,33
26,64	6,38
26,66	6,47
26,69	6,52
26,71	6,61
26,73	6,66
26,76	6,73
26,78	6,77
26,81	6,84
26,83	6,87
26,86	6,96
26,88	6,98
26,91	7,05
26,93	7,08
26,95	7,14
26,98	7,18
27,00	7,25
27,03	7,26
27,05	7,32
27,08	7,32
27,10	7,37
27,13	7,39
27,15	7,42
27,17	7,43
27,20	7,47
27,22	7,48
27,25	7,53
27,27	7,54
27,30	7,57
27,32	7,59
27,35	7,61
27,37	7,61
27,39	7,63
27,42	7,61
27,44	7,61
27,47	7,61
27,49	7,59
27,52	7,59
27,54	7,57
27,57	7,56
27,59	7,57
27,61	7,57
27,64	7,55
27,66	7,53
27,69	7,50
27,71	7,50
27,74	7,47
27,76	7,43
27,78	7,40
27,81	7,34
27,83	7,29
27,86	7,26
27,88	7,21
27,91	7,19
27,93	7,14
27,96	7,10
27,98	7,08
28,00	7,04
28,03	6,98
28,05	6,97
28,08	6,90
28,10	6,87
28,13	6,80
28,15	6,75
28,18	6,69
28,20	6,65
28,22	6,57
28,25	6,54
28,27	6,46
28,30	6,42
28,32	6,38
28,35	6,35
28,37	6,29
28,40	6,25
28,42	6,16
28,44	6,15
28,47	6,08
28,49	6,04
28,52	5,96
28,54	5,91
28,57	5,84
28,59	5,83
28,62	5,75
28,64	5,73
28,66	5,65
28,69	5,62
28,71	5,58
28,74	5,56
28,76	5,49
28,79	5,48
28,81	5,42
28,84	5,40
28,86	5,35
28,88	5,32
28,91	5,28
28,93	5,26
28,96	5,19
28,98	5,18
29,01	5,13
29,03	5,12
29,05	5,11
29,08	5,08
29,10	5,05
29,13	5,03
29,15	5,01
29,18	5,03
29,20	5,01
29,23	4,98
29,25	4,96
29,27	4,94
29,30	4,94
29,32	4,94
29,35	4,91
29,37	4,91
29,40	4,91
29,42	4,90
29,45	4,93
29,47	4,93
29,49	4,93
29,52	4,96
29,54	4,97
29,57	4,98
29,59	5,01
29,62	5,01
29,64	5,04
29,67	5,03
29,69	5,03
29,71	5,05
29,74	5,08
29,76	5,09
29,79	5,13
29,81	5,14
29,84	5,19
29,86	5,22
29,89	5,27
29,91	5,32
29,93	5,37
29,96	5,39
29,98	5,44
30,01	5,45
30,03	5,50
30,06	5,51
30,08	5,56
30,10	5,58
30,13	5,65
30,15	5,67
30,18	5,77
30,20	5,81
30,23	5,89
30,25	5,95
30,28	6,02
30,30	6,07
30,32	6,14
30,35	6,17
30,37	6,24
30,40	6,29
30,42	6,34
30,45	6,41
30,47	6,47
30,50	6,54
30,52	6,63
30,54	6,69
30,57	6,79
30,59	6,87
30,62	6,95
30,64	7,06
30,67	7,14
30,69	7,21
30,72	7,30
30,74	7,34
30,76	7,42
30,79	7,49
30,81	7,55
30,84	7,66
30,86	7,76
30,89	7,85
30,91	7,97
30,94	8,06
30,96	8,15
30,98	8,28
31,01	8,36
31,03	8,46
31,06	8,53
31,08	8,62
31,11	8,71
31,13	8,82
31,15	8,88
31,18	9,00
31,20	9,06
31,23	9,17
31,25	9,27
31,28	9,39
31,30	9,47
31,33	9,59
31,35	9,65
31,37	9,80
31,40	9,89
31,42	9,99
31,45	10,06
31,47	10,16
31,50	10,23
31,52	10,34
31,55	10,40
31,57	10,53
31,59	10,59
31,62	10,70
31,64	10,79
31,67	10,90
31,69	10,97
31,72	11,07
31,74	11,12
31,77	11,22
31,79	11,26
31,81	11,33
31,84	11,39
31,86	11,46
31,89	11,48
31,91	11,56
31,94	11,58
31,96	11,65
31,99	11,67
32,01	11,70
32,03	11,72
32,06	11,77
32,08	11,78
32,11	11,85
32,13	11,85
32,16	11,88
32,18	11,87
32,20	11,86
32,23	11,85
32,25	11,86
32,28	11,82
32,30	11,82
32,33	11,78
32,35	11,77
32,38	11,77
32,40	11,75
32,42	11,71
32,45	11,69
32,47	11,65
32,50	11,62
32,52	11,58
32,55	11,52
32,57	11,48
32,60	11,41
32,62	11,35
32,64	11,29
32,67	11,20
32,69	11,13
32,72	11,06
32,74	10,98
32,77	10,92
32,79	10,84
32,82	10,77
32,84	10,73
32,86	10,66
32,89	10,56
32,91	10,48
32,94	10,35
32,96	10,27
32,99	10,16
33,01	10,05
33,04	9,94
33,06	9,84
33,08	9,72
33,11	9,67
33,13	9,57
33,16	9,51
33,18	9,41
33,21	9,33
33,23	9,25
33,26	9,19
33,28	9,08
33,30	9,01
33,33	8,90
33,35	8,81
33,38	8,72
33,40	8,63
33,43	8,53
33,45	8,47
33,47	8,37
33,50	8,33
33,52	8,25
33,55	8,20
33,57	8,15
33,60	8,10
33,62	8,01
33,65	7,97
33,67	7,87
33,69	7,83
33,72	7,75
33,74	7,70
33,77	7,63
33,79	7,59
33,82	7,53
33,84	7,51
33,87	7,46
33,89	7,43
33,91	7,39
33,94	7,38
33,96	7,35
33,99	7,33
34,01	7,28
34,04	7,28
34,06	7,25
34,09	7,25
34,11	7,24
34,13	7,21
34,16	7,19
34,18	7,20
34,21	7,20
34,23	7,21
34,26	7,23
34,28	7,22
34,31	7,26
34,33	7,27
34,35	7,30
34,38	7,32
34,40	7,35
34,43	7,36
34,45	7,39
34,48	7,40
34,50	7,45
34,52	7,46
34,55	7,50
34,57	7,53
34,60	7,59
34,62	7,62
34,65	7,68
34,67	7,72
34,70	7,80
34,72	7,84
34,74	7,91
34,77	7,96
34,79	8,05
34,82	8,10
34,84	8,19
34,87	8,22
34,89	8,32
34,92	8,37
34,94	8,45
34,96	8,51
34,99	8,60
35,01	8,65
35,04	8,79
35,06	8,85
35,09	8,96
35,11	9,04
35,14	9,15
35,16	9,24
35,18	9,33
35,21	9,39
35,23	9,50
35,26	9,55
35,28	9,66
35,31	9,74
35,33	9,84
35,36	9,95
35,38	10,08
35,40	10,18
35,43	10,32
35,45	10,44
35,48	10,57
35,50	10,69
35,53	10,82
35,55	10,92
35,57	11,05
35,60	11,14
35,62	11,26
35,65	11,37
35,67	11,49
35,70	11,60
35,72	11,74
35,75	11,87
35,77	12,04
35,79	12,18
35,82	12,30
35,84	12,44
35,87	12,56
35,89	12,68
35,92	12,80
35,94	12,92
35,97	13,02
35,99	13,14
36,01	13,26
36,04	13,43
36,06	13,57
36,09	13,72
36,11	13,85
36,14	14,01
36,16	14,16
36,19	14,33
36,21	14,43
36,23	14,57
36,26	14,67
36,28	14,81
36,31	14,94
36,33	15,08
36,36	15,17
36,38	15,31
36,41	15,42
36,43	15,59
36,45	15,68
36,48	15,81
36,50	15,92
36,53	16,05
36,55	16,14
36,58	16,27
36,60	16,34
36,62	16,47
36,65	16,54
36,67	16,63
36,70	16,70
36,72	16,77
36,75	16,82
36,77	16,93
36,80	16,99
36,82	17,07
36,84	17,12
36,87	17,18
36,89	17,24
36,92	17,30
36,94	17,29
36,97	17,33
36,99	17,32
37,02	17,35
37,04	17,36
37,06	17,36
37,09	17,33
37,11	17,35
37,14	17,32
37,16	17,33
37,19	17,30
37,21	17,27
37,24	17,23
37,26	17,19
37,28	17,13
37,31	17,10
37,33	17,03
37,36	16,97
37,38	16,89
37,41	16,82
37,43	16,75
37,46	16,66
37,48	16,55
37,50	16,47
37,53	16,35
37,55	16,23
37,58	16,13
37,60	16,03
37,63	15,95
37,65	15,84
37,68	15,72
37,70	15,63
37,72	15,53
37,75	15,40
37,77	15,29
37,80	15,15
37,82	15,03
37,85	14,88
37,87	14,73
37,89	14,59
37,92	14,45
37,94	14,28
37,97	14,15
37,99	14,01
38,02	13,88
38,04	13,75
38,07	13,62
38,09	13,48
38,11	13,35
38,14	13,20
38,16	13,08
38,19	12,92
38,21	12,78
38,24	12,65
38,26	12,52
38,29	12,37
38,31	12,27
38,33	12,14
38,36	12,06
38,38	11,93
38,41	11,83
38,43	11,72
38,46	11,65
38,48	11,53
38,51	11,46
38,53	11,34
38,55	11,27
38,58	11,17
38,60	11,10
38,63	11,01
38,65	10,95
38,68	10,85
38,70	10,82
38,73	10,73
38,75	10,69
38,77	10,62
38,80	10,58
38,82	10,52
38,85	10,50
38,87	10,45
38,90	10,45
38,92	10,40
38,94	10,40
38,97	10,39
38,99	10,39
39,02	10,38
39,04	10,37
39,07	10,35
39,09	10,37
39,12	10,37
39,14	10,37
39,16	10,40
39,19	10,42
39,21	10,44
39,24	10,50
39,26	10,59
39,29	10,63
39,31	10,69
39,34	10,72
39,36	10,77
39,38	10,82
39,41	10,85
39,43	10,87
39,46	10,92
39,48	10,95
39,51	11,02
39,53	11,07
39,56	11,16
39,58	11,22
39,60	11,32
39,63	11,40
39,65	11,52
39,68	11,59
39,70	11,72
39,73	11,79
39,75	11,90
39,78	11,97
39,80	12,09
39,82	12,17
39,85	12,30
39,87	12,37
39,90	12,51
39,92	12,61
39,95	12,74
39,97	12,86
39,99	13,00
40,02	13,10
40,04	13,25
40,07	13,36
40,09	13,52
40,12	13,63
40,14	13,74
40,17	13,86
40,19	13,99
40,21	14,12
40,24	14,28
40,26	14,40
40,29	14,57
40,31	14,73
40,34	14,89
40,36	15,06
40,39	15,22
40,41	15,35
40,43	15,53
40,46	15,66
40,48	15,81
40,51	15,96
40,53	16,12
40,56	16,27
40,58	16,45
40,61	16,60
40,63	16,80
40,65	16,97
40,68	17,15
40,70	17,35
40,73	17,53
40,75	17,69
40,78	17,85
40,80	18,02
40,83	18,21
40,85	18,38
40,87	18,50
40,90	18,68
40,92	18,82
40,95	19,03
40,97	19,22
41,00	19,40
41,02	19,57
41,05	19,78
41,07	19,94
41,09	20,17
41,12	20,31
41,14	20,48
41,17	20,63
41,19	20,79
41,22	20,93
41,24	21,13
41,26	21,23
41,29	21,43
41,31	21,58
41,34	21,74
41,36	21,88
41,39	22,05
41,41	22,16
41,44	22,36
41,46	22,47
41,48	22,61
41,51	22,72
41,53	22,86
41,56	22,97
41,58	23,10
41,61	23,15
41,63	23,27
41,66	23,33
41,68	23,43
41,70	23,49
41,73	23,56
41,75	23,60
41,78	23,66
41,80	23,68
41,83	23,76
41,85	23,77
41,88	23,82
41,90	23,87
41,92	23,91
41,95	23,92
41,97	23,95
42,00	23,92
42,02	23,95
42,05	23,92
42,07	23,89
42,10	23,87
42,12	23,84
42,14	23,77
42,17	23,77
42,19	23,71
42,22	23,68
42,24	23,62
42,27	23,56
42,29	23,50
42,31	23,44
42,34	23,33
42,36	23,25
42,39	23,12
42,41	23,01
42,44	22,90
42,46	22,78
42,49	22,65
42,51	22,52
42,53	22,39
42,56	22,27
42,58	22,13
42,61	21,99
42,63	21,88
42,66	21,75
42,68	21,61
42,71	21,46
42,73	21,29
42,75	21,12
42,78	20,96
42,80	20,75
42,83	20,58
42,85	20,39
42,88	20,23
42,90	20,09
42,93	19,94
42,95	19,78
42,97	19,63
43,00	19,45
43,02	19,33
43,05	19,13
43,07	18,94
43,10	18,75
43,12	18,57
43,15	18,39
43,17	18,22
43,19	18,01
43,22	17,87
43,24	17,70
43,27	17,57
43,29	17,42
43,32	17,29
43,34	17,13
43,36	17,05
43,39	16,88
43,41	16,76
43,44	16,60
43,46	16,49
43,49	16,34
43,51	16,24
43,54	16,08
43,56	16,01
43,58	15,89
43,61	15,82
43,63	15,72
43,66	15,67
43,68	15,57
43,71	15,53
43,73	15,43
43,76	15,41
43,78	15,33
43,80	15,29
43,83	15,23
43,85	15,18
43,88	15,14
43,90	15,13
43,93	15,07
43,95	15,06
43,98	15,03
44,00	15,03
44,02	15,04
44,05	15,05
44,07	15,05
44,10	15,09
44,12	15,11
44,15	15,15
44,17	15,20
44,20	15,24
44,22	15,30
44,24	15,36
44,27	15,38
44,29	15,44
44,32	15,50
44,34	15,55
44,37	15,62
44,39	15,67
44,41	15,75
44,44	15,83
44,46	15,92
44,49	16,04
44,51	16,15
44,54	16,23
44,56	16,37
44,59	16,45
44,61	16,59
44,63	16,68
44,66	16,78
44,68	16,87
44,71	17,01
44,73	17,10
44,76	17,27
44,78	17,38
44,81	17,55
44,83	17,71
44,85	17,89
44,88	18,06
44,90	18,25
44,93	18,39
44,95	18,56
44,98	18,70
45,00	18,84
45,03	18,98
45,05	19,12
45,07	19,27
45,10	19,45
45,12	19,63
45,15	19,83
45,17	20,01
45,20	20,22
45,22	20,44
45,25	20,63
45,27	20,81
45,29	21,02
45,32	21,17
45,34	21,37
45,37	21,53
45,39	21,69
45,42	21,87
45,44	22,06
45,47	22,24
45,49	22,48
45,51	22,68
45,54	22,90
45,56	23,15
45,59	23,39
45,61	23,63
45,64	23,86
45,66	24,05
45,68	24,25
45,71	24,46
45,73	24,63
45,76	24,84
45,78	24,99
45,81	25,17
45,83	25,38
45,86	25,62
45,88	25,84
45,90	26,08
45,93	26,27
45,95	26,55
45,98	26,78
46,00	27,00
46,03	27,19
46,05	27,37
46,08	27,53
46,10	27,73
46,12	27,87
46,15	28,07
46,17	28,23
46,20	28,44
46,22	28,64
46,25	28,86
46,27	29,04
46,30	29,27
46,32	29,42
46,34	29,64
46,37	29,78
46,39	29,96
46,42	30,09
46,44	30,26
46,47	30,36
46,49	30,54
46,52	30,64
46,54	30,80
46,56	30,92
46,59	31,05
46,61	31,14
46,64	31,27
46,66	31,33
46,69	31,47
46,71	31,51
46,73	31,58
46,76	31,64
46,78	31,69
46,81	31,75
46,83	31,83
46,86	31,83
46,88	31,92
46,91	31,93
46,93	31,99
46,95	32,04
46,98	32,08
47,00	32,08
47,03	32,12
47,05	32,11
47,08	32,14
47,10	32,12
47,13	32,11
47,15	32,06
47,17	32,02
47,20	31,97
47,22	31,92
47,25	31,83
47,27	31,75
47,30	31,65
47,32	31,58
47,35	31,51
47,37	31,41
47,39	31,32
47,42	31,29
47,44	31,19
47,47	31,09
47,49	30,98
47,52	30,84
47,54	30,72
47,57	30,56
47,59	30,38
47,61	30,23
47,64	30,05
47,66	29,86
47,69	29,71
47,71	29,53
47,74	29,35
47,76	29,18
47,78	29,01
47,81	28,85
47,83	28,68
47,86	28,50
47,88	28,33
47,91	28,15
47,93	27,94
47,96	27,73
47,98	27,51
48,00	27,28
48,03	27,06
48,05	26,82
48,08	26,61
48,10	26,40
48,13	26,22
48,15	26,06
48,18	25,86
48,20	25,67
48,22	25,50
48,25	25,29
48,27	25,11
48,30	24,88
48,32	24,67
48,35	24,46
48,37	24,27
48,40	24,06
48,42	23,91
48,44	23,73
48,47	23,59
48,49	23,43
48,52	23,32
48,54	23,18
48,57	23,07
48,59	22,93
48,62	22,81
48,64	22,67
48,66	22,57
48,69	22,46
48,71	22,36
48,74	22,25
48,76	22,18
48,79	22,10
48,81	22,05
48,84	21,96
48,86	21,92
48,88	21,89
48,91	21,89
48,93	21,84
48,96	21,83
48,98	21,81
49,01	21,83
49,03	21,81
49,05	21,81
49,08	21,81
49,10	21,81
49,13	21,82
49,15	21,85
49,18	21,85
49,20	21,89
49,23	21,92
49,25	21,95
49,27	22,04
49,30	22,11
49,32	22,18
49,35	22,29
49,37	22,38
49,40	22,48
49,42	22,61
49,45	22,72
49,47	22,85
49,49	22,95
49,52	23,03
49,54	23,15
49,57	23,26
49,59	23,36
49,62	23,49
49,64	23,59
49,67	23,75
49,69	23,91
49,71	24,07
49,74	24,25
49,76	24,45
49,79	24,60
49,81	24,81
49,84	24,94
49,86	25,12
49,89	25,26
49,91	25,43
49,93	25,57
49,96	25,76
49,98	25,92
50,01	26,15
50,03	26,32
50,06	26,55
50,08	26,77
50,10	27,03
50,13	27,25
50,15	27,50
50,18	27,71
50,20	27,94
50,23	28,15
50,25	28,34
50,28	28,54
50,30	28,72
50,32	28,90
50,35	29,13
50,37	29,38
50,40	29,64
50,42	29,88
50,45	30,12
50,47	30,41
50,50	30,67
50,52	30,95
50,54	31,19
50,57	31,37
50,59	31,61
50,62	31,85
50,64	32,07
50,67	32,31
50,69	32,53
50,72	32,79
50,74	33,10
50,76	33,38
50,79	33,66
50,81	33,94
50,84	34,20
50,86	34,47
50,89	34,69
50,91	34,91
50,94	35,14
50,96	35,36
50,98	35,56
51,01	35,78
51,03	35,98
51,06	36,24
51,08	36,48
51,11	36,73
51,13	36,95
51,15	37,22
51,18	37,44
51,20	37,72
51,23	37,93
51,25	38,15
51,28	38,35
51,30	38,53
51,33	38,68
51,35	38,86
51,37	39,02
51,40	39,23
51,42	39,39
51,45	39,59
51,47	39,78
51,50	40,01
51,52	40,20
51,55	40,38
51,57	40,51
51,59	40,69
51,62	40,81
51,64	40,98
51,67	41,09
51,69	41,21
51,72	41,31
51,74	41,43
51,77	41,51
51,79	41,63
51,81	41,72
51,84	41,81
51,86	41,88
51,89	41,98
51,91	42,04
51,94	42,14
51,96	42,17
51,99	42,21
52,01	42,24
52,03	42,27
52,06	42,28
52,08	42,30
52,11	42,30
52,13	42,31
52,16	42,30
52,18	42,31
52,20	42,32
52,23	42,32
52,25	42,31
52,28	42,30
52,30	42,25
52,33	42,23
52,35	42,16
52,38	42,10
52,40	42,02
52,42	41,93
52,45	41,82
52,47	41,74
52,50	41,61
52,52	41,52
52,55	41,36
52,57	41,22
52,60	41,08
52,62	40,94
52,64	40,80
52,67	40,71
52,69	40,54
52,72	40,40
52,74	40,25
52,77	40,05
52,79	39,87
52,82	39,67
52,84	39,45
52,86	39,27
52,89	39,05
52,91	38,84
52,94	38,66
52,96	38,44
52,99	38,23
53,01	38,03
53,04	37,82
53,06	37,64
53,08	37,43
53,11	37,20
53,13	36,99
53,16	36,76
53,18	36,51
53,21	36,25
53,23	35,99
53,26	35,76
53,28	35,54
53,30	35,30
53,33	35,11
53,35	34,91
53,38	34,73
53,40	34,58
53,43	34,40
53,45	34,21
53,47	34,05
53,50	33,82
53,52	33,63
53,55	33,43
53,57	33,25
53,60	33,04
53,62	32,86
53,65	32,70
53,67	32,59
53,69	32,45
53,72	32,33
53,74	32,20
53,77	32,10
53,79	31,99
53,82	31,90
53,84	31,78
53,87	31,69
53,89	31,59
53,91	31,52
53,94	31,47
53,96	31,41
53,99	31,37
54,01	31,36
54,04	31,33
54,06	31,32
54,09	31,30
54,11	31,29
54,13	31,30
54,16	31,32
54,18	31,33
54,21	31,34
54,23	31,37
54,26	31,41
54,28	31,44
54,31	31,51
54,33	31,58
54,35	31,64
54,38	31,73
54,40	31,81
54,43	31,88
54,45	31,98
54,48	32,09
54,50	32,19
54,52	32,34
54,55	32,46
54,57	32,59
54,60	32,72
54,62	32,91
54,65	33,02
54,67	33,20
54,70	33,31
54,72	33,46
54,74	33,60
54,77	33,80
54,79	33,94
54,82	34,13
54,84	34,27
54,87	34,51
54,89	34,69
54,92	34,93
54,94	35,12
54,96	35,36
54,99	35,57
55,01	35,84
55,04	36,05
55,06	36,31
55,09	36,48
55,11	36,71
55,14	36,93
55,16	37,15
55,18	37,34
55,21	37,58
55,23	37,79
55,26	38,10
55,28	38,36
55,31	38,64
55,33	38,95
55,36	39,24
55,38	39,53
55,40	39,85
55,43	40,10
55,45	40,34
55,48	40,56
55,50	40,80
55,53	41,05
55,55	41,28
55,57	41,50
55,60	41,84
55,62	42,14
55,65	42,46
55,67	42,78
55,70	43,08
55,72	43,40
55,75	43,72
55,77	43,95
55,79	44,22
55,82	44,47
55,84	44,71
55,87	44,99
55,89	45,25
55,92	45,52
55,94	45,81
55,97	46,12
55,99	46,38
56,01	46,70
56,04	46,98
56,06	47,29
56,09	47,56
56,11	47,82
56,14	48,04
56,16	48,36
56,19	48,58
56,21	48,83
56,23	49,01
56,26	49,25
56,28	49,46
56,31	49,66
56,33	49,77
56,36	49,88
56,38	49,94
56,41	50,00
56,43	50,00
56,45	50,00
56,48	50,00
56,50	50,00
56,53	50,00
56,55	50,00
56,58	50,00
56,60	50,00
56,62	50,00
56,65	50,00
56,67	50,00
56,70	50,00
56,72	50,00
56,75	50,00
56,77	50,00
56,80	50,00
56,82	50,00
56,84	50,00
56,87	50,00
56,89	50,00
56,92	50,00
56,94	50,00
56,97	50,00
56,99	50,00
57,02	50,00
57,04	50,00
57,06	50,00
57,09	50,00
57,11	50,00
57,14	50,00
57,16	50,00
57,19	50,00
57,21	50,00
57,24	50,00
57,26	50,00
57,28	50,00
57,31	50,00
57,33	50,00
57,36	50,00
57,38	50,00
57,41	50,00
57,43	50,00
57,46	50,00
57,48	50,00
57,50	50,00
57,53	50,00
57,55	50,00
57,58	50,00
57,60	50,00
57,63	50,00
57,65	50,00
57,68	50,00
57,70	50,00
57,72	50,00
57,75	50,00
57,77	50,00
57,80	50,00
57,82	50,00
57,85	50,00
57,87	50,00
57,89	50,00
57,92	50,00
57,94	50,00
57,97	50,00
57,99	50,00
58,02	50,00
58,04	50,00
58,07	50,00
58,09	50,00
58,11	50,00
58,14	50,00
58,16	50,00
58,19	50,00
58,21	50,00
58,24	49,98
58,26	49,92
58,29	49,83
58,31	49,72
58,33	49,60
58,36	49,40
58,38	49,18
58,41	48,92
58,43	48,70
58,46	48,46
58,48	48,24
58,51	47,95
58,53	47,72
58,55	47,47
58,58	47,32
58,60	47,12
58,63	46,94
58,65	46,72
58,68	46,58
58,70	46,41
58,73	46,29
58,75	46,08
58,77	45,91
58,80	45,76
58,82	45,64
58,85	45,48
58,87	45,35
58,90	45,20
58,92	45,11
58,94	45,00
58,97	44,90
58,99	44,81
59,02	44,75
59,04	44,69
59,07	44,67
59,09	44,63
59,12	44,61
59,14	44,59
59,16	44,53
59,19	44,53
59,21	44,53
59,24	44,52
59,26	44,52
59,29	44,52
59,31	44,52
59,34	44,57
59,36	44,57
59,38	44,62
59,41	44,64
59,43	44,72
59,46	44,79
59,48	44,88
59,51	44,96
59,53	45,09
59,56	45,17
59,58	45,28
59,60	45,34
59,63	45,45
59,65	45,55
59,68	45,70
59,70	45,81
59,73	45,99
59,75	46,12
59,78	46,34
59,80	46,51
59,82	46,73
59,85	46,90
59,87	47,11
59,90	47,26
59,92	47,56
59,95	47,76
59,97	47,97
59,99	48,13
