U1/V	IA/nA
0,02	0,43
0,04	0,45
0,07	0,44
0,09	0,45
0,12	0,45
0,14	0,45
0,17	0,47
0,19	0,47
0,21	0,46
0,24	0,49
0,26	0,49
0,29	0,50
0,31	0,50
0,34	0,48
0,36	0,47
0,39	0,47
0,41	0,44
0,43	0,45
0,46	0,44
0,48	0,45
0,51	0,46
0,53	0,47
0,56	0,46
0,58	0,48
0,61	0,46
0,63	0,48
0,65	0,47
0,68	0,47
0,70	0,46
0,73	0,47
0,75	0,46
0,78	0,49
0,80	0,45
0,83	0,47
0,85	0,46
0,87	0,47
0,90	0,46
0,92	0,47
0,95	0,44
0,97	0,50
1,00	0,47
1,02	0,49
1,05	0,47
1,07	0,48
1,09	0,46
1,12	0,48
1,14	0,44
1,17	0,47
1,19	0,44
1,22	0,45
1,24	0,45
1,26	0,47
1,29	0,46
1,31	0,48
1,34	0,45
1,36	0,49
1,39	0,47
1,41	0,48
1,44	0,47
1,46	0,49
1,48	0,46
1,51	0,50
1,53	0,46
1,56	0,48
1,58	0,47
1,61	0,47
1,63	0,46
1,66	0,48
1,68	0,46
1,70	0,51
1,73	0,49
1,75	0,50
1,78	0,49
1,80	0,49
1,83	0,48
1,85	0,49
1,88	0,47
1,90	0,47
1,92	0,44
1,95	0,45
1,97	0,46
2,00	0,46
2,02	0,46
2,05	0,46
2,07	0,46
2,10	0,48
2,12	0,49
2,14	0,48
2,17	0,48
2,19	0,46
2,22	0,44
2,24	0,45
2,27	0,44
2,29	0,43
2,31	0,44
2,34	0,43
2,36	0,46
2,39	0,47
2,41	0,48
2,44	0,49
2,46	0,49
2,49	0,48
2,51	0,49
2,53	0,48
2,56	0,49
2,58	0,46
2,61	0,47
2,63	0,46
2,66	0,45
2,68	0,43
2,71	0,46
2,73	0,44
2,75	0,45
2,78	0,43
2,80	0,45
2,83	0,46
2,85	0,48
2,88	0,46
2,90	0,48
2,93	0,47
2,95	0,48
2,97	0,48
3,00	0,48
3,02	0,46
3,05	0,47
3,07	0,45
3,10	0,48
3,12	0,46
3,15	0,46
3,17	0,47
3,19	0,48
3,22	0,46
3,24	0,47
3,27	0,45
3,29	0,46
3,32	0,45
3,34	0,45
3,36	0,45
3,39	0,45
3,41	0,44
3,44	0,46
3,46	0,45
3,49	0,45
3,51	0,45
3,54	0,46
3,56	0,45
3,58	0,45
3,61	0,43
3,63	0,43
3,66	0,44
3,68	0,45
3,71	0,47
3,73	0,45
3,76	0,46
3,78	0,47
3,80	0,48
3,83	0,49
3,85	0,48
3,88	0,46
3,90	0,49
3,93	0,47
3,95	0,48
3,98	0,47
4,00	0,46
4,02	0,44
4,05	0,45
4,07	0,44
4,10	0,46
4,12	0,44
4,15	0,44
4,17	0,45
4,20	0,46
4,22	0,45
4,24	0,46
4,27	0,44
4,29	0,47
4,32	0,46
4,34	0,46
4,37	0,45
4,39	0,48
4,42	0,47
4,44	0,51
4,46	0,48
4,49	0,49
4,51	0,47
4,54	0,49
4,56	0,47
4,59	0,49
4,61	0,44
4,63	0,48
4,66	0,46
4,68	0,48
4,71	0,46
4,73	0,48
4,76	0,47
4,78	0,49
4,81	0,47
4,83	0,49
4,85	0,46
4,88	0,47
4,90	0,46
4,93	0,47
4,95	0,46
4,98	0,48
5,00	0,46
5,03	0,49
5,05	0,48
5,07	0,49
5,10	0,49
5,12	0,50
5,15	0,48
5,17	0,51
5,20	0,51
5,22	0,52
5,25	0,52
5,27	0,51
5,29	0,50
5,32	0,49
5,34	0,48
5,37	0,48
5,39	0,47
5,42	0,46
5,44	0,47
5,47	0,46
5,49	0,48
5,51	0,48
5,54	0,48
5,56	0,48
5,59	0,46
5,61	0,44
5,64	0,48
5,66	0,46
5,68	0,46
5,71	0,44
5,73	0,46
5,76	0,48
5,78	0,49
5,81	0,47
5,83	0,49
5,86	0,47
5,88	0,49
5,90	0,49
5,93	0,51
5,95	0,50
5,98	0,52
6,00	0,50
6,03	0,52
6,05	0,50
6,08	0,49
6,10	0,48
6,12	0,49
6,15	0,47
6,17	0,49
6,20	0,46
6,22	0,49
6,25	0,48
6,27	0,49
6,30	0,47
6,32	0,48
6,34	0,46
6,37	0,50
6,39	0,47
6,42	0,49
6,44	0,47
6,47	0,49
6,49	0,48
6,52	0,50
6,54	0,46
6,56	0,49
6,59	0,47
6,61	0,49
6,64	0,49
6,66	0,49
6,69	0,48
6,71	0,51
6,73	0,50
6,76	0,53
6,78	0,52
6,81	0,52
6,83	0,51
6,86	0,52
6,88	0,51
6,91	0,52
6,93	0,50
6,95	0,50
6,98	0,49
7,00	0,49
7,03	0,49
7,05	0,49
7,08	0,49
7,10	0,51
7,13	0,51
7,15	0,52
7,17	0,54
7,20	0,54
7,22	0,55
7,25	0,54
7,27	0,52
7,30	0,52
7,32	0,52
7,35	0,52
7,37	0,55
7,39	0,54
7,42	0,55
7,44	0,55
7,47	0,56
7,49	0,57
7,52	0,58
7,54	0,55
7,57	0,56
7,59	0,54
7,61	0,55
7,64	0,54
7,66	0,54
7,69	0,53
7,71	0,54
7,74	0,53
7,76	0,56
7,78	0,54
7,81	0,56
7,83	0,56
7,86	0,58
7,88	0,56
7,91	0,58
7,93	0,55
7,96	0,58
7,98	0,57
8,00	0,58
8,03	0,57
8,05	0,60
8,08	0,58
8,10	0,62
8,13	0,60
8,15	0,62
8,18	0,60
8,20	0,61
8,22	0,61
8,25	0,63
8,27	0,60
8,30	0,62
8,32	0,59
8,35	0,61
8,37	0,60
8,40	0,61
8,42	0,60
8,44	0,61
8,47	0,59
8,49	0,62
8,52	0,61
8,54	0,62
8,57	0,63
8,59	0,64
8,62	0,63
8,64	0,64
8,66	0,62
8,69	0,63
8,71	0,63
8,74	0,62
8,76	0,63
8,79	0,61
8,81	0,61
8,84	0,64
8,86	0,65
8,88	0,65
8,91	0,65
8,93	0,65
8,96	0,68
8,98	0,68
9,01	0,67
9,03	0,67
9,05	0,66
9,08	0,65
9,10	0,67
9,13	0,65
9,15	0,66
9,18	0,65
9,20	0,66
9,23	0,66
9,25	0,68
9,27	0,66
9,30	0,70
9,32	0,69
9,35	0,71
9,37	0,69
9,40	0,70
9,42	0,69
9,45	0,71
9,47	0,69
9,49	0,71
9,52	0,68
9,54	0,69
9,57	0,70
9,59	0,73
9,62	0,72
9,64	0,73
9,67	0,70
9,69	0,76
9,71	0,74
9,74	0,74
9,76	0,73
9,79	0,72
9,81	0,71
9,84	0,73
9,86	0,69
9,89	0,71
9,91	0,69
9,93	0,71
9,96	0,72
9,98	0,74
10,01	0,73
10,03	0,77
10,06	0,76
10,08	0,78
10,10	0,78
10,13	0,79
10,15	0,77
10,18	0,78
10,20	0,75
10,23	0,77
10,25	0,75
10,28	0,76
10,30	0,78
10,32	0,79
10,35	0,79
10,37	0,80
10,40	0,80
10,42	0,84
10,45	0,84
10,47	0,81
10,50	0,81
10,52	0,79
10,54	0,79
10,57	0,80
10,59	0,79
10,62	0,78
10,64	0,79
10,67	0,79
10,69	0,82
10,72	0,81
10,74	0,81
10,76	0,82
10,79	0,84
10,81	0,84
10,84	0,86
10,86	0,84
10,89	0,87
10,91	0,85
10,94	0,84
10,96	0,84
10,98	0,84
11,01	0,83
11,03	0,85
11,06	0,83
11,08	0,86
11,11	0,85
11,13	0,86
11,15	0,88
11,18	0,90
11,20	0,88
11,23	0,90
11,25	0,87
11,28	0,89
11,30	0,88
11,33	0,88
11,35	0,86
11,37	0,88
11,40	0,87
11,42	0,90
11,45	0,89
11,47	0,90
11,50	0,90
11,52	0,93
11,55	0,93
11,57	0,95
11,59	0,93
11,62	0,95
11,64	0,95
11,67	0,94
11,69	0,93
11,72	0,93
11,74	0,91
11,77	0,93
11,79	0,93
11,81	0,96
11,84	0,96
11,86	0,97
11,89	1,00
11,91	1,02
11,94	1,02
11,96	1,04
11,99	1,01
12,01	1,01
12,03	1,01
12,06	0,99
12,08	0,99
12,11	0,99
12,13	0,98
12,16	1,01
12,18	1,01
12,21	1,01
12,23	1,06
12,25	1,06
12,28	1,07
12,30	1,06
12,33	1,05
12,35	1,04
12,38	1,06
12,40	1,04
12,42	1,06
12,45	1,04
12,47	1,05
12,50	1,08
12,52	1,10
12,55	1,09
12,57	1,10
12,60	1,09
12,62	1,15
12,64	1,14
12,67	1,16
12,69	1,15
12,72	1,15
12,74	1,14
12,77	1,16
12,79	1,13
12,82	1,16
12,84	1,14
12,86	1,15
12,89	1,15
12,91	1,18
12,94	1,16
12,96	1,20
12,99	1,18
13,01	1,22
13,04	1,20
13,06	1,23
13,08	1,21
13,11	1,24
13,13	1,21
13,16	1,24
13,18	1,21
13,21	1,24
13,23	1,23
13,26	1,25
13,28	1,24
13,30	1,26
13,33	1,24
13,35	1,30
13,38	1,28
13,40	1,30
13,43	1,29
13,45	1,28
13,47	1,28
13,50	1,30
13,52	1,27
13,55	1,29
13,57	1,27
13,60	1,28
13,62	1,30
13,65	1,30
13,67	1,29
13,69	1,30
13,72	1,29
13,74	1,30
13,77	1,31
13,79	1,31
13,82	1,32
13,84	1,32
13,87	1,32
13,89	1,33
13,91	1,33
13,94	1,33
13,96	1,34
13,99	1,33
14,01	1,36
14,04	1,35
14,06	1,35
14,09	1,38
14,11	1,38
14,13	1,36
14,16	1,38
14,18	1,35
14,21	1,36
14,23	1,36
14,26	1,35
14,28	1,35
14,31	1,35
14,33	1,33
14,35	1,37
14,38	1,36
14,40	1,38
14,43	1,36
14,45	1,37
14,48	1,36
14,50	1,39
14,52	1,36
14,55	1,38
14,57	1,36
14,60	1,38
14,62	1,37
14,65	1,37
14,67	1,36
14,70	1,38
14,72	1,35
14,74	1,38
14,77	1,37
14,79	1,37
14,82	1,39
14,84	1,41
14,87	1,39
14,89	1,42
14,92	1,38
14,94	1,41
14,96	1,39
14,99	1,38
15,01	1,36
15,04	1,36
15,06	1,34
15,09	1,37
15,11	1,36
15,14	1,37
15,16	1,38
15,18	1,39
15,21	1,40
15,23	1,41
15,26	1,40
15,28	1,40
15,31	1,41
15,33	1,41
15,36	1,42
15,38	1,40
15,40	1,41
15,43	1,41
15,45	1,42
15,48	1,43
15,50	1,44
15,53	1,42
15,55	1,46
15,57	1,46
15,60	1,46
15,62	1,47
15,65	1,47
15,67	1,47
15,70	1,49
15,72	1,47
15,75	1,49
15,77	1,47
15,79	1,48
15,82	1,47
15,84	1,50
15,87	1,48
15,89	1,49
15,92	1,49
15,94	1,52
15,97	1,52
15,99	1,53
16,01	1,52
16,04	1,54
16,06	1,54
16,09	1,57
16,11	1,54
16,14	1,56
16,16	1,55
16,19	1,58
16,21	1,58
16,23	1,61
16,26	1,59
16,28	1,66
16,31	1,65
16,33	1,68
16,36	1,67
16,38	1,69
16,41	1,67
16,43	1,71
16,45	1,69
16,48	1,72
16,50	1,70
16,53	1,72
16,55	1,73
16,58	1,76
16,60	1,75
16,63	1,78
16,65	1,78
16,67	1,83
16,70	1,83
16,72	1,85
16,75	1,84
16,77	1,87
16,80	1,86
16,82	1,90
16,84	1,88
16,87	1,91
16,89	1,93
16,92	1,95
16,94	1,96
16,97	1,98
16,99	1,99
17,02	2,04
17,04	2,04
17,06	2,05
17,09	2,06
17,11	2,07
17,14	2,10
17,16	2,10
17,19	2,11
17,21	2,12
17,24	2,12
17,26	2,13
17,28	2,17
17,31	2,17
17,33	2,19
17,36	2,19
17,38	2,21
17,41	2,24
17,43	2,27
17,46	2,27
17,48	2,29
17,50	2,28
17,53	2,29
17,55	2,30
17,58	2,33
17,60	2,32
17,63	2,35
17,65	2,34
17,68	2,38
17,70	2,38
17,72	2,39
17,75	2,40
17,77	2,42
17,80	2,40
17,82	2,44
17,85	2,42
17,87	2,45
17,89	2,44
17,92	2,45
17,94	2,44
17,97	2,45
17,99	2,43
18,02	2,47
18,04	2,45
18,07	2,48
18,09	2,48
18,11	2,50
18,14	2,50
18,16	2,53
18,19	2,50
18,21	2,52
18,24	2,50
18,26	2,51
18,29	2,52
18,31	2,54
18,33	2,53
18,36	2,55
18,38	2,54
18,41	2,57
18,43	2,56
18,46	2,55
18,48	2,53
18,51	2,53
18,53	2,52
18,55	2,52
18,58	2,50
18,60	2,51
18,63	2,49
18,65	2,49
18,68	2,46
18,70	2,45
18,73	2,43
18,75	2,44
18,77	2,43
18,80	2,42
18,82	2,43
18,85	2,46
18,87	2,47
18,90	2,46
18,92	2,45
18,94	2,45
18,97	2,46
18,99	2,44
19,02	2,46
19,04	2,44
19,07	2,44
19,09	2,43
19,12	2,43
19,14	2,42
19,16	2,43
19,19	2,39
19,21	2,41
19,24	2,38
19,26	2,40
19,29	2,37
19,31	2,38
19,34	2,35
19,36	2,36
19,38	2,33
19,41	2,35
19,43	2,31
19,46	2,32
19,48	2,30
19,51	2,32
19,53	2,30
19,56	2,32
19,58	2,29
19,60	2,33
19,63	2,31
19,65	2,31
19,68	2,28
19,70	2,29
19,73	2,26
19,75	2,30
19,78	2,27
19,80	2,29
19,82	2,27
19,85	2,28
19,87	2,26
19,90	2,28
19,92	2,25
19,95	2,27
19,97	2,25
19,99	2,25
20,02	2,24
20,04	2,25
20,07	2,25
20,09	2,27
20,12	2,25
20,14	2,27
20,17	2,25
20,19	2,25
20,21	2,28
20,24	2,29
20,26	2,28
20,29	2,30
20,31	2,29
20,34	2,32
20,36	2,33
20,39	2,32
20,41	2,33
20,43	2,32
20,46	2,31
20,48	2,34
20,51	2,36
20,53	2,38
20,56	2,40
20,58	2,40
20,61	2,45
20,63	2,46
20,65	2,46
20,68	2,47
20,70	2,47
20,73	2,46
20,75	2,49
20,78	2,48
20,80	2,51
20,83	2,52
20,85	2,54
20,87	2,56
20,90	2,58
20,92	2,58
20,95	2,64
20,97	2,63
21,00	2,67
21,02	2,67
21,05	2,70
21,07	2,71
21,09	2,76
21,12	2,75
21,14	2,79
21,17	2,80
21,19	2,84
21,22	2,87
21,24	2,92
21,26	2,92
21,29	2,97
21,31	2,98
21,34	3,04
21,36	3,06
21,39	3,08
21,41	3,09
21,44	3,14
21,46	3,15
21,48	3,20
21,51	3,21
21,53	3,25
21,56	3,27
21,58	3,31
21,61	3,34
21,63	3,38
21,66	3,39
21,68	3,46
21,70	3,47
21,73	3,51
21,75	3,55
21,78	3,59
21,80	3,62
21,83	3,67
21,85	3,67
21,88	3,73
21,90	3,77
21,92	3,80
21,95	3,86
21,97	3,88
22,00	3,91
22,02	3,94
22,05	3,96
22,07	4,00
22,10	4,03
22,12	4,02
22,14	4,07
22,17	4,08
22,19	4,11
22,22	4,13
22,24	4,16
22,27	4,17
22,29	4,21
22,31	4,22
22,34	4,27
22,36	4,28
22,39	4,31
22,41	4,32
22,44	4,35
22,46	4,36
22,49	4,39
22,51	4,39
22,53	4,43
22,56	4,43
22,58	4,45
22,61	4,45
22,63	4,47
22,66	4,46
22,68	4,49
22,71	4,47
22,73	4,49
22,75	4,47
22,78	4,49
22,80	4,49
22,83	4,51
22,85	4,47
22,88	4,49
22,90	4,47
22,93	4,47
22,95	4,45
22,97	4,45
23,00	4,43
23,02	4,44
23,05	4,42
23,07	4,44
23,10	4,41
23,12	4,41
23,15	4,41
23,17	4,41
23,19	4,38
23,22	4,38
23,24	4,34
23,27	4,33
23,29	4,30
23,32	4,27
23,34	4,25
23,36	4,23
23,39	4,20
23,41	4,22
23,44	4,20
23,46	4,19
23,49	4,16
23,51	4,14
23,54	4,13
23,56	4,17
23,58	4,11
23,61	4,10
23,63	4,06
23,66	4,02
23,68	4,00
23,71	3,96
23,73	3,89
23,76	3,87
23,78	3,84
23,80	3,83
23,83	3,81
23,85	3,78
23,88	3,79
23,90	3,75
23,93	3,75
23,95	3,71
23,98	3,70
24,00	3,67
24,02	3,66
24,05	3,61
24,07	3,61
24,10	3,57
24,12	3,57
24,15	3,55
24,17	3,55
24,20	3,51
24,22	3,52
24,24	3,47
24,27	3,50
24,29	3,47
24,32	3,46
24,34	3,44
24,37	3,43
24,39	3,40
24,42	3,41
24,44	3,35
24,46	3,37
24,49	3,34
24,51	3,34
24,54	3,34
24,56	3,35
24,59	3,34
24,61	3,38
24,63	3,36
24,66	3,38
24,68	3,37
24,71	3,38
24,73	3,36
24,76	3,37
24,78	3,33
24,81	3,36
24,83	3,33
24,85	3,35
24,88	3,35
24,90	3,37
24,93	3,37
24,95	3,40
24,98	3,40
25,00	3,46
25,03	3,46
25,05	3,47
25,07	3,48
25,10	3,48
25,12	3,48
25,15	3,50
25,17	3,50
25,20	3,52
25,22	3,53
25,25	3,55
25,27	3,61
25,29	3,64
25,32	3,67
25,34	3,71
25,37	3,73
25,39	3,76
25,42	3,80
25,44	3,81
25,47	3,84
25,49	3,86
25,51	3,87
25,54	3,90
25,56	3,93
25,59	3,96
25,61	4,01
25,64	4,03
25,66	4,09
25,68	4,12
25,71	4,18
25,73	4,23
25,76	4,29
25,78	4,31
25,81	4,36
25,83	4,37
25,86	4,43
25,88	4,46
25,90	4,50
25,93	4,52
25,95	4,58
25,98	4,61
26,00	4,69
26,03	4,73
26,05	4,80
26,08	4,86
26,10	4,94
26,12	4,98
26,15	5,06
26,17	5,08
26,20	5,14
26,22	5,18
26,25	5,22
26,27	5,25
26,30	5,32
26,32	5,36
26,34	5,45
26,37	5,50
26,39	5,59
26,42	5,64
26,44	5,71
26,47	5,78
26,49	5,85
26,52	5,88
26,54	5,96
26,56	5,97
26,59	6,03
26,61	6,08
26,64	6,14
26,66	6,19
26,69	6,26
26,71	6,31
26,73	6,40
26,76	6,46
26,78	6,52
26,81	6,60
26,83	6,66
26,86	6,70
26,88	6,75
26,91	6,78
26,93	6,83
26,95	6,88
26,98	6,90
27,00	6,96
27,03	6,98
27,05	7,03
27,08	7,07
27,10	7,12
27,13	7,15
27,15	7,20
27,17	7,20
27,20	7,26
27,22	7,27
27,25	7,30
27,27	7,32
27,30	7,33
27,32	7,32
27,35	7,35
27,37	7,34
27,39	7,37
27,42	7,35
27,44	7,36
27,47	7,37
27,49	7,39
27,52	7,37
27,54	7,40
27,57	7,38
27,59	7,40
27,61	7,37
27,64	7,37
27,66	7,33
27,69	7,34
27,71	7,28
27,74	7,28
27,76	7,21
27,78	7,20
27,81	7,16
27,83	7,14
27,86	7,09
27,88	7,09
27,91	7,03
27,93	7,06
27,96	7,01
27,98	6,99
28,00	6,93
28,03	6,87
28,05	6,81
28,08	6,78
28,10	6,68
28,13	6,64
28,15	6,56
28,18	6,53
28,20	6,50
28,22	6,47
28,25	6,41
28,27	6,38
28,30	6,33
28,32	6,30
28,35	6,24
28,37	6,20
28,40	6,14
28,42	6,08
28,44	6,02
28,47	5,99
28,49	5,92
28,52	5,87
28,54	5,83
28,57	5,78
28,59	5,74
28,62	5,69
28,64	5,63
28,66	5,64
28,69	5,59
28,71	5,54
28,74	5,51
28,76	5,45
28,79	5,41
28,81	5,37
28,84	5,31
28,86	5,26
28,88	5,22
28,91	5,17
28,93	5,17
28,96	5,14
28,98	5,12
29,01	5,09
29,03	5,07
29,05	5,06
29,08	5,06
29,10	5,01
29,13	5,00
29,15	4,96
29,18	4,95
29,20	4,93
29,23	4,90
29,25	4,87
29,27	4,87
29,30	4,83
29,32	4,85
29,35	4,84
29,37	4,85
29,40	4,88
29,42	4,89
29,45	4,87
29,47	4,91
29,49	4,87
29,52	4,89
29,54	4,87
29,57	4,87
29,59	4,87
29,62	4,89
29,64	4,87
29,67	4,92
29,69	4,93
29,71	4,96
29,74	4,98
29,76	5,01
29,79	5,04
29,81	5,08
29,84	5,08
29,86	5,12
29,89	5,15
29,91	5,18
29,93	5,22
29,96	5,23
29,98	5,25
30,01	5,29
30,03	5,33
30,06	5,37
30,08	5,42
30,10	5,44
30,13	5,53
30,15	5,58
30,18	5,63
30,20	5,69
30,23	5,74
30,25	5,78
30,28	5,84
30,30	5,87
30,32	5,94
30,35	5,97
30,37	6,03
30,40	6,07
30,42	6,14
30,45	6,19
30,47	6,27
30,50	6,32
30,52	6,43
30,54	6,48
30,57	6,57
30,59	6,64
30,62	6,74
30,64	6,81
30,67	6,91
30,69	6,96
30,72	7,05
30,74	7,11
30,76	7,20
30,79	7,27
30,81	7,36
30,84	7,42
30,86	7,53
30,89	7,61
30,91	7,72
30,94	7,80
30,96	7,90
30,98	7,98
31,01	8,08
31,03	8,15
31,06	8,24
31,08	8,29
31,11	8,39
31,13	8,47
31,15	8,57
31,18	8,65
31,20	8,77
31,23	8,86
31,25	9,00
31,28	9,09
31,30	9,19
31,33	9,29
31,35	9,39
31,37	9,47
31,40	9,58
31,42	9,64
31,45	9,74
31,47	9,83
31,50	9,92
31,52	10,02
31,55	10,12
31,57	10,20
31,59	10,32
31,62	10,40
31,64	10,47
31,67	10,56
31,69	10,63
31,72	10,72
31,74	10,79
31,77	10,85
31,79	10,91
31,81	10,96
31,84	11,01
31,86	11,09
31,89	11,13
31,91	11,18
31,94	11,23
31,96	11,28
31,99	11,35
32,01	11,40
32,03	11,42
32,06	11,47
32,08	11,48
32,11	11,51
32,13	11,54
32,16	11,56
32,18	11,54
32,20	11,57
32,23	11,55
32,25	11,58
32,28	11,56
32,30	11,55
32,33	11,54
32,35	11,54
32,38	11,49
32,40	11,48
32,42	11,43
32,45	11,42
32,47	11,37
32,50	11,36
32,52	11,30
32,55	11,27
32,57	11,19
32,60	11,18
32,62	11,10
32,64	11,06
32,67	10,98
32,69	10,94
32,72	10,87
32,74	10,83
32,77	10,74
32,79	10,70
32,82	10,60
32,84	10,55
32,86	10,47
32,89	10,41
32,91	10,31
32,94	10,24
32,96	10,13
32,99	10,07
33,01	9,95
33,04	9,86
33,06	9,75
33,08	9,66
33,11	9,56
33,13	9,49
33,16	9,38
33,18	9,31
33,21	9,21
33,23	9,14
33,26	9,07
33,28	8,97
33,30	8,86
33,33	8,80
33,35	8,70
33,38	8,62
33,40	8,53
33,43	8,44
33,45	8,39
33,47	8,33
33,50	8,25
33,52	8,18
33,55	8,12
33,57	8,06
33,60	8,02
33,62	7,94
33,65	7,88
33,67	7,81
33,69	7,75
33,72	7,70
33,74	7,65
33,77	7,56
33,79	7,53
33,82	7,47
33,84	7,44
33,87	7,40
33,89	7,36
33,91	7,31
33,94	7,29
33,96	7,24
33,99	7,24
34,01	7,19
34,04	7,17
34,06	7,15
34,09	7,15
34,11	7,13
34,13	7,14
34,16	7,11
34,18	7,13
34,21	7,12
34,23	7,12
34,26	7,11
34,28	7,12
34,31	7,11
34,33	7,16
34,35	7,16
34,38	7,20
34,40	7,21
34,43	7,25
34,45	7,27
34,48	7,32
34,50	7,31
34,52	7,36
34,55	7,36
34,57	7,40
34,60	7,43
34,62	7,46
34,65	7,49
34,67	7,56
34,70	7,59
34,72	7,66
34,74	7,70
34,77	7,77
34,79	7,86
34,82	7,94
34,84	8,00
34,87	8,07
34,89	8,12
34,92	8,20
34,94	8,27
34,96	8,32
34,99	8,39
35,01	8,46
35,04	8,55
35,06	8,66
35,09	8,76
35,11	8,85
35,14	8,96
35,16	9,03
35,18	9,14
35,21	9,20
35,23	9,28
35,26	9,35
35,28	9,44
35,31	9,50
35,33	9,61
35,36	9,70
35,38	9,84
35,40	9,93
35,43	10,04
35,45	10,15
35,48	10,29
35,50	10,39
35,53	10,55
35,55	10,62
35,57	10,75
35,60	10,85
35,62	10,97
35,65	11,07
35,67	11,21
35,70	11,28
35,72	11,42
35,75	11,52
35,77	11,67
35,79	11,81
35,82	11,94
35,84	12,06
35,87	12,22
35,89	12,32
35,92	12,48
35,94	12,59
35,97	12,69
35,99	12,81
36,01	12,92
36,04	13,04
36,06	13,20
36,09	13,32
36,11	13,45
36,14	13,59
36,16	13,75
36,19	13,90
36,21	14,05
36,23	14,16
36,26	14,31
36,28	14,43
36,31	14,56
36,33	14,67
36,36	14,79
36,38	14,90
36,41	15,03
36,43	15,13
36,45	15,26
36,48	15,37
36,50	15,50
36,53	15,63
36,55	15,73
36,58	15,84
36,60	15,92
36,62	16,01
36,65	16,12
36,67	16,20
36,70	16,22
36,72	16,31
36,75	16,35
36,77	16,43
36,80	16,51
36,82	16,56
36,84	16,61
36,87	16,69
36,89	16,73
36,92	16,82
36,94	16,83
36,97	16,86
36,99	16,88
37,02	16,91
37,04	16,91
37,06	16,94
37,09	16,92
37,11	16,95
37,14	16,93
37,16	16,91
37,19	16,88
37,21	16,87
37,24	16,81
37,26	16,81
37,28	16,75
37,31	16,72
37,33	16,65
37,36	16,60
37,38	16,56
37,41	16,52
37,43	16,42
37,46	16,37
37,48	16,24
37,50	16,19
37,53	16,07
37,55	15,98
37,58	15,85
37,60	15,75
37,63	15,63
37,65	15,57
37,68	15,44
37,70	15,37
37,72	15,26
37,75	15,18
37,77	15,05
37,80	14,95
37,82	14,80
37,85	14,69
37,87	14,52
37,89	14,39
37,92	14,23
37,94	14,09
37,97	13,93
37,99	13,83
38,02	13,69
38,04	13,59
38,07	13,46
38,09	13,34
38,11	13,23
38,14	13,10
38,16	12,94
38,19	12,82
38,21	12,65
38,24	12,50
38,26	12,36
38,29	12,22
38,31	12,11
38,33	11,99
38,36	11,88
38,38	11,80
38,41	11,69
38,43	11,59
38,46	11,52
38,48	11,42
38,51	11,34
38,53	11,23
38,55	11,14
38,58	11,06
38,60	10,98
38,63	10,87
38,65	10,81
38,68	10,72
38,70	10,66
38,73	10,59
38,75	10,55
38,77	10,50
38,80	10,48
38,82	10,41
38,85	10,41
38,87	10,36
38,90	10,34
38,92	10,30
38,94	10,27
38,97	10,23
38,99	10,23
39,02	10,19
39,04	10,21
39,07	10,18
39,09	10,19
39,12	10,20
39,14	10,23
39,16	10,22
39,19	10,28
39,21	10,27
39,24	10,33
39,26	10,35
39,29	10,40
39,31	10,42
39,34	10,48
39,36	10,49
39,38	10,56
39,41	10,57
39,43	10,64
39,46	10,68
39,48	10,75
39,51	10,79
39,53	10,87
39,56	10,93
39,58	11,04
39,60	11,11
39,63	11,20
39,65	11,28
39,68	11,37
39,70	11,45
39,73	11,55
39,75	11,62
39,78	11,71
39,80	11,78
39,82	11,87
39,85	11,99
39,87	12,10
39,90	12,22
39,92	12,35
39,95	12,48
39,97	12,61
39,99	12,75
40,02	12,87
40,04	13,00
40,07	13,09
40,09	13,19
40,12	13,30
40,14	13,42
40,17	13,53
40,19	13,67
40,21	13,77
40,24	13,92
40,26	14,07
40,29	14,24
40,31	14,40
40,34	14,57
40,36	14,70
40,39	14,89
40,41	15,02
40,43	15,19
40,46	15,30
40,48	15,44
40,51	15,55
40,53	15,71
40,56	15,83
40,58	16,01
40,61	16,15
40,63	16,34
40,65	16,53
40,68	16,73
40,70	16,91
40,73	17,10
40,75	17,28
40,78	17,45
40,80	17,60
40,83	17,76
40,85	17,93
40,87	18,08
40,90	18,23
40,92	18,40
40,95	18,57
40,97	18,77
41,00	18,93
41,02	19,10
41,05	19,31
41,07	19,50
41,09	19,67
41,12	19,85
41,14	19,97
41,17	20,14
41,19	20,29
41,22	20,42
41,24	20,56
41,26	20,69
41,29	20,83
41,31	21,02
41,34	21,18
41,36	21,34
41,39	21,51
41,41	21,65
41,44	21,80
41,46	21,95
41,48	22,06
41,51	22,17
41,53	22,26
41,56	22,36
41,58	22,48
41,61	22,54
41,63	22,64
41,66	22,74
41,68	22,85
41,70	22,95
41,73	23,03
41,75	23,07
41,78	23,19
41,80	23,24
41,83	23,30
41,85	23,32
41,88	23,33
41,90	23,35
41,92	23,38
41,95	23,37
41,97	23,40
42,00	23,37
42,02	23,39
42,05	23,41
42,07	23,40
42,10	23,38
42,12	23,38
42,14	23,34
42,17	23,34
42,19	23,27
42,22	23,24
42,24	23,17
42,27	23,12
42,29	23,02
42,31	22,97
42,34	22,83
42,36	22,76
42,39	22,62
42,41	22,54
42,44	22,43
42,46	22,33
42,49	22,18
42,51	22,14
42,53	22,01
42,56	21,92
42,58	21,78
42,61	21,64
42,63	21,51
42,66	21,43
42,68	21,23
42,71	21,09
42,73	20,91
42,75	20,77
42,78	20,63
42,80	20,48
42,83	20,27
42,85	20,13
42,88	19,94
42,90	19,81
42,93	19,64
42,95	19,49
42,97	19,32
43,00	19,18
43,02	19,01
43,05	18,88
43,07	18,68
43,10	18,51
43,12	18,33
43,15	18,16
43,17	17,99
43,19	17,82
43,22	17,64
43,24	17,53
43,27	17,38
43,29	17,24
43,32	17,09
43,34	16,95
43,36	16,83
43,39	16,69
43,41	16,54
43,44	16,40
43,46	16,25
43,49	16,13
43,51	16,02
43,54	15,90
43,56	15,81
43,58	15,71
43,61	15,63
43,63	15,56
43,66	15,49
43,68	15,40
43,71	15,34
43,73	15,25
43,76	15,18
43,78	15,12
43,80	15,05
43,83	14,99
43,85	14,95
43,88	14,90
43,90	14,89
43,93	14,86
43,95	14,84
43,98	14,85
44,00	14,86
44,02	14,84
44,05	14,86
44,07	14,84
44,10	14,87
44,12	14,87
44,15	14,89
44,17	14,92
44,20	14,96
44,22	15,00
44,24	15,07
44,27	15,10
44,29	15,16
44,32	15,21
44,34	15,27
44,37	15,33
44,39	15,40
44,41	15,46
44,44	15,56
44,46	15,63
44,49	15,72
44,51	15,81
44,54	15,91
44,56	16,02
44,59	16,14
44,61	16,23
44,63	16,35
44,66	16,46
44,68	16,57
44,71	16,71
44,73	16,81
44,76	16,92
44,78	17,07
44,81	17,22
44,83	17,37
44,85	17,52
44,88	17,66
44,90	17,86
44,93	18,01
44,95	18,16
44,98	18,30
45,00	18,44
45,03	18,59
45,05	18,75
45,07	18,88
45,10	19,06
45,12	19,22
45,15	19,41
45,17	19,61
45,20	19,81
45,22	19,98
45,25	20,20
45,27	20,37
45,29	20,60
45,32	20,75
45,34	20,93
45,37	21,10
45,39	21,30
45,42	21,44
45,44	21,65
45,47	21,81
45,49	22,03
45,51	22,21
45,54	22,44
45,56	22,64
45,59	22,87
45,61	23,07
45,64	23,32
45,66	23,47
45,68	23,70
45,71	23,88
45,73	24,09
45,76	24,27
45,78	24,48
45,81	24,65
45,83	24,90
45,86	25,11
45,88	25,32
45,90	25,51
45,93	25,73
45,95	25,94
45,98	26,18
46,00	26,35
46,03	26,54
46,05	26,72
46,08	26,92
46,10	27,10
46,12	27,30
46,15	27,45
46,17	27,67
46,20	27,86
46,22	28,07
46,25	28,27
46,27	28,46
46,30	28,63
46,32	28,82
46,34	29,00
46,37	29,17
46,39	29,30
46,42	29,43
46,44	29,57
46,47	29,70
46,49	29,82
46,52	29,93
46,54	30,07
46,56	30,21
46,59	30,34
46,61	30,45
46,64	30,59
46,66	30,69
46,69	30,80
46,71	30,88
46,73	30,99
46,76	31,07
46,78	31,14
46,81	31,19
46,83	31,26
46,86	31,30
46,88	31,34
46,91	31,36
46,93	31,37
46,95	31,38
46,98	31,40
47,00	31,40
47,03	31,40
47,05	31,40
47,08	31,40
47,10	31,39
47,13	31,37
47,15	31,35
47,17	31,35
47,20	31,33
47,22	31,31
47,25	31,26
47,27	31,24
47,30	31,17
47,32	31,12
47,35	31,00
47,37	30,92
47,39	30,78
47,42	30,70
47,44	30,59
47,47	30,51
47,49	30,38
47,52	30,30
47,54	30,17
47,57	30,10
47,59	29,93
47,61	29,79
47,64	29,61
47,66	29,46
47,69	29,26
47,71	29,11
47,74	28,89
47,76	28,75
47,78	28,57
47,81	28,43
47,83	28,25
47,86	28,08
47,88	27,87
47,91	27,72
47,93	27,49
47,96	27,30
47,98	27,08
48,00	26,89
48,03	26,68
48,05	26,48
48,08	26,25
48,10	26,07
48,13	25,86
48,15	25,67
48,18	25,50
48,20	25,32
48,22	25,13
48,25	24,97
48,27	24,76
48,30	24,59
48,32	24,39
48,35	24,17
48,37	23,98
48,40	23,79
48,42	23,62
48,44	23,46
48,47	23,30
48,49	23,16
48,52	23,03
48,54	22,88
48,57	22,77
48,59	22,63
48,62	22,50
48,64	22,39
48,66	22,28
48,69	22,17
48,71	22,09
48,74	21,99
48,76	21,93
48,79	21,85
48,81	21,77
48,84	21,70
48,86	21,65
48,88	21,59
48,91	21,57
48,93	21,51
48,96	21,50
48,98	21,46
49,01	21,46
49,03	21,45
49,05	21,45
49,08	21,44
49,10	21,47
49,13	21,48
49,15	21,53
49,18	21,55
49,20	21,60
49,23	21,66
49,25	21,73
49,27	21,77
49,30	21,86
49,32	21,88
49,35	21,97
49,37	22,02
49,40	22,11
49,42	22,19
49,45	22,28
49,47	22,36
49,49	22,50
49,52	22,58
49,54	22,69
49,57	22,81
49,59	22,93
49,62	23,07
49,64	23,21
49,67	23,33
49,69	23,50
49,71	23,65
49,74	23,82
49,76	23,99
49,79	24,14
49,81	24,31
49,84	24,48
49,86	24,63
49,89	24,80
49,91	24,97
49,93	25,12
49,96	25,30
49,98	25,48
50,01	25,68
50,03	25,90
50,06	26,11
50,08	26,32
50,10	26,53
50,13	26,75
50,15	26,97
50,18	27,18
50,20	27,38
50,23	27,59
50,25	27,77
50,28	27,97
50,30	28,19
50,32	28,39
50,35	28,63
50,37	28,86
50,40	29,09
50,42	29,33
50,45	29,62
50,47	29,86
50,50	30,15
50,52	30,35
50,54	30,60
50,57	30,81
50,59	31,08
50,62	31,26
50,64	31,50
50,67	31,67
50,69	31,94
50,72	32,17
50,74	32,46
50,76	32,68
50,79	32,98
50,81	33,21
50,84	33,52
50,86	33,76
50,89	33,99
50,91	34,16
50,94	34,42
50,96	34,64
50,98	34,88
51,01	35,07
51,03	35,30
51,06	35,52
51,08	35,80
51,11	36,03
51,13	36,27
51,15	36,51
51,18	36,76
51,20	36,98
51,23	37,23
51,25	37,41
51,28	37,61
51,30	37,79
51,33	37,97
51,35	38,14
51,37	38,32
51,40	38,50
51,42	38,71
51,45	38,88
51,47	39,06
51,50	39,21
51,52	39,39
51,55	39,56
51,57	39,72
51,59	39,86
51,62	40,02
51,64	40,15
51,67	40,30
51,69	40,41
51,72	40,51
51,74	40,59
51,77	40,70
51,79	40,80
51,81	40,90
51,84	41,00
51,86	41,10
51,89	41,19
51,91	41,29
51,94	41,36
51,96	41,42
51,99	41,47
52,01	41,51
52,03	41,54
52,06	41,56
52,08	41,59
52,11	41,60
52,13	41,61
52,16	41,61
52,18	41,60
52,20	41,58
52,23	41,58
52,25	41,56
52,28	41,56
52,30	41,52
52,33	41,51
52,35	41,45
52,38	41,36
52,40	41,26
52,42	41,22
52,45	41,10
52,47	41,01
52,50	40,90
52,52	40,80
52,55	40,72
52,57	40,62
52,60	40,45
52,62	40,34
52,64	40,21
52,67	40,07
52,69	39,92
52,72	39,78
52,74	39,62
52,77	39,50
52,79	39,30
52,82	39,13
52,84	38,93
52,86	38,77
52,89	38,55
52,91	38,34
52,94	38,09
52,96	37,91
52,99	37,68
53,01	37,49
53,04	37,25
53,06	37,06
53,08	36,84
53,11	36,65
53,13	36,41
53,16	36,22
53,18	35,97
53,21	35,77
53,23	35,53
53,26	35,32
53,28	35,10
53,30	34,89
53,33	34,64
53,35	34,47
53,38	34,26
53,40	34,09
53,43	33,92
53,45	33,73
53,47	33,53
53,50	33,37
53,52	33,16
53,55	33,02
53,57	32,83
53,60	32,65
53,62	32,48
53,65	32,33
53,67	32,16
53,69	32,02
53,72	31,86
53,74	31,72
53,77	31,60
53,79	31,51
53,82	31,44
53,84	31,34
53,87	31,26
53,89	31,21
53,91	31,15
53,94	31,09
53,96	31,05
53,99	30,98
54,01	30,97
54,04	30,93
54,06	30,89
54,09	30,87
54,11	30,85
54,13	30,83
54,16	30,87
54,18	30,87
54,21	30,91
54,23	30,95
54,26	30,99
54,28	31,06
54,31	31,14
54,33	31,17
54,35	31,24
54,38	31,27
54,40	31,33
54,43	31,38
54,45	31,46
54,48	31,53
54,50	31,64
54,52	31,74
54,55	31,89
54,57	32,01
54,60	32,18
54,62	32,33
54,65	32,49
54,67	32,63
54,70	32,81
54,72	32,95
54,74	33,10
54,77	33,24
54,79	33,39
54,82	33,57
54,84	33,75
54,87	33,92
54,89	34,14
54,92	34,35
54,94	34,58
54,96	34,79
54,99	35,00
55,01	35,24
55,04	35,46
55,06	35,67
55,09	35,89
55,11	36,10
55,14	36,31
55,16	36,52
55,18	36,72
55,21	36,94
55,23	37,15
55,26	37,42
55,28	37,68
55,31	37,94
55,33	38,19
55,36	38,49
55,38	38,77
55,40	39,07
55,43	39,30
55,45	39,55
55,48	39,80
55,50	40,06
55,53	40,30
55,55	40,58
55,57	40,79
55,60	41,10
55,62	41,39
55,65	41,71
55,67	41,99
55,70	42,31
55,72	42,56
55,75	42,91
55,77	43,13
55,79	43,37
55,82	43,59
55,84	43,87
55,87	44,08
55,89	44,37
55,92	44,60
55,94	44,92
55,97	45,18
55,99	45,48
56,01	45,77
56,04	46,09
56,06	46,33
56,09	46,65
56,11	46,91
56,14	47,19
56,16	47,43
56,19	47,68
56,21	47,90
56,23	48,14
56,26	48,36
56,28	48,59
56,31	48,85
56,33	49,11
56,36	49,33
56,38	49,53
56,41	49,72
56,43	49,83
56,45	49,92
56,48	49,98
56,50	50,00
56,53	50,00
56,55	50,00
56,58	50,00
56,60	50,00
56,62	50,00
56,65	50,00
56,67	50,00
56,70	50,00
56,72	50,00
56,75	50,00
56,77	50,00
56,80	50,00
56,82	50,00
56,84	50,00
56,87	50,00
56,89	50,00
56,92	50,00
56,94	50,00
56,97	50,00
56,99	50,00
57,02	50,00
57,04	50,00
57,06	50,00
57,09	50,00
57,11	50,00
57,14	50,00
57,16	50,00
57,19	50,00
57,21	50,00
57,24	50,00
57,26	50,00
57,28	50,00
57,31	50,00
57,33	50,00
57,36	50,00
57,38	50,00
57,41	50,00
57,43	50,00
57,46	50,00
57,48	50,00
57,50	50,00
57,53	50,00
57,55	50,00
57,58	50,00
57,60	50,00
57,63	50,00
57,65	50,00
57,68	50,00
57,70	50,00
57,72	50,00
57,75	50,00
57,77	50,00
57,80	50,00
57,82	50,00
57,85	50,00
57,87	50,00
57,89	50,00
57,92	50,00
57,94	50,00
57,97	50,00
57,99	50,00
58,02	50,00
58,04	50,00
58,07	50,00
58,09	50,00
58,11	50,00
58,14	49,98
58,16	49,92
58,19	49,81
58,21	49,72
58,24	49,58
58,26	49,39
58,29	49,19
58,31	48,99
58,33	48,77
58,36	48,57
58,38	48,33
58,41	48,14
58,43	47,90
58,46	47,68
58,48	47,45
58,51	47,23
58,53	46,99
58,55	46,78
58,58	46,56
58,60	46,43
58,63	46,22
58,65	46,01
58,68	45,87
58,70	45,75
58,73	45,59
58,75	45,41
58,77	45,21
58,80	45,07
58,82	44,94
58,85	44,77
58,87	44,62
58,90	44,47
58,92	44,34
58,94	44,24
58,97	44,14
58,99	44,05
59,02	44,00
59,04	43,93
59,07	43,90
59,09	43,85
59,12	43,82
59,14	43,78
59,16	43,76
59,19	43,75
59,21	43,75
59,24	43,72
59,26	43,75
59,29	43,75
59,31	43,79
59,34	43,79
59,36	43,80
59,38	43,82
59,41	43,91
59,43	43,93
59,46	44,00
59,48	44,05
59,51	44,16
59,53	44,26
59,56	44,39
59,58	44,46
59,60	44,61
59,63	44,69
59,65	44,85
59,68	44,96
59,70	45,10
59,73	45,21
59,75	45,41
59,78	45,57
59,80	45,78
59,82	45,94
59,85	46,13
59,87	46,33
59,90	46,54
59,92	46,70
59,95	46,87
59,97	47,01
59,99	47,14
