U1/V	IA/nA
0,02	0,16
0,04	0,15
0,07	0,13
0,09	0,12
0,12	0,10
0,14	0,12
0,17	0,09
0,19	0,11
0,21	0,09
0,24	0,11
0,26	0,10
0,29	0,12
0,31	0,10
0,34	0,12
0,36	0,11
0,39	0,13
0,41	0,12
0,43	0,13
0,46	0,11
0,48	0,14
0,51	0,12
0,53	0,13
0,56	0,11
0,58	0,13
0,61	0,11
0,63	0,13
0,65	0,09
0,68	0,13
0,70	0,11
0,73	0,12
0,75	0,10
0,78	0,11
0,80	0,10
0,83	0,12
0,85	0,09
0,87	0,11
0,90	0,09
0,92	0,10
0,95	0,10
0,97	0,11
1,00	0,09
1,02	0,11
1,05	0,09
1,07	0,11
1,09	0,11
1,12	0,11
1,14	0,11
1,17	0,11
1,19	0,09
1,22	0,11
1,24	0,08
1,26	0,09
1,29	0,10
1,31	0,09
1,34	0,09
1,36	0,09
1,39	0,09
1,41	0,11
1,44	0,11
1,46	0,10
1,48	0,11
1,51	0,10
1,53	0,12
1,56	0,11
1,58	0,11
1,61	0,10
1,63	0,09
1,66	0,08
1,68	0,11
1,70	0,10
1,73	0,10
1,75	0,10
1,78	0,10
1,80	0,11
1,83	0,13
1,85	0,10
1,88	0,12
1,90	0,10
1,92	0,11
1,95	0,12
1,97	0,11
2,00	0,09
2,02	0,11
2,05	0,08
2,07	0,11
2,10	0,09
2,12	0,09
2,14	0,10
2,17	0,12
2,19	0,11
2,22	0,13
2,24	0,11
2,27	0,13
2,29	0,11
2,31	0,12
2,34	0,11
2,36	0,11
2,39	0,10
2,41	0,11
2,44	0,10
2,46	0,12
2,49	0,11
2,51	0,12
2,53	0,12
2,56	0,14
2,58	0,11
2,61	0,11
2,63	0,09
2,66	0,10
2,68	0,11
2,71	0,10
2,73	0,08
2,75	0,10
2,78	0,11
2,80	0,13
2,83	0,12
2,85	0,11
2,88	0,11
2,90	0,11
2,93	0,10
2,95	0,10
2,97	0,10
3,00	0,09
3,02	0,09
3,05	0,10
3,07	0,12
3,10	0,11
3,12	0,11
3,15	0,12
3,17	0,12
3,19	0,11
3,22	0,12
3,24	0,10
3,27	0,13
3,29	0,11
3,32	0,11
3,34	0,11
3,36	0,12
3,39	0,11
3,41	0,14
3,44	0,11
3,46	0,13
3,49	0,12
3,51	0,12
3,54	0,12
3,56	0,13
3,58	0,09
3,61	0,12
3,63	0,10
3,66	0,11
3,68	0,09
3,71	0,11
3,73	0,09
3,76	0,11
3,78	0,09
3,80	0,11
3,83	0,09
3,85	0,09
3,88	0,09
3,90	0,11
3,93	0,09
3,95	0,12
3,98	0,10
4,00	0,11
4,02	0,11
4,05	0,11
4,07	0,09
4,10	0,10
4,12	0,08
4,15	0,11
4,17	0,10
4,20	0,12
4,22	0,11
4,24	0,12
4,27	0,11
4,29	0,12
4,32	0,10
4,34	0,12
4,37	0,10
4,39	0,10
4,42	0,09
4,44	0,09
4,46	0,09
4,49	0,09
4,51	0,08
4,54	0,10
4,56	0,09
4,59	0,09
4,61	0,11
4,63	0,11
4,66	0,10
4,68	0,09
4,71	0,08
4,73	0,09
4,76	0,10
4,78	0,09
4,81	0,11
4,83	0,11
4,85	0,12
4,88	0,13
4,90	0,15
4,93	0,14
4,95	0,14
4,98	0,12
5,00	0,14
5,03	0,13
5,05	0,12
5,07	0,10
5,10	0,10
5,12	0,10
5,15	0,12
5,17	0,09
5,20	0,11
5,22	0,10
5,25	0,11
5,27	0,10
5,29	0,09
5,32	0,08
5,34	0,11
5,37	0,10
5,39	0,12
5,42	0,11
5,44	0,13
5,47	0,13
5,49	0,15
5,51	0,12
5,54	0,14
5,56	0,11
5,59	0,13
5,61	0,13
5,64	0,15
5,66	0,12
5,68	0,14
5,71	0,13
5,73	0,16
5,76	0,14
5,78	0,14
5,81	0,12
5,83	0,13
5,86	0,11
5,88	0,12
5,90	0,10
5,93	0,10
5,95	0,09
5,98	0,11
6,00	0,12
6,03	0,12
6,05	0,12
6,08	0,15
6,10	0,14
6,12	0,14
6,15	0,14
6,17	0,14
6,20	0,15
6,22	0,14
6,25	0,11
6,27	0,11
6,30	0,12
6,32	0,12
6,34	0,14
6,37	0,14
6,39	0,14
6,42	0,15
6,44	0,16
6,47	0,18
6,49	0,18
6,52	0,14
6,54	0,15
6,56	0,13
6,59	0,14
6,61	0,13
6,64	0,13
6,66	0,12
6,69	0,13
6,71	0,12
6,73	0,15
6,76	0,13
6,78	0,14
6,81	0,14
6,83	0,15
6,86	0,14
6,88	0,16
6,91	0,14
6,93	0,15
6,95	0,14
6,98	0,14
7,00	0,13
7,03	0,14
7,05	0,12
7,08	0,16
7,10	0,15
7,13	0,17
7,15	0,16
7,17	0,18
7,20	0,19
7,22	0,21
7,25	0,17
7,27	0,19
7,30	0,17
7,32	0,18
7,35	0,16
7,37	0,16
7,39	0,15
7,42	0,16
7,44	0,14
7,47	0,17
7,49	0,16
7,52	0,17
7,54	0,18
7,57	0,18
7,59	0,17
7,61	0,19
7,64	0,17
7,66	0,19
7,69	0,18
7,71	0,18
7,74	0,17
7,76	0,17
7,78	0,16
7,81	0,19
7,83	0,19
7,86	0,20
7,88	0,20
7,91	0,20
7,93	0,22
7,96	0,22
7,98	0,21
8,00	0,22
8,03	0,20
8,05	0,20
8,08	0,21
8,10	0,19
8,13	0,21
8,15	0,20
8,18	0,21
8,20	0,21
8,22	0,22
8,25	0,21
8,27	0,25
8,30	0,24
8,32	0,25
8,35	0,24
8,37	0,25
8,40	0,24
8,42	0,27
8,44	0,22
8,47	0,24
8,49	0,23
8,52	0,25
8,54	0,26
8,57	0,28
8,59	0,26
8,62	0,29
8,64	0,26
8,66	0,30
8,69	0,28
8,71	0,29
8,74	0,27
8,76	0,28
8,79	0,24
8,81	0,26
8,84	0,22
8,86	0,24
8,88	0,21
8,91	0,23
8,93	0,24
8,96	0,26
8,98	0,24
9,01	0,28
9,03	0,27
9,05	0,29
9,08	0,28
9,10	0,30
9,13	0,29
9,15	0,31
9,18	0,28
9,20	0,30
9,23	0,28
9,25	0,29
9,27	0,29
9,30	0,31
9,32	0,30
9,35	0,32
9,37	0,32
9,40	0,35
9,42	0,34
9,45	0,33
9,47	0,33
9,49	0,32
9,52	0,32
9,54	0,32
9,57	0,31
9,59	0,31
9,62	0,31
9,64	0,31
9,67	0,34
9,69	0,33
9,71	0,34
9,74	0,35
9,76	0,35
9,79	0,34
9,81	0,35
9,84	0,34
9,86	0,37
9,89	0,35
9,91	0,34
9,93	0,35
9,96	0,37
9,98	0,36
10,01	0,39
10,03	0,37
10,06	0,39
10,08	0,39
10,10	0,40
10,13	0,41
10,15	0,42
10,18	0,39
10,20	0,41
10,23	0,37
10,25	0,39
10,28	0,38
10,30	0,38
10,32	0,37
10,35	0,37
10,37	0,36
10,40	0,40
10,42	0,38
10,45	0,40
10,47	0,40
10,50	0,42
10,52	0,42
10,54	0,45
10,57	0,43
10,59	0,44
10,62	0,43
10,64	0,43
10,67	0,43
10,69	0,43
10,72	0,40
10,74	0,43
10,76	0,43
10,79	0,45
10,81	0,45
10,84	0,45
10,86	0,47
10,89	0,49
10,91	0,47
10,94	0,49
10,96	0,46
10,98	0,47
11,01	0,47
11,03	0,46
11,06	0,46
11,08	0,46
11,11	0,45
11,13	0,48
11,15	0,48
11,18	0,47
11,20	0,50
11,23	0,50
11,25	0,51
11,28	0,52
11,30	0,51
11,33	0,52
11,35	0,53
11,37	0,51
11,40	0,54
11,42	0,52
11,45	0,53
11,47	0,52
11,50	0,54
11,52	0,54
11,55	0,55
11,57	0,52
11,59	0,57
11,62	0,56
11,64	0,59
11,67	0,59
11,69	0,57
11,72	0,56
11,74	0,58
11,77	0,55
11,79	0,58
11,81	0,56
11,84	0,57
11,86	0,58
11,89	0,60
11,91	0,59
11,94	0,63
11,96	0,61
11,99	0,64
12,01	0,63
12,03	0,64
12,06	0,62
12,08	0,65
12,11	0,63
12,13	0,65
12,16	0,63
12,18	0,65
12,21	0,65
12,23	0,67
12,25	0,64
12,28	0,66
12,30	0,64
12,33	0,69
12,35	0,69
12,38	0,70
12,40	0,70
12,42	0,70
12,45	0,69
12,47	0,71
12,50	0,68
12,52	0,69
12,55	0,67
12,57	0,69
12,60	0,72
12,62	0,74
12,64	0,73
12,67	0,75
12,69	0,74
12,72	0,77
12,74	0,76
12,77	0,77
12,79	0,77
12,82	0,78
12,84	0,77
12,86	0,78
12,89	0,77
12,91	0,77
12,94	0,78
12,96	0,77
12,99	0,78
13,01	0,79
13,04	0,80
13,06	0,84
13,08	0,85
13,11	0,84
13,13	0,86
13,16	0,84
13,18	0,86
13,21	0,86
13,23	0,85
13,26	0,84
13,28	0,84
13,30	0,82
13,33	0,86
13,35	0,85
13,38	0,86
13,40	0,85
13,43	0,86
13,45	0,87
13,47	0,90
13,50	0,87
13,52	0,90
13,55	0,88
13,57	0,91
13,60	0,90
13,62	0,91
13,65	0,89
13,67	0,91
13,69	0,89
13,72	0,91
13,74	0,90
13,77	0,91
13,79	0,93
13,82	0,95
13,84	0,94
13,87	0,97
13,89	0,93
13,91	0,95
13,94	0,94
13,96	0,93
13,99	0,91
14,01	0,93
14,04	0,90
14,06	0,95
14,09	0,94
14,11	0,96
14,13	0,96
14,16	0,98
14,18	0,97
14,21	0,99
14,23	0,96
14,26	0,97
14,28	0,95
14,31	0,96
14,33	0,96
14,35	0,95
14,38	0,94
14,40	0,95
14,43	0,95
14,45	0,98
14,48	0,97
14,50	0,96
14,52	1,00
14,55	1,00
14,57	1,00
14,60	1,02
14,62	1,01
14,65	1,01
14,67	1,00
14,70	0,98
14,72	0,99
14,74	0,97
14,77	0,96
14,79	0,97
14,82	0,97
14,84	0,97
14,87	0,99
14,89	0,99
14,92	1,01
14,94	1,00
14,96	1,00
14,99	0,99
15,01	1,01
15,04	1,00
15,06	1,01
15,09	0,98
15,11	0,99
15,14	0,99
15,16	1,01
15,18	0,99
15,21	1,01
15,23	0,99
15,26	1,04
15,28	1,02
15,31	1,04
15,33	1,03
15,36	1,04
15,38	1,02
15,40	1,04
15,43	1,00
15,45	1,03
15,48	1,00
15,50	1,02
15,53	1,01
15,55	1,03
15,57	1,03
15,60	1,06
15,62	1,03
15,65	1,07
15,67	1,06
15,70	1,07
15,72	1,05
15,75	1,06
15,77	1,04
15,79	1,08
15,82	1,05
15,84	1,07
15,87	1,07
15,89	1,08
15,92	1,08
15,94	1,11
15,97	1,09
15,99	1,13
16,01	1,11
16,04	1,12
16,06	1,13
16,09	1,13
16,11	1,13
16,14	1,15
16,16	1,14
16,19	1,17
16,21	1,15
16,23	1,16
16,26	1,19
16,28	1,20
16,31	1,22
16,33	1,23
16,36	1,24
16,38	1,27
16,41	1,29
16,43	1,29
16,45	1,30
16,48	1,29
16,50	1,30
16,53	1,31
16,55	1,33
16,58	1,34
16,60	1,36
16,63	1,35
16,65	1,37
16,67	1,37
16,70	1,39
16,72	1,40
16,75	1,41
16,77	1,41
16,80	1,44
16,82	1,44
16,84	1,48
16,87	1,47
16,89	1,50
16,92	1,50
16,94	1,52
16,97	1,52
16,99	1,57
17,02	1,55
17,04	1,59
17,06	1,59
17,09	1,62
17,11	1,64
17,14	1,66
17,16	1,64
17,19	1,67
17,21	1,66
17,24	1,68
17,26	1,69
17,28	1,72
17,31	1,73
17,33	1,77
17,36	1,76
17,38	1,81
17,41	1,82
17,43	1,82
17,46	1,81
17,48	1,83
17,50	1,82
17,53	1,86
17,55	1,85
17,58	1,86
17,60	1,86
17,63	1,89
17,65	1,89
17,68	1,90
17,70	1,89
17,72	1,91
17,75	1,91
17,77	1,93
17,80	1,93
17,82	1,95
17,85	1,98
17,87	1,99
17,89	1,99
17,92	2,01
17,94	2,02
17,97	2,03
17,99	2,04
18,02	2,04
18,04	2,04
18,07	2,05
18,09	2,04
18,11	2,06
18,14	2,07
18,16	2,04
18,19	2,04
18,21	2,03
18,24	2,05
18,26	2,05
18,29	2,05
18,31	2,03
18,33	2,04
18,36	2,03
18,38	2,05
18,41	2,01
18,43	2,02
18,46	2,02
18,48	2,05
18,51	2,03
18,53	2,06
18,55	2,04
18,58	2,08
18,60	2,06
18,63	2,06
18,65	2,04
18,68	2,04
18,70	2,02
18,73	2,04
18,75	2,02
18,77	2,03
18,80	2,00
18,82	2,01
18,85	2,02
18,87	2,04
18,90	2,00
18,92	2,01
18,94	1,98
18,97	1,99
18,99	1,97
19,02	1,96
19,04	1,93
19,07	1,95
19,09	1,93
19,12	1,93
19,14	1,89
19,16	1,89
19,19	1,89
19,21	1,90
19,24	1,87
19,26	1,88
19,29	1,87
19,31	1,89
19,34	1,87
19,36	1,87
19,38	1,84
19,41	1,85
19,43	1,83
19,46	1,86
19,48	1,85
19,51	1,85
19,53	1,83
19,56	1,83
19,58	1,83
19,60	1,84
19,63	1,81
19,65	1,82
19,68	1,82
19,70	1,81
19,73	1,80
19,75	1,80
19,78	1,80
19,80	1,80
19,82	1,79
19,85	1,79
19,87	1,77
19,90	1,77
19,92	1,79
19,95	1,78
19,97	1,79
19,99	1,78
20,02	1,78
20,04	1,80
20,07	1,82
20,09	1,79
20,12	1,80
20,14	1,78
20,17	1,79
20,19	1,80
20,21	1,82
20,24	1,82
20,26	1,85
20,29	1,83
20,31	1,87
20,34	1,86
20,36	1,87
20,39	1,85
20,41	1,86
20,43	1,84
20,46	1,88
20,48	1,86
20,51	1,88
20,53	1,86
20,56	1,90
20,58	1,90
20,61	1,93
20,63	1,92
20,65	1,98
20,68	1,97
20,70	2,01
20,73	2,00
20,75	2,03
20,78	2,02
20,80	2,06
20,83	2,04
20,85	2,07
20,87	2,06
20,90	2,10
20,92	2,13
20,95	2,17
20,97	2,16
21,00	2,20
21,02	2,20
21,05	2,25
21,07	2,26
21,09	2,27
21,12	2,28
21,14	2,30
21,17	2,32
21,19	2,36
21,22	2,35
21,24	2,38
21,26	2,39
21,29	2,42
21,31	2,46
21,34	2,50
21,36	2,52
21,39	2,58
21,41	2,60
21,44	2,64
21,46	2,67
21,48	2,71
21,51	2,75
21,53	2,77
21,56	2,79
21,58	2,82
21,61	2,86
21,63	2,88
21,66	2,93
21,68	2,95
21,70	2,98
21,73	3,01
21,75	3,05
21,78	3,09
21,80	3,13
21,83	3,14
21,85	3,18
21,88	3,19
21,90	3,23
21,92	3,26
21,95	3,29
21,97	3,30
22,00	3,34
22,02	3,34
22,05	3,41
22,07	3,42
22,10	3,45
22,12	3,49
22,14	3,54
22,17	3,56
22,19	3,61
22,22	3,63
22,24	3,66
22,27	3,67
22,29	3,68
22,31	3,67
22,34	3,70
22,36	3,69
22,39	3,74
22,41	3,74
22,44	3,77
22,46	3,77
22,49	3,80
22,51	3,82
22,53	3,86
22,56	3,82
22,58	3,85
22,61	3,84
22,63	3,85
22,66	3,85
22,68	3,85
22,71	3,84
22,73	3,87
22,75	3,84
22,78	3,86
22,80	3,85
22,83	3,86
22,85	3,88
22,88	3,88
22,90	3,87
22,93	3,89
22,95	3,87
22,97	3,88
23,00	3,86
23,02	3,83
23,05	3,81
23,07	3,80
23,10	3,78
23,12	3,79
23,15	3,78
23,17	3,78
23,19	3,76
23,22	3,74
23,24	3,74
23,27	3,73
23,29	3,70
23,32	3,68
23,34	3,65
23,36	3,63
23,39	3,62
23,41	3,57
23,44	3,56
23,46	3,53
23,49	3,51
23,51	3,49
23,54	3,48
23,56	3,45
23,58	3,47
23,61	3,44
23,63	3,43
23,66	3,40
23,68	3,38
23,71	3,36
23,73	3,35
23,76	3,30
23,78	3,29
23,80	3,24
23,83	3,24
23,85	3,21
23,88	3,20
23,90	3,17
23,93	3,17
23,95	3,13
23,98	3,15
24,00	3,10
24,02	3,10
24,05	3,07
24,07	3,05
24,10	3,00
24,12	3,00
24,15	2,95
24,17	2,96
24,20	2,91
24,22	2,90
24,24	2,89
24,27	2,90
24,29	2,87
24,32	2,89
24,34	2,85
24,37	2,88
24,39	2,86
24,42	2,87
24,44	2,85
24,46	2,85
24,49	2,81
24,51	2,83
24,54	2,79
24,56	2,79
24,59	2,77
24,61	2,77
24,63	2,77
24,66	2,77
24,68	2,76
24,71	2,81
24,73	2,79
24,76	2,80
24,78	2,80
24,81	2,78
24,83	2,79
24,85	2,80
24,88	2,78
24,90	2,78
24,93	2,78
24,95	2,78
24,98	2,82
25,00	2,83
25,03	2,84
25,05	2,87
25,07	2,89
25,10	2,91
25,12	2,95
25,15	2,96
25,17	2,98
25,20	2,98
25,22	2,99
25,25	3,01
25,27	3,04
25,29	3,04
25,32	3,08
25,34	3,08
25,37	3,13
25,39	3,15
25,42	3,19
25,44	3,23
25,47	3,27
25,49	3,28
25,51	3,33
25,54	3,32
25,56	3,36
25,59	3,38
25,61	3,42
25,64	3,44
25,66	3,49
25,68	3,51
25,71	3,60
25,73	3,62
25,76	3,68
25,78	3,71
25,81	3,77
25,83	3,80
25,86	3,86
25,88	3,88
25,90	3,93
25,93	3,96
25,95	4,02
25,98	4,06
26,00	4,12
26,03	4,16
26,05	4,23
26,08	4,27
26,10	4,36
26,12	4,40
26,15	4,45
26,17	4,52
26,20	4,58
26,22	4,62
26,25	4,69
26,27	4,71
26,30	4,78
26,32	4,83
26,34	4,88
26,37	4,95
26,39	5,00
26,42	5,05
26,44	5,14
26,47	5,18
26,49	5,25
26,52	5,31
26,54	5,36
26,56	5,42
26,59	5,48
26,61	5,52
26,64	5,58
26,66	5,63
26,69	5,68
26,71	5,76
26,73	5,79
26,76	5,85
26,78	5,90
26,81	5,96
26,83	6,02
26,86	6,08
26,88	6,10
26,91	6,18
26,93	6,21
26,95	6,26
26,98	6,28
27,00	6,30
27,03	6,32
27,05	6,37
27,08	6,37
27,10	6,43
27,13	6,43
27,15	6,47
27,17	6,51
27,20	6,55
27,22	6,54
27,25	6,59
27,27	6,58
27,30	6,62
27,32	6,61
27,35	6,63
27,37	6,62
27,39	6,65
27,42	6,63
27,44	6,66
27,47	6,62
27,49	6,63
27,52	6,61
27,54	6,62
27,57	6,59
27,59	6,59
27,61	6,55
27,64	6,59
27,66	6,55
27,69	6,55
27,71	6,51
27,74	6,48
27,76	6,44
27,78	6,42
27,81	6,34
27,83	6,32
27,86	6,26
27,88	6,24
27,91	6,22
27,93	6,20
27,96	6,15
27,98	6,13
28,00	6,07
28,03	6,05
28,05	5,98
28,08	5,95
28,10	5,88
28,13	5,84
28,15	5,78
28,18	5,75
28,20	5,67
28,22	5,64
28,25	5,59
28,27	5,54
28,30	5,49
28,32	5,45
28,35	5,40
28,37	5,39
28,40	5,33
28,42	5,27
28,44	5,22
28,47	5,15
28,49	5,11
28,52	5,05
28,54	4,99
28,57	4,95
28,59	4,89
28,62	4,85
28,64	4,84
28,66	4,79
28,69	4,77
28,71	4,72
28,74	4,68
28,76	4,65
28,79	4,62
28,81	4,57
28,84	4,55
28,86	4,49
28,88	4,47
28,91	4,44
28,93	4,41
28,96	4,37
28,98	4,36
29,01	4,31
29,03	4,30
29,05	4,26
29,08	4,25
29,10	4,25
29,13	4,25
29,15	4,19
29,18	4,20
29,20	4,17
29,23	4,18
29,25	4,15
29,27	4,14
29,30	4,12
29,32	4,12
29,35	4,09
29,37	4,12
29,40	4,10
29,42	4,11
29,45	4,09
29,47	4,11
29,49	4,12
29,52	4,15
29,54	4,13
29,57	4,16
29,59	4,17
29,62	4,20
29,64	4,21
29,67	4,22
29,69	4,22
29,71	4,25
29,74	4,26
29,76	4,30
29,79	4,31
29,81	4,34
29,84	4,37
29,86	4,42
29,89	4,44
29,91	4,50
29,93	4,53
29,96	4,56
29,98	4,58
30,01	4,62
30,03	4,65
30,06	4,69
30,08	4,73
30,10	4,78
30,13	4,82
30,15	4,87
30,18	4,94
30,20	5,00
30,23	5,06
30,25	5,10
30,28	5,15
30,30	5,20
30,32	5,27
30,35	5,31
30,37	5,39
30,40	5,41
30,42	5,48
30,45	5,53
30,47	5,62
30,50	5,68
30,52	5,76
30,54	5,79
30,57	5,91
30,59	5,97
30,62	6,07
30,64	6,13
30,67	6,21
30,69	6,25
30,72	6,36
30,74	6,42
30,76	6,51
30,79	6,55
30,81	6,65
30,84	6,73
30,86	6,85
30,89	6,92
30,91	7,04
30,94	7,12
30,96	7,26
30,98	7,34
31,01	7,43
31,03	7,50
31,06	7,60
31,08	7,65
31,11	7,76
31,13	7,83
31,15	7,92
31,18	8,01
31,20	8,12
31,23	8,21
31,25	8,33
31,28	8,41
31,30	8,55
31,33	8,64
31,35	8,72
31,37	8,80
31,40	8,89
31,42	8,97
31,45	9,06
31,47	9,13
31,50	9,22
31,52	9,30
31,55	9,40
31,57	9,50
31,59	9,60
31,62	9,67
31,64	9,76
31,67	9,84
31,69	9,92
31,72	9,98
31,74	10,03
31,77	10,09
31,79	10,15
31,81	10,20
31,84	10,26
31,86	10,32
31,89	10,38
31,91	10,43
31,94	10,46
31,96	10,51
31,99	10,52
32,01	10,54
32,03	10,57
32,06	10,58
32,08	10,58
32,11	10,60
32,13	10,59
32,16	10,62
32,18	10,61
32,20	10,61
32,23	10,61
32,25	10,59
32,28	10,56
32,30	10,56
32,33	10,52
32,35	10,51
32,38	10,46
32,40	10,44
32,42	10,42
32,45	10,40
32,47	10,32
32,50	10,30
32,52	10,21
32,55	10,18
32,57	10,12
32,60	10,08
32,62	10,00
32,64	9,95
32,67	9,86
32,69	9,82
32,72	9,72
32,74	9,65
32,77	9,57
32,79	9,52
32,82	9,42
32,84	9,36
32,86	9,25
32,89	9,19
32,91	9,08
32,94	8,99
32,96	8,86
32,99	8,79
33,01	8,67
33,04	8,61
33,06	8,48
33,08	8,40
33,11	8,31
33,13	8,26
33,16	8,16
33,18	8,09
33,21	7,97
33,23	7,92
33,26	7,82
33,28	7,74
33,30	7,66
33,33	7,58
33,35	7,50
33,38	7,43
33,40	7,34
33,43	7,30
33,45	7,21
33,47	7,13
33,50	7,06
33,52	6,99
33,55	6,93
33,57	6,89
33,60	6,81
33,62	6,75
33,65	6,69
33,67	6,63
33,69	6,59
33,72	6,52
33,74	6,47
33,77	6,44
33,79	6,40
33,82	6,36
33,84	6,34
33,87	6,30
33,89	6,30
33,91	6,26
33,94	6,23
33,96	6,20
33,99	6,19
34,01	6,15
34,04	6,17
34,06	6,13
34,09	6,13
34,11	6,10
34,13	6,12
34,16	6,11
34,18	6,13
34,21	6,08
34,23	6,12
34,26	6,09
34,28	6,13
34,31	6,13
34,33	6,14
34,35	6,14
34,38	6,19
34,40	6,19
34,43	6,25
34,45	6,26
34,48	6,31
34,50	6,34
34,52	6,40
34,55	6,42
34,57	6,48
34,60	6,49
34,62	6,55
34,65	6,59
34,67	6,65
34,70	6,69
34,72	6,75
34,74	6,79
34,77	6,91
34,79	6,97
34,82	7,05
34,84	7,10
34,87	7,18
34,89	7,25
34,92	7,32
34,94	7,37
34,96	7,45
34,99	7,49
35,01	7,59
35,04	7,67
35,06	7,76
35,09	7,85
35,11	7,95
35,14	8,03
35,16	8,16
35,18	8,24
35,21	8,32
35,23	8,42
35,26	8,51
35,28	8,61
35,31	8,71
35,33	8,78
35,36	8,89
35,38	9,01
35,40	9,12
35,43	9,24
35,45	9,34
35,48	9,46
35,50	9,59
35,53	9,73
35,55	9,83
35,57	9,95
35,60	10,04
35,62	10,18
35,65	10,28
35,67	10,40
35,70	10,50
35,72	10,64
35,75	10,72
35,77	10,88
35,79	10,99
35,82	11,15
35,84	11,25
35,87	11,42
35,89	11,52
35,92	11,68
35,94	11,78
35,97	11,95
35,99	12,03
36,01	12,19
36,04	12,30
36,06	12,47
36,09	12,59
36,11	12,76
36,14	12,84
36,16	13,02
36,19	13,15
36,21	13,30
36,23	13,41
36,26	13,54
36,28	13,63
36,31	13,77
36,33	13,89
36,36	14,02
36,38	14,13
36,41	14,26
36,43	14,38
36,45	14,49
36,48	14,60
36,50	14,70
36,53	14,79
36,55	14,90
36,58	14,97
36,60	15,06
36,62	15,16
36,65	15,24
36,67	15,31
36,70	15,39
36,72	15,43
36,75	15,50
36,77	15,55
36,80	15,61
36,82	15,65
36,84	15,69
36,87	15,70
36,89	15,73
36,92	15,75
36,94	15,76
36,97	15,78
36,99	15,76
37,02	15,75
37,04	15,74
37,06	15,72
37,09	15,73
37,11	15,70
37,14	15,65
37,16	15,62
37,19	15,55
37,21	15,51
37,24	15,45
37,26	15,37
37,28	15,30
37,31	15,22
37,33	15,15
37,36	15,10
37,38	15,02
37,41	14,94
37,43	14,86
37,46	14,77
37,48	14,67
37,50	14,57
37,53	14,45
37,55	14,33
37,58	14,20
37,60	14,05
37,63	13,95
37,65	13,82
37,68	13,69
37,70	13,59
37,72	13,44
37,75	13,34
37,77	13,21
37,80	13,08
37,82	12,95
37,85	12,82
37,87	12,66
37,89	12,54
37,92	12,36
37,94	12,24
37,97	12,08
37,99	11,95
38,02	11,80
38,04	11,68
38,07	11,53
38,09	11,46
38,11	11,31
38,14	11,21
38,16	11,08
38,19	10,98
38,21	10,83
38,24	10,72
38,26	10,56
38,29	10,45
38,31	10,30
38,33	10,21
38,36	10,09
38,38	10,01
38,41	9,89
38,43	9,83
38,46	9,74
38,48	9,69
38,51	9,58
38,53	9,50
38,55	9,44
38,58	9,37
38,60	9,30
38,63	9,24
38,65	9,15
38,68	9,09
38,70	9,05
38,73	8,99
38,75	8,96
38,77	8,92
38,80	8,88
38,82	8,88
38,85	8,84
38,87	8,81
38,90	8,83
38,92	8,80
38,94	8,80
38,97	8,79
38,99	8,79
39,02	8,79
39,04	8,82
39,07	8,80
39,09	8,83
39,12	8,81
39,14	8,85
39,16	8,86
39,19	8,89
39,21	8,91
39,24	8,96
39,26	8,98
39,29	9,08
39,31	9,10
39,34	9,18
39,36	9,22
39,38	9,27
39,41	9,29
39,43	9,37
39,46	9,38
39,48	9,47
39,51	9,50
39,53	9,59
39,56	9,67
39,58	9,78
39,60	9,86
39,63	9,99
39,65	10,07
39,68	10,19
39,70	10,29
39,73	10,40
39,75	10,47
39,78	10,58
39,80	10,64
39,82	10,75
39,85	10,83
39,87	10,96
39,90	11,07
39,92	11,19
39,95	11,31
39,97	11,45
39,99	11,57
40,02	11,75
40,04	11,87
40,07	12,00
40,09	12,12
40,12	12,24
40,14	12,37
40,17	12,50
40,19	12,60
40,21	12,73
40,24	12,87
40,26	13,02
40,29	13,20
40,31	13,36
40,34	13,52
40,36	13,70
40,39	13,86
40,41	14,03
40,43	14,18
40,46	14,32
40,48	14,47
40,51	14,61
40,53	14,74
40,56	14,90
40,58	15,06
40,61	15,23
40,63	15,42
40,65	15,59
40,68	15,78
40,70	15,96
40,73	16,16
40,75	16,38
40,78	16,56
40,80	16,70
40,83	16,89
40,85	17,02
40,87	17,21
40,90	17,36
40,92	17,51
40,95	17,68
40,97	17,89
41,00	18,05
41,02	18,31
41,05	18,47
41,07	18,67
41,09	18,84
41,12	19,02
41,14	19,17
41,17	19,34
41,19	19,43
41,22	19,59
41,24	19,71
41,26	19,85
41,29	19,99
41,31	20,14
41,34	20,26
41,36	20,45
41,39	20,57
41,41	20,72
41,44	20,84
41,46	20,97
41,48	21,10
41,51	21,22
41,53	21,29
41,56	21,40
41,58	21,46
41,61	21,56
41,63	21,60
41,66	21,66
41,68	21,72
41,70	21,78
41,73	21,81
41,75	21,88
41,78	21,88
41,80	21,91
41,83	21,91
41,85	21,93
41,88	21,93
41,90	21,93
41,92	21,90
41,95	21,91
41,97	21,88
42,00	21,85
42,02	21,81
42,05	21,74
42,07	21,67
42,10	21,60
42,12	21,50
42,14	21,43
42,17	21,34
42,19	21,26
42,22	21,21
42,24	21,11
42,27	21,02
42,29	20,92
42,31	20,79
42,34	20,66
42,36	20,51
42,39	20,34
42,41	20,20
42,44	20,03
42,46	19,88
42,49	19,73
42,51	19,58
42,53	19,43
42,56	19,29
42,58	19,14
42,61	19,01
42,63	18,85
42,66	18,69
42,68	18,51
42,71	18,32
42,73	18,14
42,75	17,96
42,78	17,74
42,80	17,56
42,83	17,38
42,85	17,19
42,88	17,04
42,90	16,89
42,93	16,72
42,95	16,60
42,97	16,42
43,00	16,27
43,02	16,11
43,05	15,95
43,07	15,74
43,10	15,58
43,12	15,38
43,15	15,25
43,17	15,06
43,19	14,91
43,22	14,74
43,24	14,63
43,27	14,47
43,29	14,37
43,32	14,22
43,34	14,13
43,36	14,01
43,39	13,92
43,41	13,79
43,44	13,71
43,46	13,58
43,49	13,52
43,51	13,39
43,54	13,33
43,56	13,23
43,58	13,16
43,61	13,08
43,63	13,03
43,66	12,96
43,68	12,96
43,71	12,90
43,73	12,86
43,76	12,83
43,78	12,81
43,80	12,78
43,83	12,76
43,85	12,71
43,88	12,71
43,90	12,69
43,93	12,69
43,95	12,70
43,98	12,71
44,00	12,74
44,02	12,76
44,05	12,77
44,07	12,82
44,10	12,87
44,12	12,91
44,15	12,96
44,17	13,00
44,20	13,06
44,22	13,13
44,24	13,19
44,27	13,23
44,29	13,32
44,32	13,37
44,34	13,47
44,37	13,54
44,39	13,63
44,41	13,72
44,44	13,83
44,46	13,90
44,49	14,04
44,51	14,13
44,54	14,27
44,56	14,37
44,59	14,53
44,61	14,63
44,63	14,76
44,66	14,86
44,68	15,01
44,71	15,12
44,73	15,27
44,76	15,38
44,78	15,56
44,81	15,73
44,83	15,93
44,85	16,06
44,88	16,26
44,90	16,43
44,93	16,63
44,95	16,78
44,98	16,92
45,00	17,05
45,03	17,23
45,05	17,39
45,07	17,57
45,10	17,72
45,12	17,92
45,15	18,13
45,17	18,34
45,20	18,54
45,22	18,75
45,25	18,94
45,27	19,15
45,29	19,35
45,32	19,54
45,34	19,74
45,37	19,91
45,39	20,08
45,42	20,28
45,44	20,47
45,47	20,64
45,49	20,86
45,51	21,08
45,54	21,33
45,56	21,57
45,59	21,79
45,61	22,02
45,64	22,25
45,66	22,45
45,68	22,69
45,71	22,89
45,73	23,09
45,76	23,27
45,78	23,49
45,81	23,71
45,83	23,95
45,86	24,14
45,88	24,36
45,90	24,59
45,93	24,84
45,95	25,04
45,98	25,26
46,00	25,43
46,03	25,63
46,05	25,80
46,08	26,03
46,10	26,17
46,12	26,37
46,15	26,53
46,17	26,75
46,20	26,92
46,22	27,14
46,25	27,28
46,27	27,52
46,30	27,67
46,32	27,85
46,34	27,99
46,37	28,15
46,39	28,24
46,42	28,42
46,44	28,49
46,47	28,62
46,49	28,70
46,52	28,81
46,54	28,91
46,56	29,03
46,59	29,08
46,61	29,21
46,64	29,24
46,66	29,32
46,69	29,37
46,71	29,43
46,73	29,44
46,76	29,48
46,78	29,47
46,81	29,52
46,83	29,48
46,86	29,49
46,88	29,47
46,91	29,49
46,93	29,44
46,95	29,43
46,98	29,36
47,00	29,35
47,03	29,28
47,05	29,23
47,08	29,15
47,10	29,08
47,13	28,98
47,15	28,92
47,17	28,80
47,20	28,71
47,22	28,57
47,25	28,44
47,27	28,31
47,30	28,19
47,32	28,03
47,35	27,91
47,37	27,74
47,39	27,60
47,42	27,43
47,44	27,27
47,47	27,10
47,49	26,93
47,52	26,75
47,54	26,59
47,57	26,36
47,59	26,17
47,61	25,99
47,64	25,76
47,66	25,54
47,69	25,32
47,71	25,08
47,74	24,86
47,76	24,67
47,78	24,46
47,81	24,26
47,83	24,06
47,86	23,87
47,88	23,70
47,91	23,52
47,93	23,27
47,96	23,05
47,98	22,82
48,00	22,61
48,03	22,37
48,05	22,12
48,08	21,91
48,10	21,72
48,13	21,51
48,15	21,34
48,18	21,13
48,20	20,98
48,22	20,81
48,25	20,66
48,27	20,47
48,30	20,32
48,32	20,13
48,35	20,02
48,37	19,84
48,40	19,71
48,42	19,55
48,44	19,45
48,47	19,32
48,49	19,23
48,52	19,09
48,54	19,04
48,57	18,92
48,59	18,86
48,62	18,79
48,64	18,73
48,66	18,65
48,69	18,60
48,71	18,52
48,74	18,51
48,76	18,44
48,79	18,39
48,81	18,36
48,84	18,36
48,86	18,34
48,88	18,35
48,91	18,32
48,93	18,38
48,96	18,39
48,98	18,42
49,01	18,43
49,03	18,47
49,05	18,51
49,08	18,58
49,10	18,60
49,13	18,68
49,15	18,71
49,18	18,79
49,20	18,86
49,23	18,94
49,25	19,01
49,27	19,11
49,30	19,20
49,32	19,35
49,35	19,46
49,37	19,58
49,40	19,71
49,42	19,85
49,45	19,98
49,47	20,12
49,49	20,22
49,52	20,36
49,54	20,50
49,57	20,61
49,59	20,75
49,62	20,89
49,64	21,06
49,67	21,26
49,69	21,44
49,71	21,60
49,74	21,81
49,76	21,97
49,79	22,21
49,81	22,41
49,84	22,59
49,86	22,76
49,89	22,97
49,91	23,13
49,93	23,37
49,96	23,53
49,98	23,74
50,01	23,93
50,03	24,20
50,06	24,42
50,08	24,70
50,10	24,91
50,13	25,18
50,15	25,38
50,18	25,68
50,20	25,88
50,23	26,12
50,25	26,30
50,28	26,54
50,30	26,75
50,32	27,03
50,35	27,24
50,37	27,50
50,40	27,74
50,42	28,05
50,45	28,32
50,47	28,63
50,50	28,88
50,52	29,15
50,54	29,36
50,57	29,63
50,59	29,85
50,62	30,07
50,64	30,30
50,67	30,54
50,69	30,76
50,72	31,05
50,74	31,34
50,76	31,64
50,79	31,94
50,81	32,21
50,84	32,49
50,86	32,79
50,89	33,04
50,91	33,27
50,94	33,50
50,96	33,71
50,98	33,94
51,01	34,16
51,03	34,38
51,06	34,62
51,08	34,87
51,11	35,09
51,13	35,34
51,15	35,56
51,18	35,76
51,20	35,96
51,23	36,19
51,25	36,35
51,28	36,52
51,30	36,66
51,33	36,84
51,35	37,01
51,37	37,16
51,40	37,29
51,42	37,43
51,45	37,55
51,47	37,73
51,50	37,87
51,52	38,01
51,55	38,11
51,57	38,22
51,59	38,33
51,62	38,44
51,64	38,48
51,67	38,57
51,69	38,61
51,72	38,70
51,74	38,72
51,77	38,78
51,79	38,82
51,81	38,86
51,84	38,83
51,86	38,86
51,89	38,82
51,91	38,82
51,94	38,79
51,96	38,77
51,99	38,71
52,01	38,68
52,03	38,61
52,06	38,58
52,08	38,49
52,11	38,43
52,13	38,33
52,16	38,26
52,18	38,14
52,20	38,03
52,23	37,90
52,25	37,83
52,28	37,67
52,30	37,56
52,33	37,40
52,35	37,29
52,38	37,12
52,40	37,00
52,42	36,79
52,45	36,63
52,47	36,42
52,50	36,26
52,52	36,05
52,55	35,87
52,57	35,61
52,60	35,44
52,62	35,21
52,64	35,03
52,67	34,80
52,69	34,61
52,72	34,40
52,74	34,22
52,77	33,99
52,79	33,78
52,82	33,51
52,84	33,29
52,86	33,05
52,89	32,81
52,91	32,55
52,94	32,29
52,96	32,05
52,99	31,86
53,01	31,64
53,04	31,41
53,06	31,20
53,08	30,99
53,11	30,78
53,13	30,59
53,16	30,36
53,18	30,14
53,21	29,93
53,23	29,71
53,26	29,51
53,28	29,32
53,30	29,11
53,33	28,91
53,35	28,73
53,38	28,56
53,40	28,41
53,43	28,26
53,45	28,13
53,47	28,01
53,50	27,88
53,52	27,73
53,55	27,59
53,57	27,46
53,60	27,37
53,62	27,24
53,65	27,14
53,67	27,03
53,69	26,98
53,72	26,91
53,74	26,85
53,77	26,77
53,79	26,74
53,82	26,69
53,84	26,69
53,87	26,68
53,89	26,68
53,91	26,67
53,94	26,70
53,96	26,70
53,99	26,74
54,01	26,75
54,04	26,77
54,06	26,78
54,09	26,81
54,11	26,82
54,13	26,89
54,16	26,94
54,18	27,02
54,21	27,10
54,23	27,20
54,26	27,33
54,28	27,47
54,31	27,58
54,33	27,73
54,35	27,85
54,38	27,98
54,40	28,11
54,43	28,24
54,45	28,37
54,48	28,51
54,50	28,62
54,52	28,78
54,55	28,95
54,57	29,15
54,60	29,34
54,62	29,54
54,65	29,74
54,67	29,96
54,70	30,17
54,72	30,37
54,74	30,56
54,77	30,74
54,79	30,94
54,82	31,13
54,84	31,34
54,87	31,55
54,89	31,80
54,92	32,05
54,94	32,31
54,96	32,57
54,99	32,88
55,01	33,14
55,04	33,45
55,06	33,71
55,09	33,95
55,11	34,18
55,14	34,46
55,16	34,68
55,18	34,97
55,21	35,19
55,23	35,47
55,26	35,75
55,28	36,10
55,31	36,38
55,33	36,71
55,36	36,95
55,38	37,30
55,40	37,59
55,43	37,92
55,45	38,18
55,48	38,46
55,50	38,68
55,53	39,03
55,55	39,27
55,57	39,57
55,60	39,85
55,62	40,17
55,65	40,50
55,67	40,88
55,70	41,16
55,72	41,50
55,75	41,75
55,77	42,01
55,79	42,31
55,82	42,59
55,84	42,81
55,87	43,08
55,89	43,34
55,92	43,65
55,94	43,98
55,97	44,26
55,99	44,56
56,01	44,84
56,04	45,15
56,06	45,45
56,09	45,71
56,11	46,00
56,14	46,23
56,16	46,45
56,19	46,71
56,21	46,94
56,23	47,14
56,26	47,36
56,28	47,53
56,31	47,78
56,33	48,00
56,36	48,18
56,38	48,36
56,41	48,59
56,43	48,78
56,45	48,98
56,48	49,13
56,50	49,27
56,53	49,46
56,55	49,60
56,58	49,71
56,60	49,80
56,62	49,88
56,65	49,94
56,67	50,00
56,70	50,00
56,72	50,00
56,75	50,00
56,77	50,00
56,80	50,00
56,82	50,00
56,84	50,00
56,87	50,00
56,89	50,00
56,92	50,00
56,94	50,00
56,97	50,00
56,99	50,00
57,02	50,00
57,04	50,00
57,06	50,00
57,09	50,00
57,11	50,00
57,14	50,00
57,16	50,00
57,19	50,00
57,21	50,00
57,24	50,00
57,26	50,00
57,28	50,00
57,31	50,00
57,33	49,98
57,36	49,93
57,38	49,85
57,41	49,78
57,43	49,68
57,46	49,57
57,48	49,37
57,50	49,20
57,53	49,05
57,55	48,92
57,58	48,76
57,60	48,62
57,63	48,39
57,65	48,28
57,68	48,06
57,70	47,83
57,72	47,60
57,75	47,37
57,77	47,09
57,80	46,90
57,82	46,62
57,85	46,40
57,87	46,17
57,89	45,97
57,92	45,74
57,94	45,53
57,97	45,28
57,99	45,10
58,02	44,86
58,04	44,64
58,07	44,38
58,09	44,14
58,11	43,89
58,14	43,66
58,16	43,35
58,19	43,13
58,21	42,89
58,24	42,70
58,26	42,49
58,29	42,28
58,31	42,06
58,33	41,88
58,36	41,67
58,38	41,51
58,41	41,30
58,43	41,08
58,46	40,89
58,48	40,68
58,51	40,52
58,53	40,38
58,55	40,18
58,58	40,02
58,60	39,86
58,63	39,72
58,65	39,62
58,68	39,49
58,70	39,38
58,73	39,30
58,75	39,19
58,77	39,13
58,80	39,07
58,82	38,99
58,85	38,95
58,87	38,88
58,90	38,84
58,92	38,80
58,94	38,76
58,97	38,72
58,99	38,74
59,02	38,70
59,04	38,74
59,07	38,72
59,09	38,76
59,12	38,80
59,14	38,87
59,16	38,88
59,19	38,96
59,21	39,00
59,24	39,09
59,26	39,13
59,29	39,21
59,31	39,28
59,34	39,42
59,36	39,52
59,38	39,66
59,41	39,79
59,43	39,97
59,46	40,13
59,48	40,30
59,51	40,44
59,53	40,62
59,56	40,80
59,58	41,00
59,60	41,15
59,63	41,32
59,65	41,50
59,68	41,69
59,70	41,88
59,73	42,06
59,75	42,27
59,78	42,52
59,80	42,77
59,82	43,02
59,85	43,31
59,87	43,58
59,90	43,86
59,92	44,12
59,95	44,35
59,97	44,53
59,99	44,68
