U1/V	IA/nA
0,02	0,23
0,04	0,23
0,07	0,26
0,09	0,26
0,12	0,27
0,14	0,28
0,17	0,29
0,19	0,28
0,21	0,30
0,24	0,28
0,26	0,29
0,29	0,30
0,31	0,29
0,34	0,27
0,36	0,28
0,39	0,26
0,41	0,29
0,43	0,28
0,46	0,28
0,48	0,28
0,51	0,28
0,53	0,30
0,56	0,31
0,58	0,28
0,61	0,30
0,63	0,27
0,65	0,28
0,68	0,27
0,70	0,25
0,73	0,26
0,75	0,25
0,78	0,25
0,80	0,27
0,83	0,26
0,85	0,25
0,87	0,29
0,90	0,27
0,92	0,28
0,95	0,27
0,97	0,28
1,00	0,27
1,02	0,29
1,05	0,26
1,07	0,28
1,09	0,26
1,12	0,27
1,14	0,27
1,17	0,29
1,19	0,28
1,22	0,30
1,24	0,27
1,26	0,30
1,29	0,29
1,31	0,29
1,34	0,28
1,36	0,28
1,39	0,26
1,41	0,27
1,44	0,24
1,46	0,25
1,48	0,23
1,51	0,25
1,53	0,24
1,56	0,26
1,58	0,23
1,61	0,27
1,63	0,26
1,66	0,27
1,68	0,25
1,70	0,27
1,73	0,25
1,75	0,29
1,78	0,26
1,80	0,28
1,83	0,26
1,85	0,28
1,88	0,27
1,90	0,28
1,92	0,25
1,95	0,26
1,97	0,23
2,00	0,28
2,02	0,25
2,05	0,26
2,07	0,25
2,10	0,25
2,12	0,24
2,14	0,25
2,17	0,22
2,19	0,23
2,22	0,21
2,24	0,22
2,27	0,23
2,29	0,25
2,31	0,24
2,34	0,27
2,36	0,26
2,39	0,27
2,41	0,28
2,44	0,28
2,46	0,28
2,49	0,28
2,51	0,26
2,53	0,27
2,56	0,27
2,58	0,26
2,61	0,27
2,63	0,26
2,66	0,28
2,68	0,26
2,71	0,27
2,73	0,29
2,75	0,29
2,78	0,27
2,80	0,28
2,83	0,25
2,85	0,27
2,88	0,25
2,90	0,24
2,93	0,24
2,95	0,25
2,97	0,24
3,00	0,28
3,02	0,26
3,05	0,27
3,07	0,27
3,10	0,28
3,12	0,27
3,15	0,30
3,17	0,27
3,19	0,29
3,22	0,28
3,24	0,28
3,27	0,26
3,29	0,27
3,32	0,25
3,34	0,26
3,36	0,25
3,39	0,27
3,41	0,26
3,44	0,28
3,46	0,29
3,49	0,30
3,51	0,29
3,54	0,31
3,56	0,28
3,58	0,29
3,61	0,27
3,63	0,27
3,66	0,25
3,68	0,26
3,71	0,23
3,73	0,27
3,76	0,26
3,78	0,26
3,80	0,25
3,83	0,26
3,85	0,25
3,88	0,26
3,90	0,24
3,93	0,26
3,95	0,26
3,98	0,27
4,00	0,29
4,02	0,28
4,05	0,26
4,07	0,27
4,10	0,27
4,12	0,27
4,15	0,27
4,17	0,26
4,20	0,29
4,22	0,29
4,24	0,29
4,27	0,29
4,29	0,28
4,32	0,26
4,34	0,26
4,37	0,24
4,39	0,25
4,42	0,23
4,44	0,23
4,46	0,24
4,49	0,27
4,51	0,24
4,54	0,27
4,56	0,25
4,59	0,28
4,61	0,26
4,63	0,27
4,66	0,26
4,68	0,29
4,71	0,27
4,73	0,29
4,76	0,26
4,78	0,28
4,81	0,26
4,83	0,27
4,85	0,25
4,88	0,27
4,90	0,24
4,93	0,30
4,95	0,29
4,98	0,31
5,00	0,30
5,03	0,29
5,05	0,28
5,07	0,29
5,10	0,25
5,12	0,27
5,15	0,23
5,17	0,24
5,20	0,25
5,22	0,27
5,25	0,26
5,27	0,28
5,29	0,26
5,32	0,31
5,34	0,30
5,37	0,30
5,39	0,29
5,42	0,31
5,44	0,28
5,47	0,31
5,49	0,27
5,51	0,28
5,54	0,27
5,56	0,28
5,59	0,27
5,61	0,28
5,64	0,27
5,66	0,32
5,68	0,31
5,71	0,32
5,73	0,30
5,76	0,28
5,78	0,29
5,81	0,29
5,83	0,27
5,86	0,28
5,88	0,27
5,90	0,27
5,93	0,32
5,95	0,31
5,98	0,32
6,00	0,31
6,03	0,31
6,05	0,32
6,08	0,34
6,10	0,31
6,12	0,33
6,15	0,31
6,17	0,32
6,20	0,31
6,22	0,31
6,25	0,29
6,27	0,31
6,30	0,28
6,32	0,32
6,34	0,31
6,37	0,33
6,39	0,35
6,42	0,37
6,44	0,35
6,47	0,38
6,49	0,35
6,52	0,37
6,54	0,35
6,56	0,36
6,59	0,35
6,61	0,35
6,64	0,33
6,66	0,36
6,69	0,34
6,71	0,36
6,73	0,35
6,76	0,36
6,78	0,37
6,81	0,40
6,83	0,37
6,86	0,38
6,88	0,36
6,91	0,39
6,93	0,38
6,95	0,38
6,98	0,36
7,00	0,37
7,03	0,37
7,05	0,40
7,08	0,39
7,10	0,40
7,13	0,41
7,15	0,42
7,17	0,41
7,20	0,43
7,22	0,41
7,25	0,41
7,27	0,40
7,30	0,41
7,32	0,41
7,35	0,41
7,37	0,41
7,39	0,41
7,42	0,40
7,44	0,41
7,47	0,41
7,49	0,42
7,52	0,44
7,54	0,43
7,57	0,42
7,59	0,43
7,61	0,45
7,64	0,45
7,66	0,47
7,69	0,45
7,71	0,47
7,74	0,48
7,76	0,50
7,78	0,49
7,81	0,50
7,83	0,47
7,86	0,51
7,88	0,49
7,91	0,51
7,93	0,50
7,96	0,51
7,98	0,50
8,00	0,52
8,03	0,50
8,05	0,52
8,08	0,49
8,10	0,50
8,13	0,50
8,15	0,51
8,18	0,49
8,20	0,52
8,22	0,51
8,25	0,54
8,27	0,53
8,30	0,54
8,32	0,53
8,35	0,56
8,37	0,55
8,40	0,58
8,42	0,55
8,44	0,58
8,47	0,58
8,49	0,59
8,52	0,59
8,54	0,61
8,57	0,58
8,59	0,63
8,62	0,61
8,64	0,61
8,66	0,60
8,69	0,61
8,71	0,60
8,74	0,61
8,76	0,59
8,79	0,61
8,81	0,60
8,84	0,61
8,86	0,62
8,88	0,64
8,91	0,63
8,93	0,65
8,96	0,64
8,98	0,66
9,01	0,66
9,03	0,66
9,05	0,67
9,08	0,67
9,10	0,66
9,13	0,68
9,15	0,69
9,18	0,69
9,20	0,69
9,23	0,68
9,25	0,69
9,27	0,69
9,30	0,69
9,32	0,69
9,35	0,70
9,37	0,68
9,40	0,71
9,42	0,69
9,45	0,72
9,47	0,71
9,49	0,71
9,52	0,71
9,54	0,71
9,57	0,69
9,59	0,73
9,62	0,71
9,64	0,73
9,67	0,71
9,69	0,73
9,71	0,74
9,74	0,77
9,76	0,74
9,79	0,77
9,81	0,76
9,84	0,78
9,86	0,78
9,89	0,79
9,91	0,77
9,93	0,80
9,96	0,77
9,98	0,80
10,01	0,79
10,03	0,79
10,06	0,78
10,08	0,80
10,10	0,78
10,13	0,81
10,15	0,79
10,18	0,80
10,20	0,79
10,23	0,79
10,25	0,79
10,28	0,79
10,30	0,77
10,32	0,80
10,35	0,79
10,37	0,81
10,40	0,82
10,42	0,83
10,45	0,84
10,47	0,85
10,50	0,82
10,52	0,84
10,54	0,83
10,57	0,83
10,59	0,85
10,62	0,85
10,64	0,86
10,67	0,87
10,69	0,88
10,72	0,90
10,74	0,92
10,76	0,90
10,79	0,89
10,81	0,88
10,84	0,88
10,86	0,89
10,89	0,89
10,91	0,87
10,94	0,89
10,96	0,89
10,98	0,93
11,01	0,92
11,03	0,92
11,06	0,92
11,08	0,94
11,11	0,93
11,13	0,95
11,15	0,93
11,18	0,97
11,20	0,96
11,23	0,97
11,25	0,97
11,28	0,99
11,30	0,98
11,33	1,03
11,35	1,01
11,37	1,04
11,40	1,03
11,42	1,04
11,45	1,05
11,47	1,08
11,50	1,04
11,52	1,07
11,55	1,05
11,57	1,07
11,59	1,06
11,62	1,08
11,64	1,07
11,67	1,10
11,69	1,08
11,72	1,12
11,74	1,11
11,77	1,13
11,79	1,15
11,81	1,17
11,84	1,16
11,86	1,20
11,89	1,18
11,91	1,21
11,94	1,21
11,96	1,21
11,99	1,22
12,01	1,24
12,03	1,22
12,06	1,28
12,08	1,28
12,11	1,30
12,13	1,31
12,16	1,32
12,18	1,34
12,21	1,37
12,23	1,35
12,25	1,36
12,28	1,34
12,30	1,34
12,33	1,34
12,35	1,34
12,38	1,35
12,40	1,35
12,42	1,37
12,45	1,39
12,47	1,40
12,50	1,42
12,52	1,46
12,55	1,46
12,57	1,48
12,60	1,48
12,62	1,49
12,64	1,50
12,67	1,51
12,69	1,48
12,72	1,51
12,74	1,48
12,77	1,50
12,79	1,52
12,82	1,54
12,84	1,53
12,86	1,56
12,89	1,54
12,91	1,59
12,94	1,59
12,96	1,59
12,99	1,57
13,01	1,58
13,04	1,57
13,06	1,59
13,08	1,56
13,11	1,59
13,13	1,57
13,16	1,59
13,18	1,59
13,21	1,61
13,23	1,59
13,26	1,64
13,28	1,61
13,30	1,64
13,33	1,63
13,35	1,63
13,38	1,62
13,40	1,64
13,43	1,61
13,45	1,63
13,47	1,60
13,50	1,63
13,52	1,64
13,55	1,66
13,57	1,64
13,60	1,66
13,62	1,65
13,65	1,69
13,67	1,67
13,69	1,67
13,72	1,66
13,74	1,66
13,77	1,65
13,79	1,66
13,82	1,62
13,84	1,63
13,87	1,62
13,89	1,63
13,91	1,64
13,94	1,65
13,96	1,65
13,99	1,69
14,01	1,68
14,04	1,67
14,06	1,68
14,09	1,68
14,11	1,68
14,13	1,67
14,16	1,64
14,18	1,65
14,21	1,66
14,23	1,66
14,26	1,69
14,28	1,67
14,31	1,67
14,33	1,67
14,35	1,68
14,38	1,69
14,40	1,70
14,43	1,65
14,45	1,67
14,48	1,65
14,50	1,67
14,52	1,66
14,55	1,65
14,57	1,63
14,60	1,64
14,62	1,62
14,65	1,65
14,67	1,63
14,70	1,64
14,72	1,65
14,74	1,67
14,77	1,66
14,79	1,69
14,82	1,67
14,84	1,70
14,87	1,68
14,89	1,67
14,92	1,67
14,94	1,67
14,96	1,65
14,99	1,68
15,01	1,67
15,04	1,70
15,06	1,70
15,09	1,70
15,11	1,72
15,14	1,74
15,16	1,73
15,18	1,75
15,21	1,72
15,23	1,72
15,26	1,72
15,28	1,71
15,31	1,70
15,33	1,72
15,36	1,71
15,38	1,74
15,40	1,74
15,43	1,76
15,45	1,78
15,48	1,81
15,50	1,81
15,53	1,84
15,55	1,83
15,57	1,86
15,60	1,86
15,62	1,85
15,65	1,86
15,67	1,86
15,70	1,86
15,72	1,89
15,75	1,91
15,77	1,92
15,79	1,94
15,82	1,95
15,84	1,99
15,87	2,00
15,89	2,02
15,92	2,03
15,94	2,04
15,97	2,05
15,99	2,07
16,01	2,06
16,04	2,10
16,06	2,09
16,09	2,12
16,11	2,14
16,14	2,17
16,16	2,18
16,19	2,24
16,21	2,23
16,23	2,29
16,26	2,30
16,28	2,34
16,31	2,35
16,33	2,40
16,36	2,38
16,38	2,43
16,41	2,42
16,43	2,45
16,45	2,46
16,48	2,50
16,50	2,51
16,53	2,56
16,55	2,56
16,58	2,64
16,60	2,65
16,63	2,69
16,65	2,70
16,67	2,72
16,70	2,74
16,72	2,77
16,75	2,77
16,77	2,81
16,80	2,81
16,82	2,86
16,84	2,90
16,87	2,94
16,89	2,97
16,92	3,02
16,94	3,04
16,97	3,09
16,99	3,12
17,02	3,15
17,04	3,17
17,06	3,20
17,09	3,20
17,11	3,24
17,14	3,24
17,16	3,26
17,19	3,27
17,21	3,29
17,24	3,30
17,26	3,34
17,28	3,37
17,31	3,44
17,33	3,46
17,36	3,48
17,38	3,50
17,41	3,50
17,43	3,51
17,46	3,53
17,48	3,52
17,50	3,52
17,53	3,52
17,55	3,52
17,58	3,57
17,60	3,58
17,63	3,59
17,65	3,59
17,68	3,61
17,70	3,62
17,72	3,65
17,75	3,65
17,77	3,66
17,80	3,64
17,82	3,66
17,85	3,65
17,87	3,66
17,89	3,64
17,92	3,66
17,94	3,65
17,97	3,67
17,99	3,66
18,02	3,66
18,04	3,68
18,07	3,69
18,09	3,67
18,11	3,68
18,14	3,62
18,16	3,63
18,19	3,61
18,21	3,59
18,24	3,55
18,26	3,55
18,29	3,51
18,31	3,54
18,33	3,51
18,36	3,51
18,38	3,48
18,41	3,49
18,43	3,47
18,46	3,48
18,48	3,44
18,51	3,44
18,53	3,41
18,55	3,41
18,58	3,39
18,60	3,37
18,63	3,34
18,65	3,34
18,68	3,32
18,70	3,32
18,73	3,29
18,75	3,27
18,77	3,28
18,80	3,27
18,82	3,25
18,85	3,24
18,87	3,19
18,90	3,18
18,92	3,15
18,94	3,13
18,97	3,11
18,99	3,09
19,02	3,07
19,04	3,08
19,07	3,05
19,09	3,04
19,12	3,03
19,14	3,02
19,16	3,03
19,19	3,01
19,21	2,99
19,24	2,98
19,26	2,98
19,29	2,96
19,31	2,97
19,34	2,93
19,36	2,92
19,38	2,91
19,41	2,91
19,43	2,89
19,46	2,89
19,48	2,85
19,51	2,90
19,53	2,89
19,56	2,90
19,58	2,89
19,60	2,89
19,63	2,88
19,65	2,89
19,68	2,86
19,70	2,87
19,73	2,84
19,75	2,86
19,78	2,86
19,80	2,88
19,82	2,88
19,85	2,91
19,87	2,89
19,90	2,93
19,92	2,92
19,95	2,94
19,97	2,93
19,99	2,95
20,02	2,94
20,04	2,98
20,07	2,96
20,09	2,99
20,12	3,01
20,14	3,04
20,17	3,05
20,19	3,08
20,21	3,08
20,24	3,13
20,26	3,13
20,29	3,16
20,31	3,16
20,34	3,18
20,36	3,20
20,39	3,24
20,41	3,24
20,43	3,29
20,46	3,30
20,48	3,34
20,51	3,38
20,53	3,41
20,56	3,43
20,58	3,48
20,61	3,50
20,63	3,55
20,65	3,58
20,68	3,60
20,70	3,66
20,73	3,69
20,75	3,73
20,78	3,78
20,80	3,81
20,83	3,86
20,85	3,91
20,87	3,94
20,90	3,99
20,92	4,03
20,95	4,07
20,97	4,13
21,00	4,18
21,02	4,20
21,05	4,26
21,07	4,31
21,09	4,39
21,12	4,43
21,14	4,49
21,17	4,53
21,19	4,59
21,22	4,63
21,24	4,70
21,26	4,72
21,29	4,79
21,31	4,83
21,34	4,90
21,36	4,95
21,39	5,04
21,41	5,07
21,44	5,17
21,46	5,22
21,48	5,31
21,51	5,38
21,53	5,44
21,56	5,48
21,58	5,57
21,61	5,61
21,63	5,69
21,66	5,74
21,68	5,79
21,70	5,85
21,73	5,92
21,75	5,96
21,78	6,05
21,80	6,10
21,83	6,16
21,85	6,22
21,88	6,28
21,90	6,34
21,92	6,39
21,95	6,42
21,97	6,47
22,00	6,51
22,02	6,55
22,05	6,59
22,07	6,63
22,10	6,67
22,12	6,71
22,14	6,73
22,17	6,79
22,19	6,82
22,22	6,86
22,24	6,90
22,27	6,93
22,29	6,95
22,31	6,97
22,34	6,97
22,36	7,00
22,39	7,01
22,41	6,99
22,44	7,01
22,46	7,00
22,49	7,01
22,51	7,01
22,53	7,00
22,56	6,99
22,58	6,98
22,61	6,96
22,63	6,97
22,66	6,93
22,68	6,91
22,71	6,89
22,73	6,88
22,75	6,85
22,78	6,84
22,80	6,79
22,83	6,80
22,85	6,75
22,88	6,72
22,90	6,67
22,93	6,64
22,95	6,57
22,97	6,58
23,00	6,52
23,02	6,50
23,05	6,44
23,07	6,42
23,10	6,38
23,12	6,36
23,15	6,28
23,17	6,25
23,19	6,17
23,22	6,14
23,24	6,08
23,27	6,03
23,29	5,96
23,32	5,92
23,34	5,84
23,36	5,82
23,39	5,75
23,41	5,71
23,44	5,66
23,46	5,64
23,49	5,58
23,51	5,55
23,54	5,49
23,56	5,47
23,58	5,40
23,61	5,35
23,63	5,30
23,66	5,26
23,68	5,20
23,71	5,19
23,73	5,14
23,76	5,12
23,78	5,08
23,80	5,05
23,83	5,01
23,85	4,99
23,88	4,91
23,90	4,89
23,93	4,83
23,95	4,80
23,98	4,77
24,00	4,73
24,02	4,70
24,05	4,69
24,07	4,66
24,10	4,65
24,12	4,61
24,15	4,59
24,17	4,60
24,20	4,58
24,22	4,57
24,24	4,55
24,27	4,54
24,29	4,55
24,32	4,56
24,34	4,53
24,37	4,54
24,39	4,52
24,42	4,53
24,44	4,54
24,46	4,55
24,49	4,54
24,51	4,55
24,54	4,54
24,56	4,58
24,59	4,57
24,61	4,59
24,63	4,60
24,66	4,62
24,68	4,63
24,71	4,67
24,73	4,66
24,76	4,70
24,78	4,70
24,81	4,73
24,83	4,75
24,85	4,78
24,88	4,79
24,90	4,86
24,93	4,88
24,95	4,94
24,98	4,98
25,00	5,04
25,03	5,08
25,05	5,15
25,07	5,16
25,10	5,22
25,12	5,24
25,15	5,30
25,17	5,35
25,20	5,40
25,22	5,43
25,25	5,50
25,27	5,55
25,29	5,63
25,32	5,68
25,34	5,74
25,37	5,80
25,39	5,86
25,42	5,92
25,44	5,99
25,47	6,04
25,49	6,10
25,51	6,15
25,54	6,23
25,56	6,31
25,59	6,39
25,61	6,45
25,64	6,55
25,66	6,62
25,68	6,71
25,71	6,79
25,73	6,87
25,76	6,97
25,78	7,04
25,81	7,11
25,83	7,20
25,86	7,29
25,88	7,37
25,90	7,49
25,93	7,56
25,95	7,67
25,98	7,77
26,00	7,90
26,03	8,00
26,05	8,13
26,08	8,18
26,10	8,32
26,12	8,38
26,15	8,49
26,17	8,56
26,20	8,66
26,22	8,72
26,25	8,84
26,27	8,91
26,30	9,06
26,32	9,15
26,34	9,28
26,37	9,39
26,39	9,53
26,42	9,63
26,44	9,76
26,47	9,82
26,49	9,93
26,52	10,00
26,54	10,10
26,56	10,18
26,59	10,28
26,61	10,34
26,64	10,50
26,66	10,59
26,69	10,72
26,71	10,80
26,73	10,91
26,76	11,01
26,78	11,12
26,81	11,16
26,83	11,24
26,86	11,28
26,88	11,34
26,91	11,37
26,93	11,43
26,95	11,48
26,98	11,55
27,00	11,60
27,03	11,66
27,05	11,71
27,08	11,76
27,10	11,82
27,13	11,85
27,15	11,87
27,17	11,88
27,20	11,90
27,22	11,92
27,25	11,92
27,27	11,90
27,30	11,89
27,32	11,87
27,35	11,86
27,37	11,87
27,39	11,84
27,42	11,82
27,44	11,80
27,47	11,75
27,49	11,74
27,52	11,69
27,54	11,64
27,57	11,60
27,59	11,53
27,61	11,45
27,64	11,40
27,66	11,31
27,69	11,26
27,71	11,16
27,74	11,09
27,76	11,01
27,78	10,95
27,81	10,85
27,83	10,79
27,86	10,70
27,88	10,63
27,91	10,54
27,93	10,45
27,96	10,35
27,98	10,28
28,00	10,15
28,03	10,06
28,05	9,92
28,08	9,82
28,10	9,71
28,13	9,62
28,15	9,50
28,18	9,41
28,20	9,27
28,22	9,23
28,25	9,11
28,27	9,02
28,30	8,90
28,32	8,81
28,35	8,69
28,37	8,64
28,40	8,50
28,42	8,42
28,44	8,32
28,47	8,25
28,49	8,15
28,52	8,09
28,54	7,99
28,57	7,95
28,59	7,86
28,62	7,81
28,64	7,73
28,66	7,68
28,69	7,61
28,71	7,56
28,74	7,46
28,76	7,42
28,79	7,35
28,81	7,30
28,84	7,24
28,86	7,20
28,88	7,14
28,91	7,12
28,93	7,07
28,96	7,08
28,98	7,04
29,01	7,02
29,03	7,00
29,05	6,96
29,08	6,95
29,10	6,94
29,13	6,91
29,15	6,91
29,18	6,89
29,20	6,88
29,23	6,91
29,25	6,92
29,27	6,93
29,30	6,94
29,32	6,95
29,35	6,97
29,37	7,01
29,40	7,01
29,42	7,04
29,45	7,05
29,47	7,07
29,49	7,11
29,52	7,14
29,54	7,16
29,57	7,23
29,59	7,25
29,62	7,33
29,64	7,36
29,67	7,41
29,69	7,47
29,71	7,55
29,74	7,58
29,76	7,66
29,79	7,68
29,81	7,77
29,84	7,82
29,86	7,89
29,89	7,96
29,91	8,05
29,93	8,11
29,96	8,22
29,98	8,28
30,01	8,37
30,03	8,45
30,06	8,54
30,08	8,62
30,10	8,72
30,13	8,81
30,15	8,93
30,18	9,02
30,20	9,13
30,23	9,24
30,25	9,34
30,28	9,44
30,30	9,56
30,32	9,64
30,35	9,75
30,37	9,84
30,40	9,95
30,42	10,08
30,45	10,19
30,47	10,31
30,50	10,45
30,52	10,57
30,54	10,71
30,57	10,84
30,59	10,98
30,62	11,12
30,64	11,27
30,67	11,39
30,69	11,53
30,72	11,64
30,74	11,76
30,76	11,90
30,79	12,04
30,81	12,19
30,84	12,33
30,86	12,49
30,89	12,64
30,91	12,82
30,94	12,95
30,96	13,13
30,98	13,24
31,01	13,39
31,03	13,52
31,06	13,69
31,08	13,80
31,11	13,98
31,13	14,08
31,15	14,30
31,18	14,44
31,20	14,64
31,23	14,78
31,25	14,94
31,28	15,07
31,30	15,28
31,33	15,39
31,35	15,56
31,37	15,66
31,40	15,81
31,42	15,96
31,45	16,13
31,47	16,24
31,50	16,39
31,52	16,53
31,55	16,71
31,57	16,85
31,59	17,00
31,62	17,12
31,64	17,26
31,67	17,38
31,69	17,50
31,72	17,59
31,74	17,70
31,77	17,78
31,79	17,88
31,81	17,96
31,84	18,04
31,86	18,11
31,89	18,23
31,91	18,29
31,94	18,35
31,96	18,39
31,99	18,42
32,01	18,45
32,03	18,50
32,06	18,48
32,08	18,51
32,11	18,50
32,13	18,51
32,16	18,52
32,18	18,52
32,20	18,49
32,23	18,48
32,25	18,44
32,28	18,42
32,30	18,38
32,33	18,31
32,35	18,25
32,38	18,18
32,40	18,09
32,42	18,04
32,45	17,96
32,47	17,87
32,50	17,80
32,52	17,70
32,55	17,61
32,57	17,51
32,60	17,39
32,62	17,29
32,64	17,17
32,67	17,03
32,69	16,90
32,72	16,73
32,74	16,61
32,77	16,47
32,79	16,31
32,82	16,17
32,84	16,04
32,86	15,90
32,89	15,79
32,91	15,63
32,94	15,49
32,96	15,32
32,99	15,15
33,01	14,97
33,04	14,80
33,06	14,62
33,08	14,46
33,11	14,28
33,13	14,14
33,16	13,99
33,18	13,86
33,21	13,71
33,23	13,59
33,26	13,42
33,28	13,29
33,30	13,13
33,33	12,99
33,35	12,85
33,38	12,72
33,40	12,55
33,43	12,45
33,45	12,30
33,47	12,20
33,50	12,06
33,52	11,96
33,55	11,84
33,57	11,76
33,60	11,65
33,62	11,58
33,65	11,46
33,67	11,39
33,69	11,29
33,72	11,22
33,74	11,14
33,77	11,09
33,79	11,01
33,82	10,96
33,84	10,91
33,87	10,88
33,89	10,84
33,91	10,79
33,94	10,74
33,96	10,72
33,99	10,69
34,01	10,68
34,04	10,66
34,06	10,64
34,09	10,67
34,11	10,66
34,13	10,68
34,16	10,69
34,18	10,71
34,21	10,71
34,23	10,73
34,26	10,73
34,28	10,78
34,31	10,79
34,33	10,85
34,35	10,88
34,38	10,94
34,40	10,99
34,43	11,09
34,45	11,13
34,48	11,23
34,50	11,29
34,52	11,38
34,55	11,43
34,57	11,53
34,60	11,58
34,62	11,69
34,65	11,74
34,67	11,85
34,70	11,94
34,72	12,07
34,74	12,18
34,77	12,32
34,79	12,42
34,82	12,60
34,84	12,70
34,87	12,83
34,89	12,93
34,92	13,05
34,94	13,17
34,96	13,32
34,99	13,41
35,01	13,56
35,04	13,69
35,06	13,85
35,09	14,02
35,11	14,18
35,14	14,34
35,16	14,50
35,18	14,64
35,21	14,81
35,23	14,97
35,26	15,10
35,28	15,26
35,31	15,41
35,33	15,57
35,36	15,77
35,38	15,91
35,40	16,09
35,43	16,28
35,45	16,46
35,48	16,65
35,50	16,85
35,53	17,03
35,55	17,24
35,57	17,41
35,60	17,57
35,62	17,74
35,65	17,90
35,67	18,09
35,70	18,27
35,72	18,49
35,75	18,70
35,77	18,90
35,79	19,11
35,82	19,35
35,84	19,56
35,87	19,82
35,89	19,98
35,92	20,19
35,94	20,40
35,97	20,64
35,99	20,81
36,01	21,03
36,04	21,18
36,06	21,42
36,09	21,65
36,11	21,91
36,14	22,11
36,16	22,37
36,19	22,56
36,21	22,83
36,23	23,01
36,26	23,22
36,28	23,37
36,31	23,57
36,33	23,72
36,36	23,94
36,38	24,09
36,41	24,31
36,43	24,49
36,45	24,70
36,48	24,91
36,50	25,10
36,53	25,27
36,55	25,48
36,58	25,64
36,60	25,80
36,62	25,94
36,65	26,08
36,67	26,20
36,70	26,33
36,72	26,42
36,75	26,52
36,77	26,61
36,80	26,74
36,82	26,84
36,84	26,92
36,87	26,99
36,89	27,06
36,92	27,12
36,94	27,20
36,97	27,21
36,99	27,21
37,02	27,23
37,04	27,23
37,06	27,23
37,09	27,23
37,11	27,20
37,14	27,20
37,16	27,18
37,19	27,17
37,21	27,14
37,24	27,08
37,26	27,03
37,28	26,97
37,31	26,90
37,33	26,84
37,36	26,76
37,38	26,68
37,41	26,61
37,43	26,51
37,46	26,39
37,48	26,23
37,50	26,09
37,53	25,93
37,55	25,77
37,58	25,59
37,60	25,43
37,63	25,27
37,65	25,15
37,68	24,99
37,70	24,83
37,72	24,65
37,75	24,47
37,77	24,27
37,80	24,07
37,82	23,85
37,85	23,61
37,87	23,39
37,89	23,16
37,92	22,93
37,94	22,72
37,97	22,46
37,99	22,28
38,02	22,09
38,04	21,89
38,07	21,66
38,09	21,50
38,11	21,27
38,14	21,10
38,16	20,82
38,19	20,59
38,21	20,35
38,24	20,15
38,26	19,91
38,29	19,73
38,31	19,49
38,33	19,33
38,36	19,14
38,38	18,99
38,41	18,81
38,43	18,64
38,46	18,43
38,48	18,31
38,51	18,11
38,53	17,95
38,55	17,75
38,58	17,61
38,60	17,47
38,63	17,37
38,65	17,22
38,68	17,14
38,70	17,04
38,73	16,97
38,75	16,89
38,77	16,82
38,80	16,73
38,82	16,67
38,85	16,59
38,87	16,53
38,90	16,48
38,92	16,41
38,94	16,37
38,97	16,34
38,99	16,31
39,02	16,32
39,04	16,31
39,07	16,31
39,09	16,33
39,12	16,32
39,14	16,36
39,16	16,38
39,19	16,40
39,21	16,45
39,24	16,49
39,26	16,51
39,29	16,59
39,31	16,62
39,34	16,70
39,36	16,77
39,38	16,85
39,41	16,90
39,43	17,02
39,46	17,07
39,48	17,21
39,51	17,28
39,53	17,40
39,56	17,50
39,58	17,66
39,60	17,77
39,63	17,94
39,65	18,04
39,68	18,21
39,70	18,35
39,73	18,50
39,75	18,64
39,78	18,79
39,80	18,90
39,82	19,07
39,85	19,20
39,87	19,38
39,90	19,55
39,92	19,73
39,95	19,91
39,97	20,10
39,99	20,30
40,02	20,50
40,04	20,67
40,07	20,85
40,09	21,03
40,12	21,21
40,14	21,42
40,17	21,59
40,19	21,77
40,21	21,99
40,24	22,22
40,26	22,45
40,29	22,70
40,31	22,92
40,34	23,18
40,36	23,41
40,39	23,64
40,41	23,90
40,43	24,11
40,46	24,32
40,48	24,57
40,51	24,78
40,53	25,00
40,56	25,24
40,58	25,47
40,61	25,76
40,63	26,04
40,65	26,28
40,68	26,57
40,70	26,84
40,73	27,14
40,75	27,42
40,78	27,66
40,80	27,87
40,83	28,12
40,85	28,34
40,87	28,64
40,90	28,86
40,92	29,12
40,95	29,39
40,97	29,72
41,00	30,00
41,02	30,34
41,05	30,59
41,07	30,90
41,09	31,15
41,12	31,43
41,14	31,64
41,17	31,92
41,19	32,11
41,22	32,40
41,24	32,57
41,26	32,82
41,29	33,05
41,31	33,32
41,34	33,55
41,36	33,80
41,39	33,98
41,41	34,28
41,44	34,48
41,46	34,73
41,48	34,90
41,51	35,09
41,53	35,29
41,56	35,48
41,58	35,61
41,61	35,81
41,63	35,93
41,66	36,13
41,68	36,31
41,70	36,48
41,73	36,63
41,75	36,80
41,78	36,91
41,80	37,05
41,83	37,15
41,85	37,22
41,88	37,30
41,90	37,37
41,92	37,41
41,95	37,48
41,97	37,52
42,00	37,56
42,02	37,61
42,05	37,62
42,07	37,64
42,10	37,65
42,12	37,65
42,14	37,65
42,17	37,64
42,19	37,62
42,22	37,58
42,24	37,54
42,27	37,50
42,29	37,44
42,31	37,35
42,34	37,28
42,36	37,19
42,39	37,10
42,41	37,02
42,44	36,89
42,46	36,76
42,49	36,62
42,51	36,48
42,53	36,35
42,56	36,21
42,58	36,03
42,61	35,88
42,63	35,70
42,66	35,53
42,68	35,33
42,71	35,12
42,73	34,90
42,75	34,69
42,78	34,46
42,80	34,26
42,83	33,99
42,85	33,74
42,88	33,52
42,90	33,29
42,93	33,04
42,95	32,82
42,97	32,55
43,00	32,34
43,02	32,10
43,05	31,84
43,07	31,57
43,10	31,31
43,12	31,01
43,15	30,78
43,17	30,49
43,19	30,24
43,22	29,96
43,24	29,73
43,27	29,47
43,29	29,27
43,32	28,98
43,34	28,78
43,36	28,52
43,39	28,31
43,41	28,05
43,44	27,82
43,46	27,56
43,49	27,35
43,51	27,10
43,54	26,93
43,56	26,73
43,58	26,56
43,61	26,38
43,63	26,21
43,66	26,04
43,68	25,92
43,71	25,74
43,73	25,58
43,76	25,43
43,78	25,31
43,80	25,21
43,83	25,12
43,85	25,00
43,88	24,94
43,90	24,86
43,93	24,79
43,95	24,74
43,98	24,68
44,00	24,64
44,02	24,60
44,05	24,55
44,07	24,53
44,10	24,52
44,12	24,51
44,15	24,53
44,17	24,53
44,20	24,58
44,22	24,60
44,24	24,66
44,27	24,73
44,29	24,80
44,32	24,81
44,34	24,89
44,37	24,91
44,39	24,99
44,41	25,05
44,44	25,15
44,46	25,23
44,49	25,37
44,51	25,47
44,54	25,67
44,56	25,79
44,59	25,98
44,61	26,12
44,63	26,28
44,66	26,40
44,68	26,58
44,71	26,70
44,73	26,88
44,76	27,03
44,78	27,21
44,81	27,42
44,83	27,63
44,85	27,81
44,88	28,05
44,90	28,29
44,93	28,54
44,95	28,73
44,98	28,93
45,00	29,17
45,03	29,39
45,05	29,61
45,07	29,84
45,10	30,03
45,12	30,30
45,15	30,56
45,17	30,81
45,20	31,11
45,22	31,39
45,25	31,66
45,27	31,96
45,29	32,24
45,32	32,48
45,34	32,77
45,37	33,00
45,39	33,26
45,42	33,54
45,44	33,79
45,47	34,06
45,49	34,41
45,51	34,71
45,54	35,06
45,56	35,33
45,59	35,67
45,61	36,00
45,64	36,38
45,66	36,67
45,68	36,96
45,71	37,21
45,73	37,57
45,76	37,84
45,78	38,16
45,81	38,41
45,83	38,75
45,86	39,09
45,88	39,46
45,90	39,76
45,93	40,15
45,95	40,47
45,98	40,86
46,00	41,11
46,03	41,43
46,05	41,70
46,08	42,05
46,10	42,28
46,12	42,59
46,15	42,84
46,17	43,22
46,20	43,54
46,22	43,90
46,25	44,15
46,27	44,50
46,30	44,77
46,32	45,11
46,34	45,39
46,37	45,63
46,39	45,87
46,42	46,16
46,44	46,38
46,47	46,71
46,49	46,91
46,52	47,14
46,54	47,39
46,56	47,64
46,59	47,88
46,61	48,11
46,64	48,33
46,66	48,55
46,69	48,76
46,71	48,95
46,73	49,16
46,76	49,34
46,78	49,53
46,81	49,65
46,83	49,75
46,86	49,85
46,88	49,94
46,91	49,98
46,93	50,00
46,95	50,00
46,98	50,00
47,00	50,00
47,03	50,00
47,05	50,00
47,08	50,00
47,10	50,00
47,13	50,00
47,15	50,00
47,17	50,00
47,20	50,00
47,22	50,00
47,25	50,00
47,27	50,00
47,30	50,00
47,32	50,00
47,35	50,00
47,37	50,00
47,39	50,00
47,42	50,00
47,44	50,00
47,47	50,00
47,49	50,00
47,52	50,00
47,54	50,00
47,57	50,00
47,59	50,00
47,61	50,00
47,64	49,98
47,66	49,96
47,69	49,90
47,71	49,81
47,74	49,70
47,76	49,59
47,78	49,43
47,81	49,26
47,83	49,07
47,86	48,89
47,88	48,66
47,91	48,44
47,93	48,22
47,96	47,95
47,98	47,70
48,00	47,41
48,03	47,09
48,05	46,85
48,08	46,52
48,10	46,21
48,13	45,95
48,15	45,63
48,18	45,36
48,20	45,10
48,22	44,77
48,25	44,51
48,27	44,16
48,30	43,85
48,32	43,52
48,35	43,20
48,37	42,85
48,40	42,56
48,42	42,23
48,44	42,00
48,47	41,69
48,49	41,46
48,52	41,19
48,54	40,96
48,57	40,69
48,59	40,50
48,62	40,19
48,64	39,95
48,66	39,70
48,69	39,45
48,71	39,20
48,74	38,99
48,76	38,74
48,79	38,52
48,81	38,31
48,84	38,13
48,86	37,96
48,88	37,82
48,91	37,66
48,93	37,55
48,96	37,47
48,98	37,37
49,01	37,26
49,03	37,16
49,05	37,09
49,08	37,02
49,10	36,95
49,13	36,91
49,15	36,87
49,18	36,86
49,20	36,84
49,23	36,83
49,25	36,83
49,27	36,81
49,30	36,81
49,32	36,84
49,35	36,88
49,37	36,92
49,40	37,00
49,42	37,06
49,45	37,18
49,47	37,27
49,49	37,37
49,52	37,47
49,54	37,58
49,57	37,64
49,59	37,77
49,62	37,84
49,64	38,00
49,67	38,14
49,69	38,31
49,71	38,46
49,74	38,68
49,76	38,82
49,79	39,09
49,81	39,27
49,84	39,46
49,86	39,66
49,89	39,91
49,91	40,11
49,93	40,34
49,96	40,52
49,98	40,78
50,01	41,04
50,03	41,32
50,06	41,57
50,08	41,82
50,10	42,12
50,13	42,42
50,15	42,73
50,18	43,04
50,20	43,29
50,23	43,55
50,25	43,89
50,28	44,17
50,30	44,46
50,32	44,71
50,35	44,98
50,37	45,31
50,40	45,66
50,42	45,98
50,45	46,36
50,47	46,70
50,50	47,09
50,52	47,48
50,54	47,80
50,57	48,15
50,59	48,52
50,62	48,82
50,64	49,15
50,67	49,39
50,69	49,59
50,72	49,79
50,74	49,90
50,76	49,97
50,79	50,00
50,81	50,00
50,84	50,00
50,86	50,00
50,89	50,00
50,91	50,00
50,94	50,00
50,96	50,00
50,98	50,00
51,01	50,00
51,03	50,00
51,06	50,00
51,08	50,00
51,11	50,00
51,13	50,00
51,15	50,00
51,18	50,00
51,20	50,00
51,23	50,00
51,25	50,00
51,28	50,00
51,30	50,00
51,33	50,00
51,35	50,00
51,37	50,00
51,40	50,00
51,42	50,00
51,45	50,00
51,47	50,00
51,50	50,00
51,52	50,00
51,55	50,00
51,57	50,00
51,59	50,00
51,62	50,00
51,64	50,00
51,67	50,00
51,69	50,00
51,72	50,00
51,74	50,00
51,77	50,00
51,79	50,00
51,81	50,00
51,84	50,00
51,86	50,00
51,89	50,00
51,91	50,00
51,94	50,00
51,96	50,00
51,99	50,00
52,01	50,00
52,03	50,00
52,06	50,00
52,08	50,00
52,11	50,00
52,13	50,00
52,16	50,00
52,18	50,00
52,20	50,00
52,23	50,00
52,25	50,00
52,28	50,00
52,30	50,00
52,33	50,00
52,35	50,00
52,38	50,00
52,40	50,00
52,42	50,00
52,45	50,00
52,47	50,00
52,50	50,00
52,52	50,00
52,55	50,00
52,57	50,00
52,60	50,00
52,62	50,00
52,64	50,00
52,67	50,00
52,69	50,00
52,72	50,00
52,74	50,00
52,77	50,00
52,79	50,00
52,82	50,00
52,84	50,00
52,86	50,00
52,89	50,00
52,91	50,00
52,94	50,00
52,96	50,00
52,99	50,00
53,01	50,00
53,04	50,00
53,06	50,00
53,08	50,00
53,11	50,00
53,13	50,00
53,16	50,00
53,18	50,00
53,21	50,00
53,23	50,00
53,26	50,00
53,28	50,00
53,30	50,00
53,33	50,00
53,35	50,00
53,38	50,00
53,40	50,00
53,43	50,00
53,45	50,00
53,47	50,00
53,50	50,00
53,52	50,00
53,55	50,00
53,57	50,00
53,60	50,00
53,62	50,00
53,65	50,00
53,67	50,00
53,69	50,00
53,72	50,00
53,74	50,00
53,77	50,00
53,79	50,00
53,82	50,00
53,84	50,00
53,87	50,00
53,89	50,00
53,91	50,00
53,94	50,00
53,96	50,00
53,99	50,00
54,01	50,00
54,04	50,00
54,06	50,00
54,09	50,00
54,11	50,00
54,13	50,00
54,16	50,00
54,18	50,00
54,21	50,00
54,23	50,00
54,26	50,00
54,28	50,00
54,31	50,00
54,33	50,00
54,35	50,00
54,38	50,00
54,40	50,00
54,43	50,00
54,45	50,00
54,48	50,00
54,50	50,00
54,52	50,00
54,55	50,00
54,57	50,00
54,60	50,00
54,62	50,00
54,65	50,00
54,67	50,00
54,70	50,00
54,72	50,00
54,74	50,00
54,77	50,00
54,79	50,00
54,82	50,00
54,84	50,00
54,87	50,00
54,89	50,00
54,92	50,00
54,94	50,00
54,96	50,00
54,99	50,00
55,01	50,00
55,04	50,00
55,06	50,00
55,09	50,00
55,11	50,00
55,14	50,00
55,16	50,00
55,18	50,00
55,21	50,00
55,23	50,00
55,26	50,00
55,28	50,00
55,31	50,00
55,33	50,00
55,36	50,00
55,38	50,00
55,40	50,00
55,43	50,00
55,45	50,00
55,48	50,00
55,50	50,00
55,53	50,00
55,55	50,00
55,57	50,00
55,60	50,00
55,62	50,00
55,65	50,00
55,67	50,00
55,70	50,00
55,72	50,00
55,75	50,00
55,77	50,00
55,79	50,00
55,82	50,00
55,84	50,00
55,87	50,00
55,89	50,00
55,92	50,00
55,94	50,00
55,97	50,00
55,99	50,00
56,01	50,00
56,04	50,00
56,06	50,00
56,09	50,00
56,11	50,00
56,14	50,00
56,16	50,00
56,19	50,00
56,21	50,00
56,23	50,00
56,26	50,00
56,28	50,00
56,31	50,00
56,33	50,00
56,36	50,00
56,38	50,00
56,41	50,00
56,43	50,00
56,45	50,00
56,48	50,00
56,50	50,00
56,53	50,00
56,55	50,00
56,58	50,00
56,60	50,00
56,62	50,00
56,65	50,00
56,67	50,00
56,70	50,00
56,72	50,00
56,75	50,00
56,77	50,00
56,80	50,00
56,82	50,00
56,84	50,00
56,87	50,00
56,89	50,00
56,92	50,00
56,94	50,00
56,97	50,00
56,99	50,00
57,02	50,00
57,04	50,00
57,06	50,00
57,09	50,00
57,11	50,00
57,14	50,00
57,16	50,00
57,19	50,00
57,21	50,00
57,24	50,00
57,26	50,00
57,28	50,00
57,31	50,00
57,33	50,00
57,36	50,00
57,38	50,00
57,41	50,00
57,43	50,00
57,46	50,00
57,48	50,00
57,50	50,00
57,53	50,00
57,55	50,00
57,58	50,00
57,60	50,00
57,63	50,00
57,65	50,00
57,68	50,00
57,70	50,00
57,72	50,00
57,75	50,00
57,77	50,00
57,80	50,00
57,82	50,00
57,85	50,00
57,87	50,00
57,89	50,00
57,92	50,00
57,94	50,00
57,97	50,00
57,99	50,00
58,02	50,00
58,04	50,00
58,07	50,00
58,09	50,00
58,11	50,00
58,14	50,00
58,16	50,00
58,19	50,00
58,21	50,00
58,24	50,00
58,26	50,00
58,29	50,00
58,31	50,00
58,33	50,00
58,36	50,00
58,38	50,00
58,41	50,00
58,43	50,00
58,46	50,00
58,48	50,00
58,51	50,00
58,53	50,00
58,55	50,00
58,58	50,00
58,60	50,00
58,63	50,00
58,65	50,00
58,68	50,00
58,70	50,00
58,73	50,00
58,75	50,00
58,77	50,00
58,80	50,00
58,82	50,00
58,85	50,00
58,87	50,00
58,90	50,00
58,92	50,00
58,94	50,00
58,97	50,00
58,99	50,00
59,02	50,00
59,04	50,00
59,07	50,00
59,09	50,00
59,12	50,00
59,14	50,00
59,16	50,00
59,19	50,00
59,21	50,00
59,24	50,00
59,26	50,00
59,29	50,00
59,31	50,00
59,34	50,00
59,36	50,00
59,38	50,00
59,41	50,00
59,43	50,00
59,46	50,00
59,48	50,00
59,51	50,00
59,53	50,00
59,56	50,00
59,58	50,00
59,60	50,00
59,63	50,00
59,65	50,00
59,68	50,00
59,70	50,00
59,73	50,00
59,75	50,00
59,78	50,00
59,80	50,00
59,82	50,00
59,85	50,00
59,87	50,00
59,90	50,00
59,92	50,00
59,95	50,00
59,97	50,00
59,99	50,00
