U1/V	IA/nA
0,02	0,35
0,04	0,36
0,07	0,31
0,09	0,30
0,12	0,26
0,14	0,30
0,17	0,27
0,19	0,30
0,21	0,26
0,24	0,32
0,26	0,29
0,29	0,33
0,31	0,29
0,34	0,31
0,36	0,27
0,39	0,31
0,41	0,26
0,43	0,29
0,46	0,25
0,48	0,27
0,51	0,27
0,53	0,30
0,56	0,27
0,58	0,32
0,61	0,28
0,63	0,31
0,65	0,29
0,68	0,32
0,70	0,28
0,73	0,30
0,75	0,26
0,78	0,29
0,80	0,27
0,83	0,29
0,85	0,27
0,87	0,28
0,90	0,27
0,92	0,28
0,95	0,27
0,97	0,31
1,00	0,30
1,02	0,30
1,05	0,30
1,07	0,27
1,09	0,28
1,12	0,28
1,14	0,27
1,17	0,25
1,19	0,24
1,22	0,24
1,24	0,28
1,26	0,26
1,29	0,27
1,31	0,26
1,34	0,29
1,36	0,29
1,39	0,32
1,41	0,29
1,44	0,31
1,46	0,28
1,48	0,28
1,51	0,26
1,53	0,27
1,56	0,25
1,58	0,29
1,61	0,25
1,63	0,29
1,66	0,26
1,68	0,29
1,70	0,29
1,73	0,32
1,75	0,28
1,78	0,31
1,80	0,25
1,83	0,30
1,85	0,26
1,88	0,28
1,90	0,24
1,92	0,27
1,95	0,24
1,97	0,30
2,00	0,26
2,02	0,29
2,05	0,28
2,07	0,31
2,10	0,29
2,12	0,32
2,14	0,28
2,17	0,31
2,19	0,29
2,22	0,30
2,24	0,28
2,27	0,29
2,29	0,25
2,31	0,28
2,34	0,26
2,36	0,29
2,39	0,27
2,41	0,27
2,44	0,27
2,46	0,30
2,49	0,28
2,51	0,31
2,53	0,27
2,56	0,29
2,58	0,27
2,61	0,27
2,63	0,26
2,66	0,27
2,68	0,26
2,71	0,28
2,73	0,27
2,75	0,27
2,78	0,30
2,80	0,30
2,83	0,31
2,85	0,30
2,88	0,30
2,90	0,29
2,93	0,33
2,95	0,30
2,97	0,32
3,00	0,28
3,02	0,29
3,05	0,28
3,07	0,31
3,10	0,28
3,12	0,30
3,15	0,26
3,17	0,33
3,19	0,31
3,22	0,34
3,24	0,31
3,27	0,32
3,29	0,28
3,32	0,31
3,34	0,26
3,36	0,29
3,39	0,25
3,41	0,28
3,44	0,27
3,46	0,31
3,49	0,27
3,51	0,30
3,54	0,26
3,56	0,30
3,58	0,26
3,61	0,29
3,63	0,25
3,66	0,30
3,68	0,25
3,71	0,28
3,73	0,23
3,76	0,28
3,78	0,24
3,80	0,29
3,83	0,24
3,85	0,28
3,88	0,25
3,90	0,34
3,93	0,30
3,95	0,33
3,98	0,29
4,00	0,29
4,02	0,27
4,05	0,30
4,07	0,24
4,10	0,27
4,12	0,23
4,15	0,25
4,17	0,26
4,20	0,28
4,22	0,26
4,24	0,28
4,27	0,25
4,29	0,29
4,32	0,29
4,34	0,30
4,37	0,30
4,39	0,29
4,42	0,27
4,44	0,29
4,46	0,28
4,49	0,28
4,51	0,28
4,54	0,26
4,56	0,27
4,59	0,27
4,61	0,29
4,63	0,31
4,66	0,32
4,68	0,30
4,71	0,32
4,73	0,28
4,76	0,31
4,78	0,28
4,81	0,28
4,83	0,25
4,85	0,27
4,88	0,25
4,90	0,31
4,93	0,27
4,95	0,30
4,98	0,26
5,00	0,29
5,03	0,27
5,05	0,31
5,07	0,26
5,10	0,31
5,12	0,26
5,15	0,31
5,17	0,29
5,20	0,31
5,22	0,26
5,25	0,32
5,27	0,27
5,29	0,32
5,32	0,29
5,34	0,32
5,37	0,31
5,39	0,35
5,42	0,30
5,44	0,35
5,47	0,31
5,49	0,34
5,51	0,30
5,54	0,31
5,56	0,29
5,59	0,32
5,61	0,28
5,64	0,31
5,66	0,28
5,68	0,30
5,71	0,28
5,73	0,32
5,76	0,29
5,78	0,31
5,81	0,28
5,83	0,31
5,86	0,31
5,88	0,33
5,90	0,33
5,93	0,32
5,95	0,31
5,98	0,32
6,00	0,32
6,03	0,34
6,05	0,34
6,08	0,32
6,10	0,33
6,12	0,33
6,15	0,35
6,17	0,35
6,20	0,36
6,22	0,33
6,25	0,34
6,27	0,34
6,30	0,37
6,32	0,34
6,34	0,35
6,37	0,32
6,39	0,34
6,42	0,33
6,44	0,37
6,47	0,34
6,49	0,38
6,52	0,35
6,54	0,37
6,56	0,34
6,59	0,37
6,61	0,34
6,64	0,38
6,66	0,32
6,69	0,36
6,71	0,33
6,73	0,37
6,76	0,34
6,78	0,38
6,81	0,33
6,83	0,39
6,86	0,35
6,88	0,39
6,91	0,36
6,93	0,40
6,95	0,37
6,98	0,40
7,00	0,37
7,03	0,41
7,05	0,36
7,08	0,39
7,10	0,36
7,13	0,41
7,15	0,37
7,17	0,42
7,20	0,38
7,22	0,44
7,25	0,41
7,27	0,44
7,30	0,40
7,32	0,44
7,35	0,41
7,37	0,46
7,39	0,42
7,42	0,46
7,44	0,44
7,47	0,46
7,49	0,45
7,52	0,47
7,54	0,43
7,57	0,47
7,59	0,45
7,61	0,46
7,64	0,46
7,66	0,46
7,69	0,45
7,71	0,47
7,74	0,46
7,76	0,46
7,78	0,44
7,81	0,43
7,83	0,46
7,86	0,48
7,88	0,49
7,91	0,48
7,93	0,49
7,96	0,50
7,98	0,54
8,00	0,52
8,03	0,53
8,05	0,50
8,08	0,52
8,10	0,53
8,13	0,56
8,15	0,54
8,18	0,56
8,20	0,53
8,22	0,58
8,25	0,57
8,27	0,58
8,30	0,57
8,32	0,59
8,35	0,56
8,37	0,60
8,40	0,56
8,42	0,61
8,44	0,58
8,47	0,61
8,49	0,59
8,52	0,61
8,54	0,57
8,57	0,62
8,59	0,59
8,62	0,62
8,64	0,58
8,66	0,61
8,69	0,60
8,71	0,65
8,74	0,61
8,76	0,64
8,79	0,62
8,81	0,65
8,84	0,65
8,86	0,68
8,88	0,63
8,91	0,66
8,93	0,62
8,96	0,67
8,98	0,65
9,01	0,66
9,03	0,64
9,05	0,67
9,08	0,67
9,10	0,70
9,13	0,68
9,15	0,69
9,18	0,67
9,20	0,68
9,23	0,69
9,25	0,68
9,27	0,67
9,30	0,70
9,32	0,68
9,35	0,69
9,37	0,71
9,40	0,72
9,42	0,74
9,45	0,73
9,47	0,71
9,49	0,72
9,52	0,73
9,54	0,73
9,57	0,75
9,59	0,73
9,62	0,74
9,64	0,75
9,67	0,76
9,69	0,76
9,71	0,78
9,74	0,74
9,76	0,76
9,79	0,73
9,81	0,76
9,84	0,75
9,86	0,76
9,89	0,73
9,91	0,77
9,93	0,75
9,96	0,80
9,98	0,75
10,01	0,78
10,03	0,76
10,06	0,80
10,08	0,77
10,10	0,81
10,13	0,78
10,15	0,82
10,18	0,79
10,20	0,81
10,23	0,79
10,25	0,81
10,28	0,79
10,30	0,84
10,32	0,82
10,35	0,85
10,37	0,84
10,40	0,87
10,42	0,85
10,45	0,88
10,47	0,84
10,50	0,88
10,52	0,85
10,54	0,88
10,57	0,86
10,59	0,87
10,62	0,84
10,64	0,87
10,67	0,83
10,69	0,87
10,72	0,83
10,74	0,85
10,76	0,87
10,79	0,90
10,81	0,89
10,84	0,91
10,86	0,90
10,89	0,93
10,91	0,93
10,94	0,94
10,96	0,93
10,98	0,94
11,01	0,93
11,03	0,97
11,06	0,96
11,08	0,98
11,11	0,98
11,13	0,97
11,15	0,99
11,18	1,00
11,20	1,00
11,23	1,02
11,25	1,01
11,28	1,00
11,30	1,01
11,33	0,99
11,35	1,01
11,37	1,00
11,40	1,01
11,42	1,01
11,45	1,04
11,47	1,04
11,50	1,09
11,52	1,08
11,55	1,10
11,57	1,09
11,59	1,11
11,62	1,10
11,64	1,12
11,67	1,09
11,69	1,12
11,72	1,10
11,74	1,14
11,77	1,14
11,79	1,18
11,81	1,17
11,84	1,21
11,86	1,19
11,89	1,25
11,91	1,23
11,94	1,24
11,96	1,22
11,99	1,25
12,01	1,22
12,03	1,26
12,06	1,23
12,08	1,27
12,11	1,25
12,13	1,28
12,16	1,26
12,18	1,30
12,21	1,28
12,23	1,34
12,25	1,32
12,28	1,36
12,30	1,36
12,33	1,40
12,35	1,39
12,38	1,42
12,40	1,38
12,42	1,42
12,45	1,40
12,47	1,42
12,50	1,43
12,52	1,44
12,55	1,43
12,57	1,45
12,60	1,44
12,62	1,48
12,64	1,48
12,67	1,46
12,69	1,46
12,72	1,47
12,74	1,48
12,77	1,49
12,79	1,48
12,82	1,49
12,84	1,49
12,86	1,49
12,89	1,52
12,91	1,53
12,94	1,55
12,96	1,56
12,99	1,57
13,01	1,57
13,04	1,62
13,06	1,60
13,08	1,61
13,11	1,60
13,13	1,60
13,16	1,59
13,18	1,61
13,21	1,58
13,23	1,63
13,26	1,61
13,28	1,63
13,30	1,61
13,33	1,65
13,35	1,64
13,38	1,68
13,40	1,63
13,43	1,66
13,45	1,62
13,47	1,66
13,50	1,63
13,52	1,65
13,55	1,63
13,57	1,65
13,60	1,61
13,62	1,67
13,65	1,64
13,67	1,67
13,69	1,66
13,72	1,69
13,74	1,67
13,77	1,70
13,79	1,66
13,82	1,69
13,84	1,66
13,87	1,66
13,89	1,64
13,91	1,65
13,94	1,62
13,96	1,65
13,99	1,63
14,01	1,66
14,04	1,64
14,06	1,66
14,09	1,67
14,11	1,69
14,13	1,67
14,16	1,69
14,18	1,65
14,21	1,66
14,23	1,64
14,26	1,64
14,28	1,62
14,31	1,63
14,33	1,62
14,35	1,65
14,38	1,64
14,40	1,64
14,43	1,67
14,45	1,68
14,48	1,68
14,50	1,68
14,52	1,67
14,55	1,67
14,57	1,68
14,60	1,65
14,62	1,66
14,65	1,63
14,67	1,63
14,70	1,62
14,72	1,64
14,74	1,64
14,77	1,65
14,79	1,63
14,82	1,68
14,84	1,68
14,87	1,70
14,89	1,68
14,92	1,68
14,94	1,65
14,96	1,68
14,99	1,64
15,01	1,67
15,04	1,64
15,06	1,67
15,09	1,66
15,11	1,69
15,14	1,67
15,16	1,72
15,18	1,70
15,21	1,74
15,23	1,71
15,26	1,74
15,28	1,72
15,31	1,76
15,33	1,72
15,36	1,76
15,38	1,72
15,40	1,76
15,43	1,75
15,45	1,78
15,48	1,75
15,50	1,80
15,53	1,77
15,55	1,85
15,57	1,84
15,60	1,87
15,62	1,85
15,65	1,87
15,67	1,86
15,70	1,90
15,72	1,86
15,75	1,89
15,77	1,87
15,79	1,90
15,82	1,93
15,84	1,96
15,87	1,94
15,89	1,99
15,92	1,99
15,94	2,02
15,97	2,04
15,99	2,06
16,01	2,07
16,04	2,10
16,06	2,09
16,09	2,11
16,11	2,12
16,14	2,14
16,16	2,16
16,19	2,17
16,21	2,20
16,23	2,22
16,26	2,26
16,28	2,32
16,31	2,35
16,33	2,35
16,36	2,39
16,38	2,37
16,41	2,42
16,43	2,42
16,45	2,44
16,48	2,43
16,50	2,47
16,53	2,47
16,55	2,56
16,58	2,56
16,60	2,62
16,63	2,63
16,65	2,68
16,67	2,70
16,70	2,76
16,72	2,74
16,75	2,80
16,77	2,80
16,80	2,86
16,82	2,87
16,84	2,91
16,87	2,92
16,89	2,98
16,92	2,98
16,94	3,04
16,97	3,04
16,99	3,09
17,02	3,12
17,04	3,17
17,06	3,17
17,09	3,22
17,11	3,18
17,14	3,22
17,16	3,22
17,19	3,25
17,21	3,25
17,24	3,30
17,26	3,29
17,28	3,36
17,31	3,35
17,33	3,40
17,36	3,40
17,38	3,45
17,41	3,45
17,43	3,49
17,46	3,47
17,48	3,50
17,50	3,50
17,53	3,53
17,55	3,52
17,58	3,52
17,60	3,52
17,63	3,54
17,65	3,54
17,68	3,57
17,70	3,56
17,72	3,57
17,75	3,60
17,77	3,61
17,80	3,61
17,82	3,62
17,85	3,61
17,87	3,60
17,89	3,59
17,92	3,56
17,94	3,58
17,97	3,57
17,99	3,57
18,02	3,57
18,04	3,58
18,07	3,56
18,09	3,58
18,11	3,54
18,14	3,56
18,16	3,53
18,19	3,52
18,21	3,51
18,24	3,53
18,26	3,50
18,29	3,53
18,31	3,48
18,33	3,49
18,36	3,46
18,38	3,46
18,41	3,41
18,43	3,41
18,46	3,35
18,48	3,40
18,51	3,34
18,53	3,36
18,55	3,32
18,58	3,32
18,60	3,28
18,63	3,29
18,65	3,23
18,68	3,26
18,70	3,20
18,73	3,21
18,75	3,18
18,77	3,19
18,80	3,15
18,82	3,16
18,85	3,11
18,87	3,13
18,90	3,09
18,92	3,10
18,94	3,06
18,97	3,08
18,99	3,04
19,02	3,05
19,04	2,99
19,07	3,01
19,09	2,96
19,12	2,96
19,14	2,93
19,16	2,94
19,19	2,91
19,21	2,95
19,24	2,92
19,26	2,92
19,29	2,89
19,31	2,90
19,34	2,88
19,36	2,89
19,38	2,84
19,41	2,84
19,43	2,80
19,46	2,80
19,48	2,80
19,51	2,81
19,53	2,81
19,56	2,81
19,58	2,80
19,60	2,82
19,63	2,83
19,65	2,82
19,68	2,83
19,70	2,80
19,73	2,80
19,75	2,81
19,78	2,82
19,80	2,81
19,82	2,84
19,85	2,81
19,87	2,84
19,90	2,84
19,92	2,86
19,95	2,89
19,97	2,91
19,99	2,89
20,02	2,93
20,04	2,92
20,07	2,97
20,09	2,96
20,12	2,98
20,14	2,97
20,17	3,00
20,19	2,98
20,21	3,03
20,24	3,02
20,26	3,07
20,29	3,05
20,31	3,10
20,34	3,11
20,36	3,17
20,39	3,15
20,41	3,21
20,43	3,21
20,46	3,27
20,48	3,28
20,51	3,33
20,53	3,32
20,56	3,37
20,58	3,36
20,61	3,43
20,63	3,43
20,65	3,47
20,68	3,51
20,70	3,57
20,73	3,60
20,75	3,67
20,78	3,70
20,80	3,75
20,83	3,78
20,85	3,83
20,87	3,86
20,90	3,90
20,92	3,92
20,95	3,98
20,97	4,01
21,00	4,06
21,02	4,12
21,05	4,18
21,07	4,24
21,09	4,30
21,12	4,32
21,14	4,38
21,17	4,44
21,19	4,49
21,22	4,57
21,24	4,59
21,26	4,64
21,29	4,70
21,31	4,78
21,34	4,84
21,36	4,92
21,39	4,93
21,41	5,04
21,44	5,08
21,46	5,17
21,48	5,21
21,51	5,28
21,53	5,30
21,56	5,40
21,58	5,41
21,61	5,51
21,63	5,53
21,66	5,61
21,68	5,64
21,70	5,73
21,73	5,75
21,75	5,85
21,78	5,88
21,80	5,98
21,83	6,01
21,85	6,10
21,88	6,13
21,90	6,22
21,92	6,24
21,95	6,33
21,97	6,35
22,00	6,41
22,02	6,42
22,05	6,49
22,07	6,50
22,10	6,56
22,12	6,54
22,14	6,62
22,17	6,62
22,19	6,67
22,22	6,67
22,24	6,71
22,27	6,71
22,29	6,77
22,31	6,76
22,34	6,79
22,36	6,76
22,39	6,78
22,41	6,78
22,44	6,80
22,46	6,79
22,49	6,81
22,51	6,79
22,53	6,83
22,56	6,81
22,58	6,82
22,61	6,80
22,63	6,79
22,66	6,76
22,68	6,77
22,71	6,74
22,73	6,73
22,75	6,69
22,78	6,68
22,80	6,64
22,83	6,62
22,85	6,57
22,88	6,55
22,90	6,50
22,93	6,46
22,95	6,41
22,97	6,36
23,00	6,34
23,02	6,29
23,05	6,26
23,07	6,21
23,10	6,16
23,12	6,11
23,15	6,11
23,17	6,04
23,19	6,01
23,22	5,93
23,24	5,91
23,27	5,86
23,29	5,84
23,32	5,74
23,34	5,73
23,36	5,65
23,39	5,63
23,41	5,57
23,44	5,56
23,46	5,48
23,49	5,47
23,51	5,37
23,54	5,36
23,56	5,28
23,58	5,25
23,61	5,16
23,63	5,15
23,66	5,06
23,68	5,06
23,71	4,98
23,73	4,99
23,76	4,91
23,78	4,91
23,80	4,84
23,83	4,83
23,85	4,75
23,88	4,77
23,90	4,69
23,93	4,69
23,95	4,63
23,98	4,63
24,00	4,59
24,02	4,60
24,05	4,52
24,07	4,52
24,10	4,48
24,12	4,49
24,15	4,47
24,17	4,48
24,20	4,43
24,22	4,45
24,24	4,43
24,27	4,46
24,29	4,43
24,32	4,41
24,34	4,39
24,37	4,39
24,39	4,37
24,42	4,39
24,44	4,37
24,46	4,36
24,49	4,35
24,51	4,35
24,54	4,38
24,56	4,38
24,59	4,39
24,61	4,41
24,63	4,44
24,66	4,45
24,68	4,50
24,71	4,52
24,73	4,57
24,76	4,57
24,78	4,59
24,81	4,60
24,83	4,65
24,85	4,65
24,88	4,71
24,90	4,71
24,93	4,78
24,95	4,80
24,98	4,87
25,00	4,90
25,03	4,97
25,05	4,94
25,07	5,03
25,10	5,03
25,12	5,10
25,15	5,10
25,17	5,17
25,20	5,18
25,22	5,27
25,25	5,28
25,27	5,40
25,29	5,42
25,32	5,52
25,34	5,56
25,37	5,67
25,39	5,70
25,42	5,81
25,44	5,82
25,47	5,92
25,49	5,96
25,51	6,04
25,54	6,06
25,56	6,16
25,59	6,19
25,61	6,32
25,64	6,37
25,66	6,49
25,68	6,55
25,71	6,65
25,73	6,73
25,76	6,84
25,78	6,89
25,81	6,99
25,83	7,03
25,86	7,11
25,88	7,18
25,90	7,26
25,93	7,34
25,95	7,45
25,98	7,53
26,00	7,64
26,03	7,74
26,05	7,86
26,08	7,99
26,10	8,10
26,12	8,19
26,15	8,27
26,17	8,37
26,20	8,46
26,22	8,57
26,25	8,65
26,27	8,76
26,30	8,84
26,32	8,96
26,34	9,08
26,37	9,20
26,39	9,30
26,42	9,42
26,44	9,49
26,47	9,62
26,49	9,70
26,52	9,79
26,54	9,87
26,56	9,97
26,59	10,02
26,61	10,13
26,64	10,21
26,66	10,34
26,69	10,41
26,71	10,51
26,73	10,58
26,76	10,69
26,78	10,76
26,81	10,88
26,83	10,91
26,86	11,00
26,88	11,04
26,91	11,12
26,93	11,16
26,95	11,23
26,98	11,23
27,00	11,31
27,03	11,33
27,05	11,40
27,08	11,42
27,10	11,47
27,13	11,48
27,15	11,52
27,17	11,51
27,20	11,57
27,22	11,57
27,25	11,57
27,27	11,55
27,30	11,53
27,32	11,50
27,35	11,51
27,37	11,45
27,39	11,43
27,42	11,38
27,44	11,36
27,47	11,33
27,49	11,30
27,52	11,23
27,54	11,22
27,57	11,15
27,59	11,12
27,61	11,06
27,64	11,01
27,66	10,94
27,69	10,88
27,71	10,77
27,74	10,71
27,76	10,60
27,78	10,52
27,81	10,43
27,83	10,34
27,86	10,26
27,88	10,18
27,91	10,09
27,93	10,03
27,96	9,94
27,98	9,83
28,00	9,74
28,03	9,61
28,05	9,51
28,08	9,41
28,10	9,29
28,13	9,17
28,15	9,05
28,18	8,95
28,20	8,88
28,22	8,78
28,25	8,69
28,27	8,61
28,30	8,53
28,32	8,46
28,35	8,39
28,37	8,29
28,40	8,22
28,42	8,13
28,44	8,03
28,47	7,93
28,49	7,86
28,52	7,76
28,54	7,69
28,57	7,60
28,59	7,55
28,62	7,48
28,64	7,43
28,66	7,38
28,69	7,34
28,71	7,27
28,74	7,24
28,76	7,14
28,79	7,11
28,81	7,03
28,84	6,99
28,86	6,93
28,88	6,90
28,91	6,83
28,93	6,84
28,96	6,78
28,98	6,78
29,01	6,75
29,03	6,75
29,05	6,72
29,08	6,73
29,10	6,69
29,13	6,70
29,15	6,67
29,18	6,67
29,20	6,66
29,23	6,66
29,25	6,66
29,27	6,68
29,30	6,69
29,32	6,73
29,35	6,73
29,37	6,75
29,40	6,79
29,42	6,83
29,45	6,84
29,47	6,88
29,49	6,89
29,52	6,93
29,54	6,95
29,57	6,98
29,59	7,03
29,62	7,06
29,64	7,14
29,67	7,19
29,69	7,24
29,71	7,28
29,74	7,38
29,76	7,44
29,79	7,53
29,81	7,54
29,84	7,63
29,86	7,69
29,89	7,80
29,91	7,83
29,93	7,93
29,96	7,96
29,98	8,06
30,01	8,12
30,03	8,23
30,06	8,28
30,08	8,39
30,10	8,42
30,13	8,58
30,15	8,65
30,18	8,79
30,20	8,87
30,23	8,98
30,25	9,07
30,28	9,21
30,30	9,26
30,32	9,39
30,35	9,45
30,37	9,56
30,40	9,65
30,42	9,78
30,45	9,86
30,47	10,03
30,50	10,13
30,52	10,30
30,54	10,43
30,57	10,60
30,59	10,71
30,62	10,87
30,64	10,97
30,67	11,12
30,69	11,21
30,72	11,34
30,74	11,45
30,76	11,59
30,79	11,71
30,81	11,86
30,84	12,00
30,86	12,20
30,89	12,34
30,91	12,50
30,94	12,66
30,96	12,80
30,98	12,95
31,01	13,11
31,03	13,21
31,06	13,36
31,08	13,49
31,11	13,63
31,13	13,80
31,15	13,95
31,18	14,10
31,20	14,28
31,23	14,44
31,25	14,62
31,28	14,79
31,30	14,96
31,33	15,12
31,35	15,25
31,37	15,37
31,40	15,50
31,42	15,64
31,45	15,78
31,47	15,93
31,50	16,02
31,52	16,20
31,55	16,33
31,57	16,50
31,59	16,66
31,62	16,81
31,64	16,90
31,67	17,06
31,69	17,13
31,72	17,29
31,74	17,34
31,77	17,43
31,79	17,47
31,81	17,57
31,84	17,61
31,86	17,72
31,89	17,75
31,91	17,83
31,94	17,84
31,96	17,91
31,99	17,93
32,01	17,99
32,03	17,97
32,06	18,01
32,08	17,98
32,11	18,03
32,13	18,00
32,16	17,99
32,18	17,95
32,20	17,96
32,23	17,90
32,25	17,90
32,28	17,83
32,30	17,81
32,33	17,75
32,35	17,71
32,38	17,60
32,40	17,57
32,42	17,46
32,45	17,40
32,47	17,29
32,50	17,22
32,52	17,12
32,55	17,05
32,57	16,90
32,60	16,83
32,62	16,66
32,64	16,55
32,67	16,38
32,69	16,25
32,72	16,08
32,74	15,96
32,77	15,79
32,79	15,69
32,82	15,55
32,84	15,44
32,86	15,30
32,89	15,13
32,91	14,95
32,94	14,80
32,96	14,62
32,99	14,46
33,01	14,28
33,04	14,10
33,06	13,97
33,08	13,80
33,11	13,66
33,13	13,52
33,16	13,37
33,18	13,22
33,21	13,08
33,23	12,92
33,26	12,81
33,28	12,64
33,30	12,50
33,33	12,35
33,35	12,22
33,38	12,09
33,40	11,98
33,43	11,84
33,45	11,76
33,47	11,63
33,50	11,55
33,52	11,44
33,55	11,37
33,57	11,26
33,60	11,21
33,62	11,07
33,65	11,01
33,67	10,90
33,69	10,85
33,72	10,75
33,74	10,71
33,77	10,60
33,79	10,61
33,82	10,52
33,84	10,50
33,87	10,43
33,89	10,41
33,91	10,34
33,94	10,36
33,96	10,28
33,99	10,30
34,01	10,24
34,04	10,25
34,06	10,23
34,09	10,28
34,11	10,25
34,13	10,29
34,16	10,26
34,18	10,33
34,21	10,33
34,23	10,37
34,26	10,36
34,28	10,41
34,31	10,43
34,33	10,52
34,35	10,54
34,38	10,62
34,40	10,67
34,43	10,76
34,45	10,82
34,48	10,91
34,50	10,96
34,52	11,06
34,55	11,11
34,57	11,18
34,60	11,25
34,62	11,33
34,65	11,41
34,67	11,51
34,70	11,63
34,72	11,74
34,74	11,84
34,77	11,96
34,79	12,12
34,82	12,24
34,84	12,37
34,87	12,46
34,89	12,60
34,92	12,72
34,94	12,87
34,96	12,96
34,99	13,11
35,01	13,22
35,04	13,39
35,06	13,52
35,09	13,70
35,11	13,82
35,14	14,00
35,16	14,13
35,18	14,31
35,21	14,43
35,23	14,61
35,26	14,73
35,28	14,90
35,31	15,01
35,33	15,19
35,36	15,33
35,38	15,54
35,40	15,68
35,43	15,89
35,45	16,07
35,48	16,29
35,50	16,45
35,53	16,69
35,55	16,82
35,57	17,02
35,60	17,18
35,62	17,37
35,65	17,54
35,67	17,73
35,70	17,88
35,72	18,11
35,75	18,31
35,77	18,53
35,79	18,73
35,82	18,95
35,84	19,14
35,87	19,38
35,89	19,56
35,92	19,77
35,94	19,95
35,97	20,14
35,99	20,32
36,01	20,52
36,04	20,70
36,06	20,93
36,09	21,14
36,11	21,36
36,14	21,59
36,16	21,83
36,19	22,05
36,21	22,26
36,23	22,44
36,26	22,65
36,28	22,83
36,31	23,01
36,33	23,19
36,36	23,37
36,38	23,58
36,41	23,77
36,43	23,93
36,45	24,12
36,48	24,34
36,50	24,52
36,53	24,71
36,55	24,84
36,58	25,02
36,60	25,13
36,62	25,29
36,65	25,37
36,67	25,50
36,70	25,57
36,72	25,70
36,75	25,76
36,77	25,91
36,80	25,98
36,82	26,09
36,84	26,14
36,87	26,22
36,89	26,25
36,92	26,32
36,94	26,29
36,97	26,35
36,99	26,34
37,02	26,37
37,04	26,34
37,06	26,36
37,09	26,32
37,11	26,36
37,14	26,30
37,16	26,26
37,19	26,19
37,21	26,15
37,24	26,03
37,26	26,01
37,28	25,89
37,31	25,82
37,33	25,69
37,36	25,61
37,38	25,50
37,41	25,43
37,43	25,26
37,46	25,16
37,48	24,98
37,50	24,85
37,53	24,67
37,55	24,51
37,58	24,30
37,60	24,13
37,63	23,94
37,65	23,81
37,68	23,58
37,70	23,43
37,72	23,25
37,75	23,08
37,77	22,87
37,80	22,66
37,82	22,41
37,85	22,24
37,87	21,99
37,89	21,78
37,92	21,54
37,94	21,33
37,97	21,10
37,99	20,93
38,02	20,72
38,04	20,55
38,07	20,33
38,09	20,13
38,11	19,93
38,14	19,72
38,16	19,47
38,19	19,26
38,21	19,02
38,24	18,79
38,26	18,58
38,29	18,36
38,31	18,17
38,33	17,98
38,36	17,80
38,38	17,64
38,41	17,47
38,43	17,31
38,46	17,20
38,48	17,04
38,51	16,92
38,53	16,75
38,55	16,62
38,58	16,48
38,60	16,37
38,63	16,22
38,65	16,12
38,68	16,00
38,70	15,93
38,73	15,86
38,75	15,81
38,77	15,73
38,80	15,70
38,82	15,64
38,85	15,62
38,87	15,55
38,90	15,51
38,92	15,47
38,94	15,45
38,97	15,40
38,99	15,42
39,02	15,39
39,04	15,41
39,07	15,39
39,09	15,41
39,12	15,43
39,14	15,48
39,16	15,48
39,19	15,55
39,21	15,58
39,24	15,66
39,26	15,71
39,29	15,79
39,31	15,85
39,34	15,93
39,36	15,98
39,38	16,06
39,41	16,12
39,43	16,21
39,46	16,31
39,48	16,41
39,51	16,50
39,53	16,63
39,56	16,75
39,58	16,91
39,60	17,02
39,63	17,15
39,65	17,29
39,68	17,43
39,70	17,58
39,73	17,71
39,75	17,84
39,78	17,99
39,80	18,12
39,82	18,25
39,85	18,42
39,87	18,57
39,90	18,79
39,92	18,99
39,95	19,19
39,97	19,38
39,99	19,62
40,02	19,81
40,04	20,04
40,07	20,17
40,09	20,34
40,12	20,51
40,14	20,72
40,17	20,86
40,19	21,10
40,21	21,24
40,24	21,51
40,26	21,73
40,29	21,99
40,31	22,20
40,34	22,48
40,36	22,66
40,39	22,96
40,41	23,16
40,43	23,38
40,46	23,57
40,48	23,80
40,51	24,01
40,53	24,26
40,56	24,45
40,58	24,71
40,61	24,95
40,63	25,23
40,65	25,50
40,68	25,79
40,70	26,04
40,73	26,33
40,75	26,57
40,78	26,84
40,80	27,09
40,83	27,33
40,85	27,55
40,87	27,79
40,90	28,01
40,92	28,32
40,95	28,61
40,97	28,90
41,00	29,17
41,02	29,44
41,05	29,75
41,07	30,06
41,09	30,31
41,12	30,53
41,14	30,74
41,17	30,97
41,19	31,20
41,22	31,43
41,24	31,64
41,26	31,86
41,29	32,11
41,31	32,36
41,34	32,62
41,36	32,85
41,39	33,10
41,41	33,33
41,44	33,56
41,46	33,78
41,48	33,98
41,51	34,15
41,53	34,31
41,56	34,45
41,58	34,61
41,61	34,73
41,63	34,85
41,66	35,01
41,68	35,16
41,70	35,31
41,73	35,44
41,75	35,53
41,78	35,68
41,80	35,78
41,83	35,86
41,85	35,92
41,88	35,97
41,90	36,00
41,92	36,06
41,95	36,06
41,97	36,09
42,00	36,07
42,02	36,09
42,05	36,09
42,07	36,10
42,10	36,07
42,12	36,07
42,14	36,02
42,17	36,02
42,19	35,96
42,22	35,92
42,24	35,84
42,27	35,81
42,29	35,70
42,31	35,64
42,34	35,49
42,36	35,39
42,39	35,26
42,41	35,15
42,44	34,96
42,46	34,83
42,49	34,62
42,51	34,53
42,53	34,36
42,56	34,20
42,58	34,01
42,61	33,81
42,63	33,60
42,66	33,47
42,68	33,21
42,71	33,01
42,73	32,71
42,75	32,50
42,78	32,28
42,80	32,06
42,83	31,78
42,85	31,56
42,88	31,31
42,90	31,13
42,93	30,86
42,95	30,64
42,97	30,40
43,00	30,18
43,02	29,89
43,05	29,65
43,07	29,34
43,10	29,09
43,12	28,84
43,15	28,56
43,17	28,29
43,19	28,03
43,22	27,77
43,24	27,59
43,27	27,36
43,29	27,12
43,32	26,89
43,34	26,67
43,36	26,47
43,39	26,26
43,41	26,01
43,44	25,79
43,46	25,56
43,49	25,35
43,51	25,19
43,54	24,98
43,56	24,81
43,58	24,67
43,61	24,52
43,63	24,38
43,66	24,27
43,68	24,12
43,71	24,02
43,73	23,88
43,76	23,75
43,78	23,65
43,80	23,57
43,83	23,46
43,85	23,40
43,88	23,32
43,90	23,28
43,93	23,21
43,95	23,18
43,98	23,16
44,00	23,15
44,02	23,11
44,05	23,12
44,07	23,08
44,10	23,12
44,12	23,11
44,15	23,12
44,17	23,15
44,20	23,22
44,22	23,25
44,24	23,35
44,27	23,37
44,29	23,44
44,32	23,51
44,34	23,60
44,37	23,66
44,39	23,75
44,41	23,82
44,44	23,95
44,46	24,08
44,49	24,20
44,51	24,33
44,54	24,47
44,56	24,61
44,59	24,77
44,61	24,90
44,63	25,05
44,66	25,19
44,68	25,36
44,71	25,55
44,73	25,73
44,76	25,92
44,78	26,13
44,81	26,31
44,83	26,52
44,85	26,73
44,88	26,94
44,90	27,18
44,93	27,41
44,95	27,63
44,98	27,84
45,00	28,06
45,03	28,28
45,05	28,54
45,07	28,77
45,10	29,01
45,12	29,24
45,15	29,54
45,17	29,80
45,20	30,11
45,22	30,34
45,25	30,63
45,27	30,87
45,29	31,19
45,32	31,41
45,34	31,72
45,37	31,94
45,39	32,22
45,42	32,43
45,44	32,78
45,47	33,02
45,49	33,38
45,51	33,63
45,54	33,95
45,56	34,26
45,59	34,65
45,61	34,94
45,64	35,29
45,66	35,51
45,68	35,82
45,71	36,11
45,73	36,42
45,76	36,69
45,78	36,95
45,81	37,22
45,83	37,58
45,86	37,92
45,88	38,24
45,90	38,56
45,93	38,88
45,95	39,21
45,98	39,57
46,00	39,88
46,03	40,15
46,05	40,46
46,08	40,74
46,10	41,05
46,12	41,34
46,15	41,59
46,17	41,93
46,20	42,26
46,22	42,55
46,25	42,87
46,27	43,13
46,30	43,43
46,32	43,73
46,34	43,98
46,37	44,24
46,39	44,47
46,42	44,71
46,44	44,93
46,47	45,16
46,49	45,38
46,52	45,59
46,54	45,81
46,56	46,05
46,59	46,26
46,61	46,48
46,64	46,70
46,66	46,84
46,69	47,05
46,71	47,23
46,73	47,37
46,76	47,53
46,78	47,71
46,81	47,79
46,83	47,98
46,86	48,10
46,88	48,22
46,91	48,35
46,93	48,45
46,95	48,49
46,98	48,63
47,00	48,64
47,03	48,71
47,05	48,73
47,08	48,82
47,10	48,82
47,13	48,87
47,15	48,83
47,17	48,92
47,20	48,88
47,22	48,92
47,25	48,83
47,27	48,83
47,30	48,76
47,32	48,75
47,35	48,64
47,37	48,62
47,39	48,52
47,42	48,48
47,44	48,38
47,47	48,31
47,49	48,18
47,52	48,09
47,54	47,89
47,57	47,77
47,59	47,57
47,61	47,43
47,64	47,25
47,66	47,08
47,69	46,84
47,71	46,71
47,74	46,43
47,76	46,23
47,78	45,99
47,81	45,80
47,83	45,56
47,86	45,35
47,88	45,08
47,91	44,87
47,93	44,60
47,96	44,32
47,98	43,98
48,00	43,72
48,03	43,38
48,05	43,09
48,08	42,75
48,10	42,50
48,13	42,22
48,15	41,96
48,18	41,65
48,20	41,36
48,22	41,07
48,25	40,83
48,27	40,51
48,30	40,19
48,32	39,87
48,35	39,53
48,37	39,27
48,40	38,96
48,42	38,64
48,44	38,36
48,47	38,13
48,49	37,89
48,52	37,68
48,54	37,44
48,57	37,25
48,59	37,03
48,62	36,81
48,64	36,58
48,66	36,37
48,69	36,14
48,71	35,94
48,74	35,72
48,76	35,58
48,79	35,40
48,81	35,25
48,84	35,12
48,86	35,00
48,88	34,87
48,91	34,78
48,93	34,66
48,96	34,61
48,98	34,51
49,01	34,41
49,03	34,36
49,05	34,31
49,08	34,27
49,10	34,24
49,13	34,20
49,15	34,20
49,18	34,17
49,20	34,18
49,23	34,19
49,25	34,23
49,27	34,23
49,30	34,29
49,32	34,31
49,35	34,40
49,37	34,44
49,40	34,54
49,42	34,59
49,45	34,73
49,47	34,83
49,49	34,97
49,52	35,07
49,54	35,25
49,57	35,40
49,59	35,57
49,62	35,70
49,64	35,85
49,67	36,00
49,69	36,21
49,71	36,38
49,74	36,58
49,76	36,78
49,79	36,99
49,81	37,20
49,84	37,41
49,86	37,61
49,89	37,82
49,91	38,01
49,93	38,24
49,96	38,49
49,98	38,75
50,01	39,03
50,03	39,32
50,06	39,61
50,08	39,90
50,10	40,17
50,13	40,48
50,15	40,78
50,18	41,09
50,20	41,36
50,23	41,63
50,25	41,90
50,28	42,20
50,30	42,51
50,32	42,80
50,35	43,08
50,37	43,44
50,40	43,79
50,42	44,14
50,45	44,54
50,47	44,90
50,50	45,30
50,52	45,65
50,54	45,99
50,57	46,31
50,59	46,67
50,62	46,95
50,64	47,29
50,67	47,56
50,69	47,97
50,72	48,32
50,74	48,75
50,76	49,08
50,79	49,39
50,81	49,60
50,84	49,82
50,86	49,91
50,89	50,00
50,91	50,00
50,94	50,00
50,96	50,00
50,98	50,00
51,01	50,00
51,03	50,00
51,06	50,00
51,08	50,00
51,11	50,00
51,13	50,00
51,15	50,00
51,18	50,00
51,20	50,00
51,23	50,00
51,25	50,00
51,28	50,00
51,30	50,00
51,33	50,00
51,35	50,00
51,37	50,00
51,40	50,00
51,42	50,00
51,45	50,00
51,47	50,00
51,50	50,00
51,52	50,00
51,55	50,00
51,57	50,00
51,59	50,00
51,62	50,00
51,64	50,00
51,67	50,00
51,69	50,00
51,72	50,00
51,74	50,00
51,77	50,00
51,79	50,00
51,81	50,00
51,84	50,00
51,86	50,00
51,89	50,00
51,91	50,00
51,94	50,00
51,96	50,00
51,99	50,00
52,01	50,00
52,03	50,00
52,06	50,00
52,08	50,00
52,11	50,00
52,13	50,00
52,16	50,00
52,18	50,00
52,20	50,00
52,23	50,00
52,25	50,00
52,28	50,00
52,30	50,00
52,33	50,00
52,35	50,00
52,38	50,00
52,40	50,00
52,42	50,00
52,45	50,00
52,47	50,00
52,50	50,00
52,52	50,00
52,55	50,00
52,57	50,00
52,60	50,00
52,62	50,00
52,64	50,00
52,67	50,00
52,69	50,00
52,72	50,00
52,74	50,00
52,77	50,00
52,79	50,00
52,82	50,00
52,84	50,00
52,86	50,00
52,89	50,00
52,91	50,00
52,94	50,00
52,96	50,00
52,99	50,00
53,01	50,00
53,04	50,00
53,06	50,00
53,08	50,00
53,11	50,00
53,13	50,00
53,16	50,00
53,18	50,00
53,21	50,00
53,23	50,00
53,26	50,00
53,28	50,00
53,30	50,00
53,33	50,00
53,35	50,00
53,38	50,00
53,40	50,00
53,43	50,00
53,45	50,00
53,47	50,00
53,50	50,00
53,52	50,00
53,55	50,00
53,57	50,00
53,60	50,00
53,62	50,00
53,65	50,00
53,67	50,00
53,69	50,00
53,72	50,00
53,74	50,00
53,77	50,00
53,79	50,00
53,82	50,00
53,84	50,00
53,87	50,00
53,89	50,00
53,91	50,00
53,94	50,00
53,96	50,00
53,99	50,00
54,01	50,00
54,04	50,00
54,06	50,00
54,09	50,00
54,11	50,00
54,13	50,00
54,16	50,00
54,18	50,00
54,21	50,00
54,23	50,00
54,26	50,00
54,28	50,00
54,31	50,00
54,33	50,00
54,35	50,00
54,38	50,00
54,40	50,00
54,43	50,00
54,45	50,00
54,48	50,00
54,50	50,00
54,52	50,00
54,55	50,00
54,57	50,00
54,60	50,00
54,62	50,00
54,65	50,00
54,67	50,00
54,70	50,00
54,72	50,00
54,74	50,00
54,77	50,00
54,79	50,00
54,82	50,00
54,84	50,00
54,87	50,00
54,89	50,00
54,92	50,00
54,94	50,00
54,96	50,00
54,99	50,00
55,01	50,00
55,04	50,00
55,06	50,00
55,09	50,00
55,11	50,00
55,14	50,00
55,16	50,00
55,18	50,00
55,21	50,00
55,23	50,00
55,26	50,00
55,28	50,00
55,31	50,00
55,33	50,00
55,36	50,00
55,38	50,00
55,40	50,00
55,43	50,00
55,45	50,00
55,48	50,00
55,50	50,00
55,53	50,00
55,55	50,00
55,57	50,00
55,60	50,00
55,62	50,00
55,65	50,00
55,67	50,00
55,70	50,00
55,72	50,00
55,75	50,00
55,77	50,00
55,79	50,00
55,82	50,00
55,84	50,00
55,87	50,00
55,89	50,00
55,92	50,00
55,94	50,00
55,97	50,00
55,99	50,00
56,01	50,00
56,04	50,00
56,06	50,00
56,09	50,00
56,11	50,00
56,14	50,00
56,16	50,00
56,19	50,00
56,21	50,00
56,23	50,00
56,26	50,00
56,28	50,00
56,31	50,00
56,33	50,00
56,36	50,00
56,38	50,00
56,41	50,00
56,43	50,00
56,45	50,00
56,48	50,00
56,50	50,00
56,53	50,00
56,55	50,00
56,58	50,00
56,60	50,00
56,62	50,00
56,65	50,00
56,67	50,00
56,70	50,00
56,72	50,00
56,75	50,00
56,77	50,00
56,80	50,00
56,82	50,00
56,84	50,00
56,87	50,00
56,89	50,00
56,92	50,00
56,94	50,00
56,97	50,00
56,99	50,00
57,02	50,00
57,04	50,00
57,06	50,00
57,09	50,00
57,11	50,00
57,14	50,00
57,16	50,00
57,19	50,00
57,21	50,00
57,24	50,00
57,26	50,00
57,28	50,00
57,31	50,00
57,33	50,00
57,36	50,00
57,38	50,00
57,41	50,00
57,43	50,00
57,46	50,00
57,48	50,00
57,50	50,00
57,53	50,00
57,55	50,00
57,58	50,00
57,60	50,00
57,63	50,00
57,65	50,00
57,68	50,00
57,70	50,00
57,72	50,00
57,75	50,00
57,77	50,00
57,80	50,00
57,82	50,00
57,85	50,00
57,87	50,00
57,89	50,00
57,92	50,00
57,94	50,00
57,97	50,00
57,99	50,00
58,02	50,00
58,04	50,00
58,07	50,00
58,09	50,00
58,11	50,00
58,14	50,00
58,16	50,00
58,19	50,00
58,21	50,00
58,24	50,00
58,26	50,00
58,29	50,00
58,31	50,00
58,33	50,00
58,36	50,00
58,38	50,00
58,41	50,00
58,43	50,00
58,46	50,00
58,48	50,00
58,51	50,00
58,53	50,00
58,55	50,00
58,58	50,00
58,60	50,00
58,63	50,00
58,65	50,00
58,68	50,00
58,70	50,00
58,73	50,00
58,75	50,00
58,77	50,00
58,80	50,00
58,82	50,00
58,85	50,00
58,87	50,00
58,90	50,00
58,92	50,00
58,94	50,00
58,97	50,00
58,99	50,00
59,02	50,00
59,04	50,00
59,07	50,00
59,09	50,00
59,12	50,00
59,14	50,00
59,16	50,00
59,19	50,00
59,21	50,00
59,24	50,00
59,26	50,00
59,29	50,00
59,31	50,00
59,34	50,00
59,36	50,00
59,38	50,00
59,41	50,00
59,43	50,00
59,46	50,00
59,48	50,00
59,51	50,00
59,53	50,00
59,56	50,00
59,58	50,00
59,60	50,00
59,63	50,00
59,65	50,00
59,68	50,00
59,70	50,00
59,73	50,00
59,75	50,00
59,78	50,00
59,80	50,00
59,82	50,00
59,85	50,00
59,87	50,00
59,90	50,00
59,92	50,00
59,95	50,00
59,97	50,00
59,99	50,00
