U1/V	IA/nA
0,02	0,28
0,04	0,31
0,07	0,33
0,09	0,33
0,12	0,35
0,14	0,32
0,17	0,35
0,19	0,34
0,21	0,33
0,24	0,32
0,26	0,33
0,29	0,31
0,31	0,33
0,34	0,31
0,36	0,33
0,39	0,31
0,41	0,31
0,43	0,32
0,46	0,32
0,48	0,30
0,51	0,32
0,53	0,29
0,56	0,30
0,58	0,30
0,61	0,31
0,63	0,31
0,65	0,33
0,68	0,30
0,70	0,33
0,73	0,32
0,75	0,33
0,78	0,33
0,80	0,34
0,83	0,32
0,85	0,34
0,87	0,32
0,90	0,34
0,92	0,33
0,95	0,32
0,97	0,31
1,00	0,31
1,02	0,29
1,05	0,31
1,07	0,29
1,09	0,30
1,12	0,29
1,14	0,29
1,17	0,30
1,19	0,29
1,22	0,29
1,24	0,30
1,26	0,30
1,29	0,31
1,31	0,32
1,34	0,31
1,36	0,32
1,39	0,32
1,41	0,31
1,44	0,30
1,46	0,31
1,48	0,29
1,51	0,33
1,53	0,32
1,56	0,34
1,58	0,34
1,61	0,36
1,63	0,35
1,66	0,37
1,68	0,33
1,70	0,34
1,73	0,32
1,75	0,31
1,78	0,30
1,80	0,31
1,83	0,29
1,85	0,30
1,88	0,28
1,90	0,32
1,92	0,29
1,95	0,31
1,97	0,31
2,00	0,32
2,02	0,30
2,05	0,31
2,07	0,29
2,10	0,31
2,12	0,30
2,14	0,29
2,17	0,28
2,19	0,30
2,22	0,29
2,24	0,31
2,27	0,30
2,29	0,32
2,31	0,31
2,34	0,31
2,36	0,32
2,39	0,33
2,41	0,31
2,44	0,33
2,46	0,31
2,49	0,32
2,51	0,31
2,53	0,31
2,56	0,31
2,58	0,31
2,61	0,30
2,63	0,31
2,66	0,30
2,68	0,31
2,71	0,33
2,73	0,33
2,75	0,34
2,78	0,35
2,80	0,34
2,83	0,34
2,85	0,35
2,88	0,33
2,90	0,34
2,93	0,32
2,95	0,32
2,97	0,34
3,00	0,35
3,02	0,34
3,05	0,34
3,07	0,33
3,10	0,36
3,12	0,36
3,15	0,35
3,17	0,34
3,19	0,34
3,22	0,32
3,24	0,34
3,27	0,31
3,29	0,32
3,32	0,29
3,34	0,31
3,36	0,31
3,39	0,32
3,41	0,30
3,44	0,33
3,46	0,32
3,49	0,35
3,51	0,33
3,54	0,34
3,56	0,33
3,58	0,35
3,61	0,31
3,63	0,34
3,66	0,31
3,68	0,33
3,71	0,34
3,73	0,35
3,76	0,33
3,78	0,35
3,80	0,34
3,83	0,38
3,85	0,36
3,88	0,36
3,90	0,34
3,93	0,35
3,95	0,34
3,98	0,34
4,00	0,31
4,02	0,33
4,05	0,30
4,07	0,31
4,10	0,32
4,12	0,32
4,15	0,31
4,17	0,35
4,20	0,34
4,22	0,36
4,24	0,35
4,27	0,36
4,29	0,36
4,32	0,36
4,34	0,33
4,37	0,33
4,39	0,32
4,42	0,32
4,44	0,35
4,46	0,34
4,49	0,33
4,51	0,33
4,54	0,33
4,56	0,36
4,59	0,36
4,61	0,32
4,63	0,31
4,66	0,29
4,68	0,30
4,71	0,30
4,73	0,30
4,76	0,28
4,78	0,29
4,81	0,29
4,83	0,33
4,85	0,32
4,88	0,32
4,90	0,33
4,93	0,35
4,95	0,33
4,98	0,35
5,00	0,33
5,03	0,34
5,05	0,32
5,07	0,32
5,10	0,30
5,12	0,31
5,15	0,29
5,17	0,33
5,20	0,31
5,22	0,34
5,25	0,31
5,27	0,33
5,29	0,35
5,32	0,36
5,34	0,33
5,37	0,35
5,39	0,32
5,42	0,33
5,44	0,32
5,47	0,32
5,49	0,31
5,51	0,31
5,54	0,29
5,56	0,32
5,59	0,30
5,61	0,32
5,64	0,33
5,66	0,33
5,68	0,33
5,71	0,33
5,73	0,32
5,76	0,34
5,78	0,33
5,81	0,31
5,83	0,31
5,86	0,31
5,88	0,31
5,90	0,34
5,93	0,34
5,95	0,35
5,98	0,35
6,00	0,35
6,03	0,38
6,05	0,38
6,08	0,37
6,10	0,38
6,12	0,37
6,15	0,36
6,17	0,36
6,20	0,34
6,22	0,34
6,25	0,34
6,27	0,33
6,30	0,34
6,32	0,35
6,34	0,35
6,37	0,39
6,39	0,38
6,42	0,39
6,44	0,38
6,47	0,39
6,49	0,38
6,52	0,39
6,54	0,36
6,56	0,38
6,59	0,35
6,61	0,37
6,64	0,36
6,66	0,39
6,69	0,38
6,71	0,39
6,73	0,37
6,76	0,41
6,78	0,40
6,81	0,40
6,83	0,39
6,86	0,39
6,88	0,37
6,91	0,39
6,93	0,36
6,95	0,38
6,98	0,36
7,00	0,37
7,03	0,39
7,05	0,41
7,08	0,39
7,10	0,42
7,13	0,40
7,15	0,42
7,17	0,41
7,20	0,42
7,22	0,41
7,25	0,43
7,27	0,41
7,30	0,43
7,32	0,41
7,35	0,43
7,37	0,42
7,39	0,43
7,42	0,42
7,44	0,43
7,47	0,41
7,49	0,45
7,52	0,44
7,54	0,44
7,57	0,43
7,59	0,42
7,61	0,42
7,64	0,44
7,66	0,42
7,69	0,43
7,71	0,42
7,74	0,41
7,76	0,43
7,78	0,44
7,81	0,44
7,83	0,46
7,86	0,46
7,88	0,46
7,91	0,49
7,93	0,48
7,96	0,49
7,98	0,47
8,00	0,46
8,03	0,46
8,05	0,46
8,08	0,46
8,10	0,47
8,13	0,46
8,15	0,48
8,18	0,48
8,20	0,50
8,22	0,53
8,25	0,52
8,27	0,50
8,30	0,53
8,32	0,49
8,35	0,50
8,37	0,49
8,40	0,48
8,42	0,48
8,44	0,49
8,47	0,46
8,49	0,52
8,52	0,50
8,54	0,51
8,57	0,51
8,59	0,52
8,62	0,52
8,64	0,54
8,66	0,52
8,69	0,55
8,71	0,54
8,74	0,54
8,76	0,54
8,79	0,55
8,81	0,53
8,84	0,54
8,86	0,53
8,88	0,55
8,91	0,54
8,93	0,54
8,96	0,57
8,98	0,59
9,01	0,59
9,03	0,61
9,05	0,58
9,08	0,59
9,10	0,59
9,13	0,58
9,15	0,57
9,18	0,57
9,20	0,55
9,23	0,60
9,25	0,60
9,27	0,61
9,30	0,62
9,32	0,63
9,35	0,64
9,37	0,65
9,40	0,63
9,42	0,63
9,45	0,64
9,47	0,65
9,49	0,66
9,52	0,64
9,54	0,64
9,57	0,65
9,59	0,67
9,62	0,67
9,64	0,67
9,67	0,65
9,69	0,70
9,71	0,70
9,74	0,70
9,76	0,69
9,79	0,68
9,81	0,67
9,84	0,68
9,86	0,64
9,89	0,67
9,91	0,65
9,93	0,66
9,96	0,68
9,98	0,68
10,01	0,67
10,03	0,69
10,06	0,67
10,08	0,70
10,10	0,69
10,13	0,70
10,15	0,69
10,18	0,71
10,20	0,69
10,23	0,72
10,25	0,69
10,28	0,71
10,30	0,70
10,32	0,72
10,35	0,71
10,37	0,73
10,40	0,71
10,42	0,76
10,45	0,75
10,47	0,77
10,50	0,75
10,52	0,76
10,54	0,75
10,57	0,77
10,59	0,74
10,62	0,75
10,64	0,72
10,67	0,73
10,69	0,73
10,72	0,75
10,74	0,75
10,76	0,77
10,79	0,77
10,81	0,80
10,84	0,80
10,86	0,80
10,89	0,80
10,91	0,80
10,94	0,79
10,96	0,80
10,98	0,78
11,01	0,80
11,03	0,80
11,06	0,79
11,08	0,80
11,11	0,80
11,13	0,81
11,15	0,84
11,18	0,84
11,20	0,83
11,23	0,83
11,25	0,83
11,28	0,85
11,30	0,84
11,33	0,83
11,35	0,83
11,37	0,85
11,40	0,85
11,42	0,89
11,45	0,88
11,47	0,90
11,50	0,89
11,52	0,91
11,55	0,90
11,57	0,92
11,59	0,89
11,62	0,91
11,64	0,91
11,67	0,92
11,69	0,94
11,72	0,94
11,74	0,94
11,77	0,97
11,79	0,95
11,81	0,97
11,84	0,96
11,86	0,96
11,89	0,97
11,91	0,99
11,94	0,97
11,96	1,00
11,99	0,99
12,01	1,02
12,03	1,02
12,06	1,03
12,08	1,03
12,11	1,04
12,13	1,03
12,16	1,06
12,18	1,03
12,21	1,04
12,23	1,04
12,25	1,06
12,28	1,09
12,30	1,10
12,33	1,09
12,35	1,12
12,38	1,13
12,40	1,14
12,42	1,15
12,45	1,14
12,47	1,15
12,50	1,18
12,52	1,17
12,55	1,19
12,57	1,20
12,60	1,20
12,62	1,20
12,64	1,19
12,67	1,19
12,69	1,20
12,72	1,21
12,74	1,21
12,77	1,21
12,79	1,22
12,82	1,24
12,84	1,23
12,86	1,24
12,89	1,25
12,91	1,26
12,94	1,25
12,96	1,28
12,99	1,29
13,01	1,31
13,04	1,30
13,06	1,31
13,08	1,32
13,11	1,33
13,13	1,31
13,16	1,34
13,18	1,33
13,21	1,35
13,23	1,34
13,26	1,36
13,28	1,36
13,30	1,37
13,33	1,34
13,35	1,36
13,38	1,34
13,40	1,36
13,43	1,35
13,45	1,36
13,47	1,35
13,50	1,36
13,52	1,35
13,55	1,38
13,57	1,35
13,60	1,36
13,62	1,36
13,65	1,38
13,67	1,37
13,69	1,39
13,72	1,38
13,74	1,41
13,77	1,41
13,79	1,41
13,82	1,40
13,84	1,41
13,87	1,39
13,89	1,42
13,91	1,40
13,94	1,41
13,96	1,41
13,99	1,41
14,01	1,42
14,04	1,42
14,06	1,39
14,09	1,40
14,11	1,38
14,13	1,39
14,16	1,39
14,18	1,40
14,21	1,39
14,23	1,40
14,26	1,38
14,28	1,40
14,31	1,37
14,33	1,36
14,35	1,37
14,38	1,39
14,40	1,39
14,43	1,40
14,45	1,39
14,48	1,41
14,50	1,41
14,52	1,39
14,55	1,40
14,57	1,38
14,60	1,38
14,62	1,40
14,65	1,42
14,67	1,42
14,70	1,43
14,72	1,41
14,74	1,45
14,77	1,44
14,79	1,43
14,82	1,43
14,84	1,42
14,87	1,40
14,89	1,42
14,92	1,39
14,94	1,41
14,96	1,40
14,99	1,41
15,01	1,42
15,04	1,42
15,06	1,41
15,09	1,44
15,11	1,43
15,14	1,44
15,16	1,43
15,18	1,45
15,21	1,45
15,23	1,47
15,26	1,45
15,28	1,47
15,31	1,45
15,33	1,47
15,36	1,47
15,38	1,49
15,40	1,48
15,43	1,49
15,45	1,49
15,48	1,53
15,50	1,53
15,53	1,54
15,55	1,54
15,57	1,54
15,60	1,54
15,62	1,56
15,65	1,54
15,67	1,55
15,70	1,55
15,72	1,56
15,75	1,56
15,77	1,58
15,79	1,57
15,82	1,60
15,84	1,60
15,87	1,61
15,89	1,63
15,92	1,64
15,94	1,65
15,97	1,67
15,99	1,65
16,01	1,67
16,04	1,68
16,06	1,69
16,09	1,73
16,11	1,73
16,14	1,74
16,16	1,76
16,19	1,79
16,21	1,82
16,23	1,84
16,26	1,83
16,28	1,85
16,31	1,85
16,33	1,87
16,36	1,88
16,38	1,89
16,41	1,88
16,43	1,90
16,45	1,90
16,48	1,95
16,50	1,95
16,53	1,97
16,55	2,00
16,58	2,04
16,60	2,05
16,63	2,09
16,65	2,09
16,67	2,14
16,70	2,14
16,72	2,15
16,75	2,16
16,77	2,19
16,80	2,19
16,82	2,25
16,84	2,24
16,87	2,28
16,89	2,29
16,92	2,31
16,94	2,34
16,97	2,37
16,99	2,36
17,02	2,39
17,04	2,38
17,06	2,40
17,09	2,41
17,11	2,42
17,14	2,44
17,16	2,47
17,19	2,47
17,21	2,51
17,24	2,52
17,26	2,55
17,28	2,58
17,31	2,60
17,33	2,61
17,36	2,65
17,38	2,65
17,41	2,67
17,43	2,69
17,46	2,70
17,48	2,71
17,50	2,72
17,53	2,72
17,55	2,75
17,58	2,76
17,60	2,77
17,63	2,79
17,65	2,79
17,68	2,82
17,70	2,83
17,72	2,83
17,75	2,84
17,77	2,82
17,80	2,81
17,82	2,82
17,85	2,80
17,87	2,81
17,89	2,82
17,92	2,83
17,94	2,85
17,97	2,86
17,99	2,87
18,02	2,92
18,04	2,91
18,07	2,91
18,09	2,90
18,11	2,91
18,14	2,90
18,16	2,91
18,19	2,86
18,21	2,89
18,24	2,87
18,26	2,88
18,29	2,87
18,31	2,89
18,33	2,87
18,36	2,88
18,38	2,85
18,41	2,88
18,43	2,86
18,46	2,85
18,48	2,83
18,51	2,82
18,53	2,79
18,55	2,80
18,58	2,76
18,60	2,76
18,63	2,73
18,65	2,73
18,68	2,72
18,70	2,73
18,73	2,70
18,75	2,73
18,77	2,70
18,80	2,71
18,82	2,68
18,85	2,68
18,87	2,66
18,90	2,67
18,92	2,62
18,94	2,63
18,97	2,60
18,99	2,60
19,02	2,58
19,04	2,57
19,07	2,56
19,09	2,56
19,12	2,54
19,14	2,57
19,16	2,55
19,19	2,54
19,21	2,53
19,24	2,50
19,26	2,49
19,29	2,50
19,31	2,45
19,34	2,44
19,36	2,42
19,38	2,41
19,41	2,43
19,43	2,43
19,46	2,42
19,48	2,45
19,51	2,47
19,53	2,47
19,56	2,48
19,58	2,47
19,60	2,46
19,63	2,44
19,65	2,41
19,68	2,38
19,70	2,38
19,73	2,36
19,75	2,37
19,78	2,36
19,80	2,37
19,82	2,38
19,85	2,39
19,87	2,42
19,90	2,43
19,92	2,41
19,95	2,43
19,97	2,40
19,99	2,41
20,02	2,40
20,04	2,40
20,07	2,40
20,09	2,41
20,12	2,41
20,14	2,46
20,17	2,45
20,19	2,47
20,21	2,48
20,24	2,49
20,26	2,49
20,29	2,52
20,31	2,51
20,34	2,54
20,36	2,55
20,39	2,57
20,41	2,58
20,43	2,59
20,46	2,59
20,48	2,61
20,51	2,61
20,53	2,65
20,56	2,66
20,58	2,67
20,61	2,72
20,63	2,75
20,65	2,76
20,68	2,80
20,70	2,79
20,73	2,83
20,75	2,85
20,78	2,86
20,80	2,88
20,83	2,91
20,85	2,93
20,87	2,99
20,90	3,01
20,92	3,05
20,95	3,10
20,97	3,13
21,00	3,17
21,02	3,20
21,05	3,22
21,07	3,26
21,09	3,34
21,12	3,37
21,14	3,41
21,17	3,42
21,19	3,47
21,22	3,52
21,24	3,56
21,26	3,55
21,29	3,60
21,31	3,61
21,34	3,70
21,36	3,72
21,39	3,77
21,41	3,82
21,44	3,86
21,46	3,89
21,48	3,96
21,51	3,98
21,53	4,05
21,56	4,07
21,58	4,12
21,61	4,17
21,63	4,23
21,66	4,26
21,68	4,33
21,70	4,35
21,73	4,43
21,75	4,46
21,78	4,52
21,80	4,55
21,83	4,61
21,85	4,63
21,88	4,70
21,90	4,71
21,92	4,77
21,95	4,79
21,97	4,84
22,00	4,86
22,02	4,91
22,05	4,93
22,07	5,01
22,10	5,02
22,12	5,06
22,14	5,07
22,17	5,09
22,19	5,11
22,22	5,14
22,24	5,13
22,27	5,17
22,29	5,16
22,31	5,19
22,34	5,22
22,36	5,24
22,39	5,25
22,41	5,26
22,44	5,27
22,46	5,31
22,49	5,32
22,51	5,32
22,53	5,31
22,56	5,32
22,58	5,31
22,61	5,33
22,63	5,30
22,66	5,30
22,68	5,32
22,71	5,32
22,73	5,30
22,75	5,29
22,78	5,29
22,80	5,31
22,83	5,29
22,85	5,25
22,88	5,24
22,90	5,20
22,93	5,19
22,95	5,15
22,97	5,12
23,00	5,09
23,02	5,07
23,05	5,04
23,07	5,07
23,10	5,02
23,12	4,99
23,15	4,95
23,17	4,93
23,19	4,89
23,22	4,88
23,24	4,82
23,27	4,81
23,29	4,76
23,32	4,73
23,34	4,70
23,36	4,67
23,39	4,62
23,41	4,61
23,44	4,55
23,46	4,55
23,49	4,50
23,51	4,47
23,54	4,46
23,56	4,43
23,58	4,37
23,61	4,37
23,63	4,31
23,66	4,30
23,68	4,25
23,71	4,21
23,73	4,18
23,76	4,17
23,78	4,12
23,80	4,12
23,83	4,08
23,85	4,07
23,88	4,04
23,90	4,02
23,93	3,98
23,95	3,97
23,98	3,91
24,00	3,89
24,02	3,85
24,05	3,83
24,07	3,81
24,10	3,78
24,12	3,76
24,15	3,75
24,17	3,73
24,20	3,74
24,22	3,73
24,24	3,72
24,27	3,72
24,29	3,71
24,32	3,69
24,34	3,68
24,37	3,66
24,39	3,64
24,42	3,63
24,44	3,61
24,46	3,63
24,49	3,62
24,51	3,62
24,54	3,63
24,56	3,62
24,59	3,62
24,61	3,64
24,63	3,63
24,66	3,66
24,68	3,66
24,71	3,67
24,73	3,68
24,76	3,71
24,78	3,70
24,81	3,74
24,83	3,72
24,85	3,75
24,88	3,76
24,90	3,79
24,93	3,81
24,95	3,84
24,98	3,83
25,00	3,90
25,03	3,90
25,05	3,94
25,07	3,95
25,10	3,98
25,12	4,00
25,15	4,05
25,17	4,06
25,20	4,11
25,22	4,11
25,25	4,16
25,27	4,20
25,29	4,26
25,32	4,28
25,34	4,34
25,37	4,38
25,39	4,45
25,42	4,49
25,44	4,53
25,47	4,56
25,49	4,61
25,51	4,65
25,54	4,70
25,56	4,73
25,59	4,79
25,61	4,84
25,64	4,90
25,66	4,97
25,68	5,03
25,71	5,08
25,73	5,17
25,76	5,23
25,78	5,27
25,81	5,32
25,83	5,37
25,86	5,43
25,88	5,49
25,90	5,55
25,93	5,62
25,95	5,68
25,98	5,75
26,00	5,84
26,03	5,92
26,05	6,00
26,08	6,07
26,10	6,14
26,12	6,23
26,15	6,30
26,17	6,36
26,20	6,44
26,22	6,49
26,25	6,57
26,27	6,65
26,30	6,75
26,32	6,82
26,34	6,91
26,37	6,97
26,39	7,09
26,42	7,17
26,44	7,26
26,47	7,32
26,49	7,40
26,52	7,44
26,54	7,54
26,56	7,59
26,59	7,66
26,61	7,70
26,64	7,79
26,66	7,86
26,69	7,95
26,71	8,00
26,73	8,10
26,76	8,16
26,78	8,24
26,81	8,29
26,83	8,36
26,86	8,41
26,88	8,47
26,91	8,50
26,93	8,57
26,95	8,59
26,98	8,65
27,00	8,71
27,03	8,75
27,05	8,77
27,08	8,82
27,10	8,83
27,13	8,89
27,15	8,90
27,17	8,90
27,20	8,92
27,22	8,94
27,25	8,94
27,27	8,96
27,30	8,94
27,32	8,94
27,35	8,93
27,37	8,93
27,39	8,92
27,42	8,90
27,44	8,88
27,47	8,87
27,49	8,83
27,52	8,81
27,54	8,80
27,57	8,78
27,59	8,76
27,61	8,72
27,64	8,68
27,66	8,65
27,69	8,61
27,71	8,55
27,74	8,52
27,76	8,46
27,78	8,40
27,81	8,35
27,83	8,29
27,86	8,25
27,88	8,19
27,91	8,10
27,93	8,05
27,96	7,97
27,98	7,91
28,00	7,84
28,03	7,76
28,05	7,67
28,08	7,60
28,10	7,51
28,13	7,46
28,15	7,35
28,18	7,27
28,20	7,19
28,22	7,14
28,25	7,06
28,27	7,01
28,30	6,93
28,32	6,89
28,35	6,83
28,37	6,76
28,40	6,67
28,42	6,61
28,44	6,53
28,47	6,49
28,49	6,41
28,52	6,35
28,54	6,28
28,57	6,24
28,59	6,19
28,62	6,17
28,64	6,08
28,66	6,05
28,69	5,99
28,71	5,96
28,74	5,90
28,76	5,84
28,79	5,77
28,81	5,74
28,84	5,67
28,86	5,65
28,88	5,58
28,91	5,55
28,93	5,53
28,96	5,52
28,98	5,49
29,01	5,50
29,03	5,45
29,05	5,45
29,08	5,44
29,10	5,41
29,13	5,40
29,15	5,37
29,18	5,35
29,20	5,38
29,23	5,38
29,25	5,38
29,27	5,38
29,30	5,37
29,32	5,39
29,35	5,39
29,37	5,38
29,40	5,39
29,42	5,40
29,45	5,41
29,47	5,44
29,49	5,44
29,52	5,48
29,54	5,49
29,57	5,53
29,59	5,55
29,62	5,58
29,64	5,60
29,67	5,67
29,69	5,69
29,71	5,74
29,74	5,75
29,76	5,81
29,79	5,84
29,81	5,91
29,84	5,92
29,86	5,99
29,89	6,03
29,91	6,10
29,93	6,16
29,96	6,23
29,98	6,27
30,01	6,33
30,03	6,38
30,06	6,48
30,08	6,52
30,10	6,58
30,13	6,63
30,15	6,71
30,18	6,78
30,20	6,87
30,23	6,93
30,25	7,02
30,28	7,09
30,30	7,17
30,32	7,24
30,35	7,33
30,37	7,39
30,40	7,49
30,42	7,56
30,45	7,65
30,47	7,75
30,50	7,85
30,52	7,95
30,54	8,05
30,57	8,14
30,59	8,25
30,62	8,35
30,64	8,46
30,67	8,57
30,69	8,67
30,72	8,77
30,74	8,87
30,76	8,96
30,79	9,07
30,81	9,16
30,84	9,26
30,86	9,38
30,89	9,49
30,91	9,60
30,94	9,74
30,96	9,86
30,98	9,98
31,01	10,07
31,03	10,18
31,06	10,32
31,08	10,42
31,11	10,54
31,13	10,65
31,15	10,77
31,18	10,88
31,20	11,03
31,23	11,13
31,25	11,28
31,28	11,38
31,30	11,51
31,33	11,63
31,35	11,77
31,37	11,85
31,40	12,01
31,42	12,09
31,45	12,22
31,47	12,30
31,50	12,42
31,52	12,53
31,55	12,65
31,57	12,72
31,59	12,86
31,62	12,93
31,64	13,05
31,67	13,14
31,69	13,23
31,72	13,30
31,74	13,38
31,77	13,42
31,79	13,51
31,81	13,56
31,84	13,62
31,86	13,68
31,89	13,76
31,91	13,79
31,94	13,86
31,96	13,88
31,99	13,94
32,01	13,95
32,03	13,97
32,06	13,98
32,08	14,00
32,11	13,98
32,13	14,01
32,16	14,00
32,18	14,01
32,20	13,98
32,23	13,96
32,25	13,95
32,28	13,93
32,30	13,87
32,33	13,84
32,35	13,75
32,38	13,69
32,40	13,63
32,42	13,55
32,45	13,48
32,47	13,41
32,50	13,33
32,52	13,29
32,55	13,21
32,57	13,13
32,60	13,07
32,62	12,97
32,64	12,87
32,67	12,78
32,69	12,66
32,72	12,55
32,74	12,47
32,77	12,35
32,79	12,27
32,82	12,16
32,84	12,06
32,86	11,97
32,89	11,88
32,91	11,75
32,94	11,61
32,96	11,46
32,99	11,36
33,01	11,22
33,04	11,07
33,06	10,94
33,08	10,80
33,11	10,69
33,13	10,59
33,16	10,44
33,18	10,35
33,21	10,23
33,23	10,13
33,26	10,04
33,28	9,93
33,30	9,81
33,33	9,74
33,35	9,62
33,38	9,55
33,40	9,44
33,43	9,34
33,45	9,25
33,47	9,18
33,50	9,06
33,52	9,01
33,55	8,91
33,57	8,85
33,60	8,78
33,62	8,72
33,65	8,65
33,67	8,60
33,69	8,51
33,72	8,50
33,74	8,43
33,77	8,39
33,79	8,33
33,82	8,28
33,84	8,22
33,87	8,20
33,89	8,12
33,91	8,10
33,94	8,06
33,96	8,04
33,99	8,04
34,01	8,03
34,04	8,00
34,06	8,05
34,09	8,03
34,11	8,04
34,13	8,04
34,16	8,05
34,18	8,07
34,21	8,09
34,23	8,07
34,26	8,10
34,28	8,12
34,31	8,15
34,33	8,19
34,35	8,21
34,38	8,25
34,40	8,30
34,43	8,36
34,45	8,44
34,48	8,51
34,50	8,53
34,52	8,60
34,55	8,62
34,57	8,69
34,60	8,74
34,62	8,79
34,65	8,83
34,67	8,92
34,70	8,98
34,72	9,12
34,74	9,19
34,77	9,29
34,79	9,38
34,82	9,50
34,84	9,58
34,87	9,69
34,89	9,75
34,92	9,86
34,94	9,94
34,96	10,04
34,99	10,13
35,01	10,24
35,04	10,35
35,06	10,48
35,09	10,58
35,11	10,73
35,14	10,85
35,16	10,98
35,18	11,11
35,21	11,22
35,23	11,33
35,26	11,46
35,28	11,54
35,31	11,66
35,33	11,78
35,36	11,90
35,38	12,05
35,40	12,19
35,43	12,34
35,45	12,52
35,48	12,67
35,50	12,82
35,53	13,00
35,55	13,13
35,57	13,27
35,60	13,41
35,62	13,55
35,65	13,69
35,67	13,83
35,70	13,95
35,72	14,12
35,75	14,28
35,77	14,45
35,79	14,60
35,82	14,77
35,84	14,94
35,87	15,13
35,89	15,27
35,92	15,45
35,94	15,58
35,97	15,75
35,99	15,90
36,01	16,04
36,04	16,18
36,06	16,36
36,09	16,51
36,11	16,72
36,14	16,87
36,16	17,06
36,19	17,24
36,21	17,43
36,23	17,55
36,26	17,73
36,28	17,85
36,31	18,03
36,33	18,15
36,36	18,29
36,38	18,41
36,41	18,60
36,43	18,71
36,45	18,88
36,48	18,98
36,50	19,14
36,53	19,26
36,55	19,41
36,58	19,52
36,60	19,65
36,62	19,72
36,65	19,87
36,67	19,93
36,70	20,02
36,72	20,09
36,75	20,15
36,77	20,22
36,80	20,30
36,82	20,31
36,84	20,38
36,87	20,40
36,89	20,43
36,92	20,46
36,94	20,49
36,97	20,50
36,99	20,52
37,02	20,50
37,04	20,53
37,06	20,50
37,09	20,50
37,11	20,47
37,14	20,43
37,16	20,38
37,19	20,35
37,21	20,25
37,24	20,21
37,26	20,12
37,28	20,06
37,31	19,97
37,33	19,90
37,36	19,79
37,38	19,75
37,41	19,63
37,43	19,52
37,46	19,39
37,48	19,26
37,50	19,13
37,53	18,99
37,55	18,82
37,58	18,69
37,60	18,51
37,63	18,37
37,65	18,25
37,68	18,09
37,70	17,94
37,72	17,78
37,75	17,63
37,77	17,50
37,80	17,33
37,82	17,15
37,85	16,98
37,87	16,80
37,89	16,62
37,92	16,43
37,94	16,24
37,97	16,06
37,99	15,90
38,02	15,74
38,04	15,58
38,07	15,42
38,09	15,26
38,11	15,14
38,14	14,98
38,16	14,79
38,19	14,62
38,21	14,44
38,24	14,30
38,26	14,13
38,29	13,96
38,31	13,79
38,33	13,65
38,36	13,50
38,38	13,39
38,41	13,25
38,43	13,15
38,46	13,03
38,48	12,94
38,51	12,84
38,53	12,76
38,55	12,64
38,58	12,56
38,60	12,45
38,63	12,39
38,65	12,32
38,68	12,25
38,70	12,18
38,73	12,13
38,75	12,07
38,77	12,04
38,80	11,99
38,82	11,96
38,85	11,93
38,87	11,90
38,90	11,87
38,92	11,87
38,94	11,84
38,97	11,84
38,99	11,82
39,02	11,82
39,04	11,83
39,07	11,83
39,09	11,84
39,12	11,88
39,14	11,89
39,16	11,93
39,19	11,97
39,21	12,01
39,24	12,08
39,26	12,14
39,29	12,19
39,31	12,26
39,34	12,34
39,36	12,42
39,38	12,51
39,41	12,55
39,43	12,62
39,46	12,68
39,48	12,78
39,51	12,85
39,53	12,95
39,56	13,00
39,58	13,15
39,60	13,24
39,63	13,38
39,65	13,49
39,68	13,63
39,70	13,73
39,73	13,87
39,75	13,97
39,78	14,11
39,80	14,18
39,82	14,31
39,85	14,42
39,87	14,58
39,90	14,72
39,92	14,88
39,95	15,01
39,97	15,20
39,99	15,35
40,02	15,53
40,04	15,68
40,07	15,84
40,09	15,96
40,12	16,14
40,14	16,28
40,17	16,45
40,19	16,60
40,21	16,74
40,24	16,91
40,26	17,12
40,29	17,30
40,31	17,51
40,34	17,70
40,36	17,89
40,39	18,10
40,41	18,31
40,43	18,48
40,46	18,65
40,48	18,83
40,51	19,01
40,53	19,18
40,56	19,35
40,58	19,56
40,61	19,77
40,63	19,98
40,65	20,19
40,68	20,42
40,70	20,65
40,73	20,89
40,75	21,10
40,78	21,31
40,80	21,50
40,83	21,70
40,85	21,89
40,87	22,09
40,90	22,27
40,92	22,48
40,95	22,69
40,97	22,94
41,00	23,15
41,02	23,37
41,05	23,60
41,07	23,83
41,09	24,02
41,12	24,23
41,14	24,38
41,17	24,59
41,19	24,74
41,22	24,94
41,24	25,08
41,26	25,26
41,29	25,43
41,31	25,66
41,34	25,82
41,36	26,03
41,39	26,17
41,41	26,36
41,44	26,52
41,46	26,70
41,48	26,80
41,51	26,96
41,53	27,07
41,56	27,23
41,58	27,35
41,61	27,47
41,63	27,56
41,66	27,68
41,68	27,77
41,70	27,88
41,73	27,94
41,75	27,99
41,78	28,05
41,80	28,10
41,83	28,13
41,85	28,17
41,88	28,17
41,90	28,20
41,92	28,20
41,95	28,20
41,97	28,20
42,00	28,18
42,02	28,17
42,05	28,17
42,07	28,12
42,10	28,09
42,12	28,04
42,14	27,99
42,17	27,93
42,19	27,86
42,22	27,77
42,24	27,69
42,27	27,58
42,29	27,49
42,31	27,39
42,34	27,27
42,36	27,13
42,39	27,00
42,41	26,86
42,44	26,73
42,46	26,57
42,49	26,39
42,51	26,25
42,53	26,09
42,56	25,94
42,58	25,77
42,61	25,59
42,63	25,42
42,66	25,26
42,68	25,05
42,71	24,86
42,73	24,64
42,75	24,43
42,78	24,22
42,80	24,01
42,83	23,79
42,85	23,59
42,88	23,40
42,90	23,22
42,93	23,03
42,95	22,82
42,97	22,63
43,00	22,44
43,02	22,23
43,05	22,02
43,07	21,79
43,10	21,57
43,12	21,36
43,15	21,15
43,17	20,94
43,19	20,75
43,22	20,54
43,24	20,37
43,27	20,17
43,29	20,02
43,32	19,84
43,34	19,69
43,36	19,50
43,39	19,34
43,41	19,16
43,44	19,05
43,46	18,88
43,49	18,76
43,51	18,62
43,54	18,52
43,56	18,41
43,58	18,34
43,61	18,20
43,63	18,12
43,66	18,01
43,68	17,93
43,71	17,85
43,73	17,78
43,76	17,68
43,78	17,66
43,80	17,60
43,83	17,56
43,85	17,51
43,88	17,49
43,90	17,46
43,93	17,46
43,95	17,42
43,98	17,42
44,00	17,41
44,02	17,42
44,05	17,43
44,07	17,43
44,10	17,46
44,12	17,50
44,15	17,55
44,17	17,62
44,20	17,67
44,22	17,72
44,24	17,83
44,27	17,89
44,29	17,97
44,32	18,03
44,34	18,12
44,37	18,20
44,39	18,31
44,41	18,37
44,44	18,50
44,46	18,59
44,49	18,73
44,51	18,85
44,54	19,01
44,56	19,13
44,59	19,31
44,61	19,40
44,63	19,58
44,66	19,69
44,68	19,85
44,71	19,97
44,73	20,11
44,76	20,22
44,78	20,45
44,81	20,59
44,83	20,80
44,85	20,96
44,88	21,18
44,90	21,39
44,93	21,61
44,95	21,76
44,98	21,98
45,00	22,14
45,03	22,34
45,05	22,53
45,07	22,74
45,10	22,93
45,12	23,14
45,15	23,33
45,17	23,58
45,20	23,81
45,22	24,05
45,25	24,29
45,27	24,53
45,29	24,78
45,32	25,00
45,34	25,23
45,37	25,45
45,39	25,66
45,42	25,87
45,44	26,09
45,47	26,29
45,49	26,55
45,51	26,80
45,54	27,05
45,56	27,32
45,59	27,57
45,61	27,84
45,64	28,16
45,66	28,38
45,68	28,62
45,71	28,88
45,73	29,10
45,76	29,33
45,78	29,57
45,81	29,78
45,83	30,05
45,86	30,32
45,88	30,55
45,90	30,80
45,93	31,08
45,95	31,34
45,98	31,65
46,00	31,85
46,03	32,07
46,05	32,29
46,08	32,54
46,10	32,79
46,12	33,03
46,15	33,19
46,17	33,47
46,20	33,70
46,22	33,95
46,25	34,14
46,27	34,37
46,30	34,57
46,32	34,80
46,34	34,99
46,37	35,21
46,39	35,38
46,42	35,59
46,44	35,73
46,47	35,91
46,49	36,05
46,52	36,23
46,54	36,37
46,56	36,55
46,59	36,69
46,61	36,85
46,64	36,98
46,66	37,10
46,69	37,20
46,71	37,33
46,73	37,40
46,76	37,48
46,78	37,52
46,81	37,57
46,83	37,62
46,86	37,66
46,88	37,68
46,91	37,72
46,93	37,73
46,95	37,78
46,98	37,79
47,00	37,79
47,03	37,79
47,05	37,80
47,08	37,79
47,10	37,79
47,13	37,75
47,15	37,73
47,17	37,73
47,20	37,71
47,22	37,64
47,25	37,58
47,27	37,51
47,30	37,43
47,32	37,34
47,35	37,22
47,37	37,11
47,39	37,02
47,42	36,89
47,44	36,80
47,47	36,67
47,49	36,53
47,52	36,40
47,54	36,26
47,57	36,12
47,59	35,94
47,61	35,74
47,64	35,56
47,66	35,33
47,69	35,11
47,71	34,89
47,74	34,63
47,76	34,45
47,78	34,23
47,81	34,01
47,83	33,81
47,86	33,60
47,88	33,38
47,91	33,20
47,93	32,95
47,96	32,70
47,98	32,45
48,00	32,19
48,03	31,93
48,05	31,66
48,08	31,37
48,10	31,15
48,13	30,91
48,15	30,67
48,18	30,45
48,20	30,23
48,22	30,00
48,25	29,79
48,27	29,53
48,30	29,31
48,32	29,07
48,35	28,83
48,37	28,60
48,40	28,37
48,42	28,14
48,44	27,95
48,47	27,74
48,49	27,59
48,52	27,40
48,54	27,24
48,57	27,09
48,59	26,96
48,62	26,81
48,64	26,70
48,66	26,55
48,69	26,45
48,71	26,32
48,74	26,22
48,76	26,11
48,79	26,02
48,81	25,91
48,84	25,87
48,86	25,78
48,88	25,74
48,91	25,69
48,93	25,66
48,96	25,64
48,98	25,62
49,01	25,58
49,03	25,62
49,05	25,60
49,08	25,62
49,10	25,62
49,13	25,64
49,15	25,68
49,18	25,73
49,20	25,74
49,23	25,81
49,25	25,87
49,27	25,95
49,30	26,02
49,32	26,10
49,35	26,20
49,37	26,30
49,40	26,40
49,42	26,53
49,45	26,64
49,47	26,76
49,49	26,91
49,52	27,03
49,54	27,17
49,57	27,31
49,59	27,45
49,62	27,59
49,64	27,76
49,67	27,90
49,69	28,09
49,71	28,25
49,74	28,46
49,76	28,67
49,79	28,89
49,81	29,08
49,84	29,29
49,86	29,45
49,89	29,68
49,91	29,85
49,93	30,06
49,96	30,24
49,98	30,47
50,01	30,67
50,03	30,97
50,06	31,18
50,08	31,47
50,10	31,69
50,13	31,99
50,15	32,22
50,18	32,53
50,20	32,74
50,23	33,02
50,25	33,21
50,28	33,48
50,30	33,72
50,32	34,00
50,35	34,25
50,37	34,54
50,40	34,80
50,42	35,13
50,45	35,40
50,47	35,72
50,50	36,03
50,52	36,32
50,54	36,60
50,57	36,88
50,59	37,16
50,62	37,47
50,64	37,72
50,67	37,96
50,69	38,24
50,72	38,52
50,74	38,85
50,76	39,16
50,79	39,46
50,81	39,79
50,84	40,13
50,86	40,46
50,89	40,76
50,91	41,03
50,94	41,31
50,96	41,59
50,98	41,86
51,01	42,13
51,03	42,39
51,06	42,70
51,08	43,01
51,11	43,29
51,13	43,59
51,15	43,87
51,18	44,15
51,20	44,44
51,23	44,76
51,25	44,98
51,28	45,25
51,30	45,43
51,33	45,67
51,35	45,92
51,37	46,15
51,40	46,30
51,42	46,58
51,45	46,76
51,47	47,04
51,50	47,25
51,52	47,47
51,55	47,65
51,57	47,88
51,59	48,03
51,62	48,24
51,64	48,35
51,67	48,55
51,69	48,69
51,72	48,84
51,74	48,97
51,77	49,12
51,79	49,26
51,81	49,44
51,84	49,54
51,86	49,64
51,89	49,74
51,91	49,83
51,94	49,90
51,96	49,96
51,99	49,98
52,01	50,00
52,03	50,00
52,06	50,00
52,08	50,00
52,11	50,00
52,13	50,00
52,16	50,00
52,18	50,00
52,20	50,00
52,23	50,00
52,25	50,00
52,28	50,00
52,30	50,00
52,33	49,98
52,35	49,96
52,38	49,90
52,40	49,85
52,42	49,81
52,45	49,74
52,47	49,63
52,50	49,55
52,52	49,42
52,55	49,33
52,57	49,17
52,60	48,99
52,62	48,85
52,64	48,70
52,67	48,52
52,69	48,36
52,72	48,20
52,74	48,06
52,77	47,85
52,79	47,63
52,82	47,45
52,84	47,22
52,86	46,99
52,89	46,76
52,91	46,45
52,94	46,21
52,96	45,96
52,99	45,68
53,01	45,45
53,04	45,21
53,06	44,95
53,08	44,72
53,11	44,47
53,13	44,22
53,16	43,98
53,18	43,73
53,21	43,42
53,23	43,14
53,26	42,88
53,28	42,62
53,30	42,36
53,33	42,09
53,35	41,85
53,38	41,61
53,40	41,39
53,43	41,17
53,45	40,97
53,47	40,76
53,50	40,55
53,52	40,31
53,55	40,14
53,57	39,92
53,60	39,72
53,62	39,50
53,65	39,30
53,67	39,07
53,69	38,92
53,72	38,74
53,74	38,61
53,77	38,46
53,79	38,33
53,82	38,21
53,84	38,10
53,87	37,97
53,89	37,87
53,91	37,76
53,94	37,68
53,96	37,58
53,99	37,54
54,01	37,50
54,04	37,45
54,06	37,41
54,09	37,39
54,11	37,36
54,13	37,36
54,16	37,36
54,18	37,36
54,21	37,38
54,23	37,41
54,26	37,45
54,28	37,51
54,31	37,55
54,33	37,59
54,35	37,69
54,38	37,72
54,40	37,79
54,43	37,86
54,45	37,96
54,48	38,07
54,50	38,18
54,52	38,26
54,55	38,46
54,57	38,61
54,60	38,78
54,62	38,96
54,65	39,13
54,67	39,32
54,70	39,55
54,72	39,67
54,74	39,87
54,77	40,03
54,79	40,20
54,82	40,38
54,84	40,57
54,87	40,75
54,89	41,04
54,92	41,26
54,94	41,52
54,96	41,76
54,99	42,07
55,01	42,35
55,04	42,65
55,06	42,88
55,09	43,14
55,11	43,36
55,14	43,63
55,16	43,85
55,18	44,10
55,21	44,35
55,23	44,63
55,26	44,92
55,28	45,25
55,31	45,55
55,33	45,88
55,36	46,24
55,38	46,58
55,40	46,93
55,43	47,23
55,45	47,53
55,48	47,85
55,50	48,18
55,53	48,46
55,55	48,76
55,57	49,03
55,60	49,31
55,62	49,56
55,65	49,76
55,67	49,87
55,70	49,96
55,72	49,98
55,75	50,00
55,77	50,00
55,79	50,00
55,82	50,00
55,84	50,00
55,87	50,00
55,89	50,00
55,92	50,00
55,94	50,00
55,97	50,00
55,99	50,00
56,01	50,00
56,04	50,00
56,06	50,00
56,09	50,00
56,11	50,00
56,14	50,00
56,16	50,00
56,19	50,00
56,21	50,00
56,23	50,00
56,26	50,00
56,28	50,00
56,31	50,00
56,33	50,00
56,36	50,00
56,38	50,00
56,41	50,00
56,43	50,00
56,45	50,00
56,48	50,00
56,50	50,00
56,53	50,00
56,55	50,00
56,58	50,00
56,60	50,00
56,62	50,00
56,65	50,00
56,67	50,00
56,70	50,00
56,72	50,00
56,75	50,00
56,77	50,00
56,80	50,00
56,82	50,00
56,84	50,00
56,87	50,00
56,89	50,00
56,92	50,00
56,94	50,00
56,97	50,00
56,99	50,00
57,02	50,00
57,04	50,00
57,06	50,00
57,09	50,00
57,11	50,00
57,14	50,00
57,16	50,00
57,19	50,00
57,21	50,00
57,24	50,00
57,26	50,00
57,28	50,00
57,31	50,00
57,33	50,00
57,36	50,00
57,38	50,00
57,41	50,00
57,43	50,00
57,46	50,00
57,48	50,00
57,50	50,00
57,53	50,00
57,55	50,00
57,58	50,00
57,60	50,00
57,63	50,00
57,65	50,00
57,68	50,00
57,70	50,00
57,72	50,00
57,75	50,00
57,77	50,00
57,80	50,00
57,82	50,00
57,85	50,00
57,87	50,00
57,89	50,00
57,92	50,00
57,94	50,00
57,97	50,00
57,99	50,00
58,02	50,00
58,04	50,00
58,07	50,00
58,09	50,00
58,11	50,00
58,14	50,00
58,16	50,00
58,19	50,00
58,21	50,00
58,24	50,00
58,26	50,00
58,29	50,00
58,31	50,00
58,33	50,00
58,36	50,00
58,38	50,00
58,41	50,00
58,43	50,00
58,46	50,00
58,48	50,00
58,51	50,00
58,53	50,00
58,55	50,00
58,58	50,00
58,60	50,00
58,63	50,00
58,65	50,00
58,68	50,00
58,70	50,00
58,73	50,00
58,75	50,00
58,77	50,00
58,80	50,00
58,82	50,00
58,85	50,00
58,87	50,00
58,90	50,00
58,92	50,00
58,94	50,00
58,97	50,00
58,99	50,00
59,02	50,00
59,04	50,00
59,07	50,00
59,09	50,00
59,12	50,00
59,14	50,00
59,16	50,00
59,19	50,00
59,21	50,00
59,24	50,00
59,26	50,00
59,29	50,00
59,31	50,00
59,34	50,00
59,36	50,00
59,38	50,00
59,41	50,00
59,43	50,00
59,46	50,00
59,48	50,00
59,51	50,00
59,53	50,00
59,56	50,00
59,58	50,00
59,60	50,00
59,63	50,00
59,65	50,00
59,68	50,00
59,70	50,00
59,73	50,00
59,75	50,00
59,78	50,00
59,80	50,00
59,82	50,00
59,85	50,00
59,87	50,00
59,90	50,00
59,92	50,00
59,95	50,00
59,97	50,00
59,99	50,00
