U1/V	IA/nA
0,02	0,32
0,04	0,32
0,07	0,31
0,09	0,31
0,12	0,29
0,14	0,31
0,17	0,29
0,19	0,31
0,21	0,31
0,24	0,32
0,26	0,29
0,29	0,32
0,31	0,29
0,34	0,31
0,36	0,28
0,39	0,29
0,41	0,28
0,43	0,30
0,46	0,28
0,48	0,30
0,51	0,29
0,53	0,34
0,56	0,33
0,58	0,32
0,61	0,31
0,63	0,30
0,65	0,28
0,68	0,30
0,70	0,26
0,73	0,27
0,75	0,26
0,78	0,26
0,80	0,28
0,83	0,29
0,85	0,28
0,87	0,30
0,90	0,29
0,92	0,30
0,95	0,30
0,97	0,31
1,00	0,32
1,02	0,31
1,05	0,29
1,07	0,30
1,09	0,29
1,12	0,28
1,14	0,28
1,17	0,27
1,19	0,28
1,22	0,27
1,24	0,28
1,26	0,32
1,29	0,33
1,31	0,31
1,34	0,33
1,36	0,30
1,39	0,31
1,41	0,30
1,44	0,29
1,46	0,26
1,48	0,26
1,51	0,24
1,53	0,29
1,56	0,27
1,58	0,28
1,61	0,27
1,63	0,30
1,66	0,28
1,68	0,30
1,70	0,28
1,73	0,29
1,75	0,28
1,78	0,29
1,80	0,28
1,83	0,29
1,85	0,27
1,88	0,29
1,90	0,28
1,92	0,30
1,95	0,27
1,97	0,29
2,00	0,31
2,02	0,32
2,05	0,30
2,07	0,33
2,10	0,29
2,12	0,31
2,14	0,28
2,17	0,28
2,19	0,27
2,22	0,28
2,24	0,26
2,27	0,30
2,29	0,27
2,31	0,29
2,34	0,29
2,36	0,30
2,39	0,29
2,41	0,31
2,44	0,29
2,46	0,31
2,49	0,30
2,51	0,30
2,53	0,31
2,56	0,30
2,58	0,28
2,61	0,29
2,63	0,28
2,66	0,30
2,68	0,32
2,71	0,31
2,73	0,34
2,75	0,34
2,78	0,34
2,80	0,35
2,83	0,34
2,85	0,31
2,88	0,30
2,90	0,28
2,93	0,30
2,95	0,29
2,97	0,29
3,00	0,28
3,02	0,28
3,05	0,28
3,07	0,30
3,10	0,28
3,12	0,30
3,15	0,28
3,17	0,30
3,19	0,29
3,22	0,30
3,24	0,27
3,27	0,30
3,29	0,26
3,32	0,28
3,34	0,26
3,36	0,28
3,39	0,27
3,41	0,30
3,44	0,27
3,46	0,34
3,49	0,31
3,51	0,33
3,54	0,31
3,56	0,32
3,58	0,30
3,61	0,32
3,63	0,28
3,66	0,30
3,68	0,26
3,71	0,29
3,73	0,29
3,76	0,30
3,78	0,28
3,80	0,29
3,83	0,26
3,85	0,30
3,88	0,29
3,90	0,29
3,93	0,29
3,95	0,29
3,98	0,28
4,00	0,31
4,02	0,29
4,05	0,30
4,07	0,29
4,10	0,30
4,12	0,30
4,15	0,31
4,17	0,29
4,20	0,33
4,22	0,31
4,24	0,31
4,27	0,30
4,29	0,29
4,32	0,30
4,34	0,30
4,37	0,29
4,39	0,31
4,42	0,28
4,44	0,27
4,46	0,29
4,49	0,29
4,51	0,30
4,54	0,29
4,56	0,28
4,59	0,30
4,61	0,32
4,63	0,30
4,66	0,30
4,68	0,28
4,71	0,29
4,73	0,30
4,76	0,30
4,78	0,29
4,81	0,30
4,83	0,28
4,85	0,32
4,88	0,29
4,90	0,30
4,93	0,30
4,95	0,31
4,98	0,30
5,00	0,31
5,03	0,29
5,05	0,31
5,07	0,30
5,10	0,32
5,12	0,30
5,15	0,30
5,17	0,28
5,20	0,31
5,22	0,30
5,25	0,31
5,27	0,30
5,29	0,32
5,32	0,32
5,34	0,34
5,37	0,31
5,39	0,33
5,42	0,32
5,44	0,33
5,47	0,32
5,49	0,32
5,51	0,31
5,54	0,33
5,56	0,31
5,59	0,33
5,61	0,31
5,64	0,31
5,66	0,31
5,68	0,32
5,71	0,31
5,73	0,33
5,76	0,31
5,78	0,33
5,81	0,32
5,83	0,33
5,86	0,34
5,88	0,33
5,90	0,32
5,93	0,33
5,95	0,32
5,98	0,32
6,00	0,32
6,03	0,32
6,05	0,33
6,08	0,34
6,10	0,32
6,12	0,32
6,15	0,33
6,17	0,32
6,20	0,35
6,22	0,34
6,25	0,34
6,27	0,34
6,30	0,36
6,32	0,36
6,34	0,37
6,37	0,34
6,39	0,36
6,42	0,34
6,44	0,36
6,47	0,35
6,49	0,35
6,52	0,33
6,54	0,35
6,56	0,33
6,59	0,35
6,61	0,31
6,64	0,33
6,66	0,32
6,69	0,34
6,71	0,32
6,73	0,34
6,76	0,33
6,78	0,37
6,81	0,36
6,83	0,37
6,86	0,36
6,88	0,39
6,91	0,37
6,93	0,41
6,95	0,39
6,98	0,39
7,00	0,38
7,03	0,40
7,05	0,39
7,08	0,40
7,10	0,37
7,13	0,39
7,15	0,38
7,17	0,38
7,20	0,37
7,22	0,38
7,25	0,38
7,27	0,39
7,30	0,39
7,32	0,41
7,35	0,39
7,37	0,40
7,39	0,40
7,42	0,41
7,44	0,41
7,47	0,41
7,49	0,39
7,52	0,42
7,54	0,43
7,57	0,43
7,59	0,44
7,61	0,43
7,64	0,42
7,66	0,45
7,69	0,46
7,71	0,46
7,74	0,47
7,76	0,45
7,78	0,47
7,81	0,47
7,83	0,47
7,86	0,47
7,88	0,47
7,91	0,46
7,93	0,47
7,96	0,46
7,98	0,48
8,00	0,47
8,03	0,48
8,05	0,46
8,08	0,47
8,10	0,45
8,13	0,48
8,15	0,46
8,18	0,47
8,20	0,46
8,22	0,50
8,25	0,49
8,27	0,52
8,30	0,50
8,32	0,52
8,35	0,51
8,37	0,52
8,40	0,53
8,42	0,55
8,44	0,54
8,47	0,55
8,49	0,53
8,52	0,58
8,54	0,56
8,57	0,55
8,59	0,54
8,62	0,55
8,64	0,54
8,66	0,57
8,69	0,54
8,71	0,56
8,74	0,55
8,76	0,55
8,79	0,56
8,81	0,58
8,84	0,56
8,86	0,59
8,88	0,58
8,91	0,60
8,93	0,60
8,96	0,62
8,98	0,61
9,01	0,62
9,03	0,59
9,05	0,60
9,08	0,59
9,10	0,60
9,13	0,61
9,15	0,62
9,18	0,61
9,20	0,62
9,23	0,62
9,25	0,64
9,27	0,65
9,30	0,63
9,32	0,63
9,35	0,63
9,37	0,64
9,40	0,64
9,42	0,63
9,45	0,63
9,47	0,63
9,49	0,62
9,52	0,64
9,54	0,64
9,57	0,65
9,59	0,66
9,62	0,67
9,64	0,67
9,67	0,70
9,69	0,68
9,71	0,69
9,74	0,68
9,76	0,67
9,79	0,66
9,81	0,68
9,84	0,66
9,86	0,70
9,89	0,70
9,91	0,72
9,93	0,71
9,96	0,72
9,98	0,72
10,01	0,74
10,03	0,71
10,06	0,72
10,08	0,69
10,10	0,71
10,13	0,70
10,15	0,71
10,18	0,69
10,20	0,71
10,23	0,70
10,25	0,74
10,28	0,72
10,30	0,74
10,32	0,75
10,35	0,77
10,37	0,75
10,40	0,76
10,42	0,75
10,45	0,76
10,47	0,75
10,50	0,74
10,52	0,73
10,54	0,75
10,57	0,73
10,59	0,77
10,62	0,76
10,64	0,78
10,67	0,78
10,69	0,79
10,72	0,80
10,74	0,83
10,76	0,80
10,79	0,82
10,81	0,81
10,84	0,80
10,86	0,80
10,89	0,79
10,91	0,79
10,94	0,79
10,96	0,80
10,98	0,81
11,01	0,82
11,03	0,81
11,06	0,85
11,08	0,85
11,11	0,86
11,13	0,85
11,15	0,85
11,18	0,86
11,20	0,89
11,23	0,85
11,25	0,88
11,28	0,85
11,30	0,88
11,33	0,90
11,35	0,92
11,37	0,91
11,40	0,95
11,42	0,93
11,45	0,98
11,47	0,96
11,50	0,97
11,52	0,96
11,55	0,95
11,57	0,92
11,59	0,94
11,62	0,90
11,64	0,93
11,67	0,92
11,69	0,94
11,72	0,95
11,74	0,98
11,77	0,96
11,79	1,02
11,81	1,00
11,84	1,02
11,86	1,02
11,89	1,04
11,91	1,03
11,94	1,06
11,96	1,02
11,99	1,05
12,01	1,05
12,03	1,07
12,06	1,07
12,08	1,09
12,11	1,08
12,13	1,11
12,16	1,10
12,18	1,13
12,21	1,14
12,23	1,16
12,25	1,15
12,28	1,15
12,30	1,15
12,33	1,18
12,35	1,17
12,38	1,19
12,40	1,18
12,42	1,19
12,45	1,21
12,47	1,22
12,50	1,22
12,52	1,23
12,55	1,22
12,57	1,24
12,60	1,26
12,62	1,27
12,64	1,28
12,67	1,28
12,69	1,27
12,72	1,28
12,74	1,28
12,77	1,28
12,79	1,29
12,82	1,27
12,84	1,30
12,86	1,29
12,89	1,30
12,91	1,33
12,94	1,35
12,96	1,34
12,99	1,37
13,01	1,34
13,04	1,37
13,06	1,36
13,08	1,35
13,11	1,34
13,13	1,36
13,16	1,34
13,18	1,38
13,21	1,37
13,23	1,39
13,26	1,40
13,28	1,41
13,30	1,40
13,33	1,43
13,35	1,41
13,38	1,44
13,40	1,43
13,43	1,43
13,45	1,43
13,47	1,44
13,50	1,42
13,52	1,44
13,55	1,42
13,57	1,44
13,60	1,44
13,62	1,44
13,65	1,46
13,67	1,47
13,69	1,45
13,72	1,48
13,74	1,44
13,77	1,46
13,79	1,43
13,82	1,42
13,84	1,42
13,87	1,43
13,89	1,41
13,91	1,46
13,94	1,45
13,96	1,46
13,99	1,46
14,01	1,47
14,04	1,47
14,06	1,48
14,09	1,47
14,11	1,48
14,13	1,48
14,16	1,48
14,18	1,50
14,21	1,47
14,23	1,46
14,26	1,45
14,28	1,46
14,31	1,45
14,33	1,46
14,35	1,43
14,38	1,48
14,40	1,47
14,43	1,49
14,45	1,48
14,48	1,47
14,50	1,46
14,52	1,49
14,55	1,46
14,57	1,48
14,60	1,45
14,62	1,46
14,65	1,46
14,67	1,48
14,70	1,44
14,72	1,46
14,74	1,45
14,77	1,48
14,79	1,46
14,82	1,48
14,84	1,46
14,87	1,49
14,89	1,47
14,92	1,50
14,94	1,46
14,96	1,48
14,99	1,47
15,01	1,49
15,04	1,48
15,06	1,50
15,09	1,47
15,11	1,53
15,14	1,51
15,16	1,53
15,18	1,53
15,21	1,52
15,23	1,50
15,26	1,52
15,28	1,50
15,31	1,52
15,33	1,49
15,36	1,50
15,38	1,52
15,40	1,54
15,43	1,53
15,45	1,55
15,48	1,54
15,50	1,56
15,53	1,56
15,55	1,58
15,57	1,58
15,60	1,59
15,62	1,59
15,65	1,61
15,67	1,60
15,70	1,61
15,72	1,61
15,75	1,62
15,77	1,63
15,79	1,64
15,82	1,65
15,84	1,70
15,87	1,72
15,89	1,73
15,92	1,74
15,94	1,73
15,97	1,77
15,99	1,78
16,01	1,77
16,04	1,76
16,06	1,77
16,09	1,77
16,11	1,81
16,14	1,80
16,16	1,83
16,19	1,83
16,21	1,88
16,23	1,90
16,26	1,95
16,28	1,95
16,31	1,99
16,33	2,00
16,36	2,03
16,38	2,03
16,41	2,03
16,43	2,02
16,45	2,05
16,48	2,04
16,50	2,09
16,53	2,09
16,55	2,12
16,58	2,16
16,60	2,20
16,63	2,21
16,65	2,26
16,67	2,25
16,70	2,28
16,72	2,30
16,75	2,32
16,77	2,33
16,80	2,34
16,82	2,35
16,84	2,40
16,87	2,40
16,89	2,43
16,92	2,45
16,94	2,49
16,97	2,52
16,99	2,56
17,02	2,55
17,04	2,59
17,06	2,60
17,09	2,63
17,11	2,66
17,14	2,68
17,16	2,68
17,19	2,72
17,21	2,72
17,24	2,77
17,26	2,78
17,28	2,78
17,31	2,82
17,33	2,84
17,36	2,86
17,38	2,89
17,41	2,90
17,43	2,91
17,46	2,92
17,48	2,92
17,50	2,94
17,53	2,93
17,55	2,95
17,58	2,95
17,60	2,97
17,63	2,99
17,65	3,01
17,68	3,02
17,70	3,05
17,72	3,05
17,75	3,06
17,77	3,06
17,80	3,08
17,82	3,07
17,85	3,09
17,87	3,05
17,89	3,06
17,92	3,05
17,94	3,06
17,97	3,06
17,99	3,08
18,02	3,05
18,04	3,10
18,07	3,08
18,09	3,10
18,11	3,09
18,14	3,09
18,16	3,06
18,19	3,07
18,21	3,04
18,24	3,06
18,26	3,01
18,29	3,01
18,31	3,00
18,33	3,01
18,36	2,99
18,38	3,00
18,41	2,96
18,43	2,98
18,46	2,95
18,48	2,95
18,51	2,93
18,53	2,93
18,55	2,90
18,58	2,93
18,60	2,89
18,63	2,89
18,65	2,86
18,68	2,86
18,70	2,85
18,73	2,85
18,75	2,82
18,77	2,84
18,80	2,82
18,82	2,81
18,85	2,79
18,87	2,77
18,90	2,74
18,92	2,73
18,94	2,72
18,97	2,72
18,99	2,68
19,02	2,67
19,04	2,68
19,07	2,69
19,09	2,67
19,12	2,65
19,14	2,63
19,16	2,64
19,19	2,65
19,21	2,62
19,24	2,62
19,26	2,60
19,29	2,60
19,31	2,60
19,34	2,60
19,36	2,59
19,38	2,58
19,41	2,54
19,43	2,57
19,46	2,55
19,48	2,54
19,51	2,53
19,53	2,52
19,56	2,51
19,58	2,53
19,60	2,51
19,63	2,53
19,65	2,51
19,68	2,52
19,70	2,52
19,73	2,52
19,75	2,50
19,78	2,51
19,80	2,49
19,82	2,51
19,85	2,51
19,87	2,52
19,90	2,52
19,92	2,54
19,95	2,52
19,97	2,54
19,99	2,52
20,02	2,55
20,04	2,55
20,07	2,58
20,09	2,58
20,12	2,60
20,14	2,60
20,17	2,64
20,19	2,64
20,21	2,66
20,24	2,65
20,26	2,66
20,29	2,66
20,31	2,69
20,34	2,67
20,36	2,70
20,39	2,70
20,41	2,73
20,43	2,75
20,46	2,77
20,48	2,78
20,51	2,83
20,53	2,83
20,56	2,85
20,58	2,87
20,61	2,90
20,63	2,95
20,65	2,98
20,68	2,99
20,70	3,03
20,73	3,07
20,75	3,11
20,78	3,16
20,80	3,17
20,83	3,21
20,85	3,23
20,87	3,28
20,90	3,31
20,92	3,35
20,95	3,34
20,97	3,39
21,00	3,40
21,02	3,46
21,05	3,47
21,07	3,51
21,09	3,53
21,12	3,59
21,14	3,62
21,17	3,70
21,19	3,70
21,22	3,76
21,24	3,80
21,26	3,87
21,29	3,89
21,31	3,95
21,34	3,97
21,36	4,05
21,39	4,08
21,41	4,13
21,44	4,17
21,46	4,24
21,48	4,27
21,51	4,37
21,53	4,40
21,56	4,48
21,58	4,51
21,61	4,57
21,63	4,62
21,66	4,68
21,68	4,69
21,70	4,75
21,73	4,78
21,75	4,83
21,78	4,87
21,80	4,91
21,83	4,96
21,85	5,02
21,88	5,06
21,90	5,12
21,92	5,15
21,95	5,20
21,97	5,25
22,00	5,29
22,02	5,31
22,05	5,35
22,07	5,37
22,10	5,43
22,12	5,45
22,14	5,47
22,17	5,51
22,19	5,54
22,22	5,57
22,24	5,62
22,27	5,64
22,29	5,67
22,31	5,70
22,34	5,68
22,36	5,71
22,39	5,72
22,41	5,73
22,44	5,72
22,46	5,73
22,49	5,72
22,51	5,75
22,53	5,73
22,56	5,74
22,58	5,73
22,61	5,75
22,63	5,73
22,66	5,74
22,68	5,72
22,71	5,76
22,73	5,73
22,75	5,73
22,78	5,71
22,80	5,71
22,83	5,67
22,85	5,67
22,88	5,62
22,90	5,61
22,93	5,56
22,95	5,55
22,97	5,53
23,00	5,53
23,02	5,49
23,05	5,48
23,07	5,45
23,10	5,44
23,12	5,38
23,15	5,35
23,17	5,29
23,19	5,26
23,22	5,19
23,24	5,17
23,27	5,10
23,29	5,08
23,32	5,01
23,34	4,99
23,36	4,96
23,39	4,94
23,41	4,89
23,44	4,88
23,46	4,83
23,49	4,81
23,51	4,77
23,54	4,74
23,56	4,68
23,58	4,66
23,61	4,60
23,63	4,57
23,66	4,53
23,68	4,50
23,71	4,48
23,73	4,46
23,76	4,41
23,78	4,38
23,80	4,35
23,83	4,34
23,85	4,30
23,88	4,23
23,90	4,19
23,93	4,15
23,95	4,13
23,98	4,10
24,00	4,06
24,02	4,04
24,05	4,02
24,07	4,00
24,10	4,01
24,12	3,99
24,15	3,99
24,17	3,98
24,20	3,97
24,22	3,95
24,24	3,95
24,27	3,92
24,29	3,92
24,32	3,89
24,34	3,87
24,37	3,85
24,39	3,86
24,42	3,84
24,44	3,87
24,46	3,84
24,49	3,87
24,51	3,86
24,54	3,87
24,56	3,89
24,59	3,91
24,61	3,88
24,63	3,91
24,66	3,89
24,68	3,91
24,71	3,92
24,73	3,92
24,76	3,91
24,78	3,94
24,81	3,94
24,83	3,99
24,85	4,00
24,88	4,02
24,90	4,06
24,93	4,10
24,95	4,12
24,98	4,17
25,00	4,18
25,03	4,21
25,05	4,23
25,07	4,27
25,10	4,29
25,12	4,32
25,15	4,34
25,17	4,41
25,20	4,44
25,22	4,49
25,25	4,53
25,27	4,57
25,29	4,64
25,32	4,69
25,34	4,72
25,37	4,79
25,39	4,82
25,42	4,86
25,44	4,90
25,47	4,93
25,49	4,98
25,51	5,03
25,54	5,08
25,56	5,14
25,59	5,20
25,61	5,26
25,64	5,36
25,66	5,44
25,68	5,52
25,71	5,59
25,73	5,65
25,76	5,71
25,78	5,79
25,81	5,81
25,83	5,88
25,86	5,91
25,88	5,99
25,90	6,06
25,93	6,16
25,95	6,22
25,98	6,32
26,00	6,37
26,03	6,50
26,05	6,57
26,08	6,66
26,10	6,72
26,12	6,80
26,15	6,85
26,17	6,97
26,20	7,01
26,22	7,11
26,25	7,15
26,27	7,26
26,30	7,35
26,32	7,46
26,34	7,52
26,37	7,65
26,39	7,71
26,42	7,84
26,44	7,91
26,47	8,00
26,49	8,06
26,52	8,15
26,54	8,19
26,56	8,29
26,59	8,35
26,61	8,43
26,64	8,51
26,66	8,59
26,69	8,67
26,71	8,77
26,73	8,84
26,76	8,95
26,78	9,00
26,81	9,08
26,83	9,14
26,86	9,18
26,88	9,23
26,91	9,29
26,93	9,31
26,95	9,37
26,98	9,41
27,00	9,46
27,03	9,52
27,05	9,56
27,08	9,59
27,10	9,64
27,13	9,66
27,15	9,69
27,17	9,72
27,20	9,74
27,22	9,76
27,25	9,76
27,27	9,75
27,30	9,75
27,32	9,75
27,35	9,74
27,37	9,74
27,39	9,70
27,42	9,70
27,44	9,67
27,47	9,66
27,49	9,64
27,52	9,62
27,54	9,56
27,57	9,54
27,59	9,48
27,61	9,45
27,64	9,39
27,66	9,34
27,69	9,27
27,71	9,21
27,74	9,13
27,76	9,10
27,78	9,03
27,81	8,97
27,83	8,91
27,86	8,86
27,88	8,79
27,91	8,75
27,93	8,66
27,96	8,61
27,98	8,52
28,00	8,45
28,03	8,36
28,05	8,28
28,08	8,17
28,10	8,11
28,13	8,00
28,15	7,94
28,18	7,82
28,20	7,74
28,22	7,67
28,25	7,61
28,27	7,52
28,30	7,47
28,32	7,36
28,35	7,31
28,37	7,22
28,40	7,14
28,42	7,05
28,44	6,98
28,47	6,89
28,49	6,86
28,52	6,78
28,54	6,72
28,57	6,67
28,59	6,63
28,62	6,56
28,64	6,52
28,66	6,45
28,69	6,41
28,71	6,37
28,74	6,30
28,76	6,25
28,79	6,21
28,81	6,15
28,84	6,11
28,86	6,06
28,88	6,03
28,91	6,00
28,93	5,95
28,96	5,95
28,98	5,92
29,01	5,91
29,03	5,90
29,05	5,86
29,08	5,83
29,10	5,82
29,13	5,78
29,15	5,78
29,18	5,74
29,20	5,74
29,23	5,74
29,25	5,76
29,27	5,74
29,30	5,77
29,32	5,76
29,35	5,80
29,37	5,80
29,40	5,83
29,42	5,83
29,45	5,89
29,47	5,88
29,49	5,93
29,52	5,92
29,54	5,98
29,57	5,99
29,59	6,04
29,62	6,05
29,64	6,10
29,67	6,10
29,69	6,20
29,71	6,22
29,74	6,27
29,76	6,30
29,79	6,34
29,81	6,38
29,84	6,46
29,86	6,47
29,89	6,54
29,91	6,58
29,93	6,65
29,96	6,73
29,98	6,80
30,01	6,85
30,03	6,92
30,06	6,97
30,08	7,06
30,10	7,13
30,13	7,21
30,15	7,29
30,18	7,38
30,20	7,46
30,23	7,56
30,25	7,64
30,28	7,73
30,30	7,80
30,32	7,88
30,35	7,96
30,37	8,05
30,40	8,13
30,42	8,26
30,45	8,35
30,47	8,46
30,50	8,56
30,52	8,64
30,54	8,77
30,57	8,89
30,59	8,98
30,62	9,09
30,64	9,19
30,67	9,28
30,69	9,44
30,72	9,52
30,74	9,65
30,76	9,74
30,79	9,85
30,81	9,98
30,84	10,13
30,86	10,22
30,89	10,37
30,91	10,47
30,94	10,63
30,96	10,76
30,98	10,91
31,01	11,00
31,03	11,14
31,06	11,22
31,08	11,38
31,11	11,47
31,13	11,59
31,15	11,72
31,18	11,87
31,20	11,99
31,23	12,15
31,25	12,26
31,28	12,42
31,30	12,54
31,33	12,67
31,35	12,79
31,37	12,92
31,40	13,02
31,42	13,16
31,45	13,26
31,47	13,37
31,50	13,49
31,52	13,63
31,55	13,75
31,57	13,89
31,59	13,99
31,62	14,12
31,64	14,23
31,67	14,34
31,69	14,45
31,72	14,52
31,74	14,58
31,77	14,66
31,79	14,72
31,81	14,80
31,84	14,86
31,86	14,90
31,89	14,98
31,91	15,05
31,94	15,09
31,96	15,15
31,99	15,18
32,01	15,21
32,03	15,22
32,06	15,23
32,08	15,24
32,11	15,23
32,13	15,22
32,16	15,20
32,18	15,19
32,20	15,17
32,23	15,15
32,25	15,11
32,28	15,10
32,30	15,06
32,33	15,00
32,35	14,93
32,38	14,88
32,40	14,82
32,42	14,78
32,45	14,69
32,47	14,64
32,50	14,57
32,52	14,51
32,55	14,43
32,57	14,34
32,60	14,22
32,62	14,14
32,64	14,00
32,67	13,89
32,69	13,76
32,72	13,65
32,74	13,51
32,77	13,41
32,79	13,29
32,82	13,20
32,84	13,06
32,86	12,96
32,89	12,84
32,91	12,73
32,94	12,57
32,96	12,44
32,99	12,29
33,01	12,18
33,04	12,00
33,06	11,86
33,08	11,71
33,11	11,61
33,13	11,46
33,16	11,36
33,18	11,21
33,21	11,13
33,23	11,00
33,26	10,90
33,28	10,77
33,30	10,66
33,33	10,52
33,35	10,45
33,38	10,31
33,40	10,21
33,43	10,09
33,45	10,00
33,47	9,90
33,50	9,82
33,52	9,71
33,55	9,64
33,57	9,54
33,60	9,47
33,62	9,37
33,65	9,30
33,67	9,21
33,69	9,16
33,72	9,09
33,74	9,05
33,77	9,01
33,79	8,97
33,82	8,94
33,84	8,91
33,87	8,86
33,89	8,85
33,91	8,81
33,94	8,79
33,96	8,78
33,99	8,74
34,01	8,74
34,04	8,72
34,06	8,73
34,09	8,73
34,11	8,74
34,13	8,72
34,16	8,75
34,18	8,75
34,21	8,78
34,23	8,78
34,26	8,81
34,28	8,82
34,31	8,87
34,33	8,89
34,35	8,96
34,38	8,99
34,40	9,05
34,43	9,09
34,45	9,17
34,48	9,22
34,50	9,29
34,52	9,32
34,55	9,41
34,57	9,45
34,60	9,53
34,62	9,60
34,65	9,67
34,67	9,74
34,70	9,85
34,72	9,93
34,74	10,06
34,77	10,14
34,79	10,24
34,82	10,36
34,84	10,46
34,87	10,54
34,89	10,65
34,92	10,74
34,94	10,85
34,96	10,96
34,99	11,07
35,01	11,20
35,04	11,33
35,06	11,45
35,09	11,59
35,11	11,72
35,14	11,85
35,16	11,99
35,18	12,11
35,21	12,23
35,23	12,36
35,26	12,47
35,28	12,60
35,31	12,72
35,33	12,85
35,36	13,02
35,38	13,16
35,40	13,31
35,43	13,46
35,45	13,63
35,48	13,81
35,50	13,99
35,53	14,13
35,55	14,31
35,57	14,44
35,60	14,62
35,62	14,76
35,65	14,91
35,67	15,04
35,70	15,20
35,72	15,35
35,75	15,57
35,77	15,70
35,79	15,90
35,82	16,07
35,84	16,28
35,87	16,44
35,89	16,65
35,92	16,78
35,94	16,98
35,97	17,12
35,99	17,30
36,01	17,45
36,04	17,65
36,06	17,80
36,09	18,04
36,11	18,23
36,14	18,45
36,16	18,64
36,19	18,84
36,21	19,01
36,23	19,19
36,26	19,31
36,28	19,48
36,31	19,61
36,33	19,77
36,36	19,91
36,38	20,06
36,41	20,23
36,43	20,40
36,45	20,56
36,48	20,72
36,50	20,86
36,53	21,01
36,55	21,17
36,58	21,31
36,60	21,44
36,62	21,55
36,65	21,65
36,67	21,77
36,70	21,87
36,72	21,93
36,75	22,00
36,77	22,07
36,80	22,13
36,82	22,22
36,84	22,27
36,87	22,33
36,89	22,37
36,92	22,40
36,94	22,44
36,97	22,47
36,99	22,45
37,02	22,46
37,04	22,43
37,06	22,41
37,09	22,39
37,11	22,41
37,14	22,36
37,16	22,32
37,19	22,26
37,21	22,21
37,24	22,15
37,26	22,08
37,28	21,98
37,31	21,91
37,33	21,84
37,36	21,76
37,38	21,68
37,41	21,56
37,43	21,47
37,46	21,30
37,48	21,18
37,50	21,02
37,53	20,88
37,55	20,74
37,58	20,60
37,60	20,45
37,63	20,32
37,65	20,17
37,68	20,06
37,70	19,89
37,72	19,73
37,75	19,57
37,77	19,40
37,80	19,19
37,82	19,01
37,85	18,78
37,87	18,61
37,89	18,40
37,92	18,22
37,94	18,01
37,97	17,83
37,99	17,62
38,02	17,50
38,04	17,30
38,07	17,14
38,09	16,94
38,11	16,80
38,14	16,62
38,16	16,46
38,19	16,22
38,21	16,05
38,24	15,86
38,26	15,72
38,29	15,54
38,31	15,38
38,33	15,23
38,36	15,11
38,38	14,95
38,41	14,87
38,43	14,70
38,46	14,57
38,48	14,45
38,51	14,31
38,53	14,18
38,55	14,07
38,58	13,93
38,60	13,84
38,63	13,73
38,65	13,65
38,68	13,59
38,70	13,52
38,73	13,45
38,75	13,40
38,77	13,35
38,80	13,31
38,82	13,29
38,85	13,24
38,87	13,22
38,90	13,18
38,92	13,15
38,94	13,13
38,97	13,13
38,99	13,11
39,02	13,13
39,04	13,12
39,07	13,14
39,09	13,15
39,12	13,18
39,14	13,21
39,16	13,25
39,19	13,25
39,21	13,32
39,24	13,33
39,26	13,41
39,29	13,44
39,31	13,51
39,34	13,56
39,36	13,66
39,38	13,71
39,41	13,82
39,43	13,88
39,46	13,98
39,48	14,07
39,51	14,16
39,53	14,24
39,56	14,36
39,58	14,44
39,60	14,58
39,63	14,69
39,65	14,82
39,68	14,94
39,70	15,08
39,73	15,19
39,75	15,35
39,78	15,47
39,80	15,60
39,82	15,72
39,85	15,86
39,87	16,02
39,90	16,19
39,92	16,34
39,95	16,52
39,97	16,68
39,99	16,85
40,02	17,02
40,04	17,20
40,07	17,35
40,09	17,50
40,12	17,65
40,14	17,82
40,17	17,99
40,19	18,16
40,21	18,35
40,24	18,53
40,26	18,74
40,29	18,95
40,31	19,14
40,34	19,35
40,36	19,56
40,39	19,75
40,41	20,01
40,43	20,16
40,46	20,35
40,48	20,53
40,51	20,74
40,53	20,92
40,56	21,14
40,58	21,30
40,61	21,58
40,63	21,80
40,65	22,08
40,68	22,29
40,70	22,53
40,73	22,73
40,75	23,00
40,78	23,16
40,80	23,40
40,83	23,57
40,85	23,80
40,87	23,99
40,90	24,24
40,92	24,42
40,95	24,72
40,97	24,92
41,00	25,19
41,02	25,41
41,05	25,69
41,07	25,92
41,09	26,18
41,12	26,34
41,14	26,57
41,17	26,75
41,19	26,96
41,22	27,13
41,24	27,33
41,26	27,50
41,29	27,72
41,31	27,91
41,34	28,16
41,36	28,35
41,39	28,56
41,41	28,74
41,44	28,91
41,46	29,12
41,48	29,30
41,51	29,42
41,53	29,55
41,56	29,65
41,58	29,79
41,61	29,93
41,63	30,02
41,66	30,13
41,68	30,27
41,70	30,38
41,73	30,52
41,75	30,60
41,78	30,67
41,80	30,76
41,83	30,81
41,85	30,83
41,88	30,88
41,90	30,88
41,92	30,91
41,95	30,95
41,97	30,96
42,00	30,96
42,02	30,96
42,05	30,95
42,07	30,96
42,10	30,92
42,12	30,85
42,14	30,79
42,17	30,70
42,19	30,65
42,22	30,59
42,24	30,50
42,27	30,43
42,29	30,34
42,31	30,25
42,34	30,18
42,36	30,07
42,39	29,93
42,41	29,82
42,44	29,66
42,46	29,52
42,49	29,36
42,51	29,20
42,53	29,05
42,56	28,89
42,58	28,71
42,61	28,54
42,63	28,37
42,66	28,20
42,68	28,02
42,71	27,78
42,73	27,59
42,75	27,35
42,78	27,16
42,80	26,96
42,83	26,75
42,85	26,49
42,88	26,32
42,90	26,07
42,93	25,90
42,95	25,68
42,97	25,47
43,00	25,23
43,02	25,04
43,05	24,77
43,07	24,59
43,10	24,31
43,12	24,07
43,15	23,83
43,17	23,64
43,19	23,41
43,22	23,23
43,24	22,99
43,27	22,82
43,29	22,61
43,32	22,43
43,34	22,24
43,36	22,07
43,39	21,86
43,41	21,69
43,44	21,49
43,46	21,35
43,49	21,17
43,51	21,00
43,54	20,88
43,56	20,77
43,58	20,65
43,61	20,55
43,63	20,42
43,66	20,31
43,68	20,22
43,71	20,11
43,73	20,03
43,76	19,94
43,78	19,86
43,80	19,81
43,83	19,75
43,85	19,69
43,88	19,66
43,90	19,62
43,93	19,60
43,95	19,55
43,98	19,53
44,00	19,51
44,02	19,51
44,05	19,51
44,07	19,54
44,10	19,53
44,12	19,59
44,15	19,61
44,17	19,68
44,20	19,72
44,22	19,79
44,24	19,83
44,27	19,95
44,29	19,99
44,32	20,08
44,34	20,14
44,37	20,22
44,39	20,29
44,41	20,40
44,44	20,45
44,46	20,58
44,49	20,68
44,51	20,82
44,54	20,96
44,56	21,13
44,59	21,27
44,61	21,43
44,63	21,55
44,66	21,71
44,68	21,83
44,71	21,99
44,73	22,13
44,76	22,30
44,78	22,47
44,81	22,68
44,83	22,87
44,85	23,08
44,88	23,29
44,90	23,48
44,93	23,69
44,95	23,88
44,98	24,06
45,00	24,28
45,03	24,48
45,05	24,66
45,07	24,87
45,10	25,05
45,12	25,29
45,15	25,54
45,17	25,78
45,20	26,03
45,22	26,28
45,25	26,52
45,27	26,79
45,29	27,06
45,32	27,29
45,34	27,51
45,37	27,74
45,39	27,96
45,42	28,22
45,44	28,46
45,47	28,72
45,49	28,98
45,51	29,25
45,54	29,51
45,56	29,80
45,59	30,07
45,61	30,38
45,64	30,62
45,66	30,88
45,68	31,11
45,71	31,40
45,73	31,65
45,76	31,93
45,78	32,14
45,81	32,43
45,83	32,70
45,86	33,05
45,88	33,28
45,90	33,59
45,93	33,83
45,95	34,15
45,98	34,42
46,00	34,70
46,03	34,91
46,05	35,19
46,08	35,41
46,10	35,69
46,12	35,92
46,15	36,17
46,17	36,41
46,20	36,70
46,22	36,95
46,25	37,23
46,27	37,50
46,30	37,72
46,32	37,94
46,34	38,21
46,37	38,40
46,39	38,63
46,42	38,81
46,44	38,99
46,47	39,18
46,49	39,37
46,52	39,53
46,54	39,73
46,56	39,91
46,59	40,10
46,61	40,26
46,64	40,41
46,66	40,55
46,69	40,66
46,71	40,79
46,73	40,93
46,76	41,03
46,78	41,14
46,81	41,25
46,83	41,36
46,86	41,47
46,88	41,56
46,91	41,60
46,93	41,67
46,95	41,74
46,98	41,78
47,00	41,84
47,03	41,85
47,05	41,89
47,08	41,93
47,10	41,93
47,13	41,95
47,15	41,97
47,17	41,93
47,20	41,93
47,22	41,88
47,25	41,82
47,27	41,78
47,30	41,71
47,32	41,63
47,35	41,58
47,37	41,49
47,39	41,42
47,42	41,30
47,44	41,20
47,47	41,09
47,49	40,98
47,52	40,85
47,54	40,72
47,57	40,55
47,59	40,43
47,61	40,24
47,64	40,04
47,66	39,83
47,69	39,63
47,71	39,41
47,74	39,21
47,76	38,99
47,78	38,81
47,81	38,58
47,83	38,37
47,86	38,15
47,88	37,96
47,91	37,71
47,93	37,48
47,96	37,18
47,98	36,95
48,00	36,67
48,03	36,41
48,05	36,10
48,08	35,86
48,10	35,58
48,13	35,37
48,15	35,09
48,18	34,86
48,20	34,60
48,22	34,39
48,25	34,09
48,27	33,84
48,30	33,55
48,32	33,31
48,35	33,01
48,37	32,76
48,40	32,49
48,42	32,26
48,44	32,03
48,47	31,85
48,49	31,64
48,52	31,48
48,54	31,30
48,57	31,13
48,59	30,98
48,62	30,81
48,64	30,62
48,66	30,44
48,69	30,24
48,71	30,08
48,74	29,93
48,76	29,77
48,79	29,66
48,81	29,55
48,84	29,47
48,86	29,40
48,88	29,29
48,91	29,22
48,93	29,16
48,96	29,09
48,98	29,05
49,01	28,98
49,03	28,94
49,05	28,94
49,08	28,93
49,10	28,93
49,13	28,94
49,15	28,96
49,18	29,02
49,20	29,04
49,23	29,08
49,25	29,12
49,27	29,21
49,30	29,26
49,32	29,36
49,35	29,40
49,37	29,50
49,40	29,58
49,42	29,72
49,45	29,79
49,47	29,94
49,49	30,01
49,52	30,18
49,54	30,29
49,57	30,44
49,59	30,54
49,62	30,71
49,64	30,83
49,67	31,04
49,69	31,16
49,71	31,38
49,74	31,54
49,76	31,75
49,79	31,96
49,81	32,19
49,84	32,36
49,86	32,57
49,89	32,72
49,91	32,96
49,93	33,17
49,96	33,39
49,98	33,60
50,01	33,84
50,03	34,08
50,06	34,37
50,08	34,61
50,10	34,89
50,13	35,14
50,15	35,39
50,18	35,67
50,20	35,93
50,23	36,19
50,25	36,48
50,28	36,73
50,30	36,98
50,32	37,28
50,35	37,55
50,37	37,86
50,40	38,16
50,42	38,44
50,45	38,75
50,47	39,08
50,50	39,39
50,52	39,74
50,54	40,02
50,57	40,31
50,59	40,62
50,62	40,91
50,64	41,19
50,67	41,47
50,69	41,75
50,72	42,12
50,74	42,46
50,76	42,81
50,79	43,13
50,81	43,50
50,84	43,86
50,86	44,24
50,89	44,51
50,91	44,78
50,94	45,06
50,96	45,39
50,98	45,70
51,01	45,99
51,03	46,23
51,06	46,59
51,08	46,91
51,11	47,29
51,13	47,60
51,15	47,92
51,18	48,24
51,20	48,60
51,23	48,89
51,25	49,22
51,28	49,44
51,30	49,65
51,33	49,80
51,35	49,90
51,37	49,97
51,40	50,00
51,42	50,00
51,45	50,00
51,47	50,00
51,50	50,00
51,52	50,00
51,55	50,00
51,57	50,00
51,59	50,00
51,62	50,00
51,64	50,00
51,67	50,00
51,69	50,00
51,72	50,00
51,74	50,00
51,77	50,00
51,79	50,00
51,81	50,00
51,84	50,00
51,86	50,00
51,89	50,00
51,91	50,00
51,94	50,00
51,96	50,00
51,99	50,00
52,01	50,00
52,03	50,00
52,06	50,00
52,08	50,00
52,11	50,00
52,13	50,00
52,16	50,00
52,18	50,00
52,20	50,00
52,23	50,00
52,25	50,00
52,28	50,00
52,30	50,00
52,33	50,00
52,35	50,00
52,38	50,00
52,40	50,00
52,42	50,00
52,45	50,00
52,47	50,00
52,50	50,00
52,52	50,00
52,55	50,00
52,57	50,00
52,60	50,00
52,62	50,00
52,64	50,00
52,67	50,00
52,69	50,00
52,72	50,00
52,74	50,00
52,77	50,00
52,79	50,00
52,82	50,00
52,84	50,00
52,86	50,00
52,89	50,00
52,91	50,00
52,94	50,00
52,96	50,00
52,99	50,00
53,01	50,00
53,04	50,00
53,06	50,00
53,08	50,00
53,11	50,00
53,13	50,00
53,16	49,98
53,18	49,92
53,21	49,81
53,23	49,69
53,26	49,49
53,28	49,28
53,30	48,96
53,33	48,70
53,35	48,43
53,38	48,20
53,40	47,88
53,43	47,64
53,45	47,39
53,47	47,19
53,50	46,93
53,52	46,67
53,55	46,36
53,57	46,15
53,60	45,89
53,62	45,63
53,65	45,38
53,67	45,15
53,69	44,93
53,72	44,80
53,74	44,58
53,77	44,40
53,79	44,25
53,82	44,09
53,84	43,93
53,87	43,77
53,89	43,58
53,91	43,47
53,94	43,31
53,96	43,20
53,99	43,07
54,01	42,97
54,04	42,90
54,06	42,83
54,09	42,78
54,11	42,72
54,13	42,63
54,16	42,59
54,18	42,59
54,21	42,55
54,23	42,55
54,26	42,55
54,28	42,59
54,31	42,65
54,33	42,73
54,35	42,77
54,38	42,87
54,40	42,91
54,43	42,97
54,45	43,04
54,48	43,16
54,50	43,23
54,52	43,34
54,55	43,41
54,57	43,55
54,60	43,66
54,62	43,86
54,65	43,99
54,67	44,16
54,70	44,28
54,72	44,48
54,74	44,62
54,77	44,84
54,79	44,95
54,82	45,14
54,84	45,35
54,87	45,59
54,89	45,83
54,92	46,12
54,94	46,33
54,96	46,62
54,99	46,89
55,01	47,15
55,04	47,43
55,06	47,71
55,09	47,92
55,11	48,20
55,14	48,46
55,16	48,73
55,18	49,01
55,21	49,26
55,23	49,46
55,26	49,67
55,28	49,83
55,31	49,94
55,33	50,00
55,36	50,00
55,38	50,00
55,40	50,00
55,43	50,00
55,45	50,00
55,48	50,00
55,50	50,00
55,53	50,00
55,55	50,00
55,57	50,00
55,60	50,00
55,62	50,00
55,65	50,00
55,67	50,00
55,70	50,00
55,72	50,00
55,75	50,00
55,77	50,00
55,79	50,00
55,82	50,00
55,84	50,00
55,87	50,00
55,89	50,00
55,92	50,00
55,94	50,00
55,97	50,00
55,99	50,00
56,01	50,00
56,04	50,00
56,06	50,00
56,09	50,00
56,11	50,00
56,14	50,00
56,16	50,00
56,19	50,00
56,21	50,00
56,23	50,00
56,26	50,00
56,28	50,00
56,31	50,00
56,33	50,00
56,36	50,00
56,38	50,00
56,41	50,00
56,43	50,00
56,45	50,00
56,48	50,00
56,50	50,00
56,53	50,00
56,55	50,00
56,58	50,00
56,60	50,00
56,62	50,00
56,65	50,00
56,67	50,00
56,70	50,00
56,72	50,00
56,75	50,00
56,77	50,00
56,80	50,00
56,82	50,00
56,84	50,00
56,87	50,00
56,89	50,00
56,92	50,00
56,94	50,00
56,97	50,00
56,99	50,00
57,02	50,00
57,04	50,00
57,06	50,00
57,09	50,00
57,11	50,00
57,14	50,00
57,16	50,00
57,19	50,00
57,21	50,00
57,24	50,00
57,26	50,00
57,28	50,00
57,31	50,00
57,33	50,00
57,36	50,00
57,38	50,00
57,41	50,00
57,43	50,00
57,46	50,00
57,48	50,00
57,50	50,00
57,53	50,00
57,55	50,00
57,58	50,00
57,60	50,00
57,63	50,00
57,65	50,00
57,68	50,00
57,70	50,00
57,72	50,00
57,75	50,00
57,77	50,00
57,80	50,00
57,82	50,00
57,85	50,00
57,87	50,00
57,89	50,00
57,92	50,00
57,94	50,00
57,97	50,00
57,99	50,00
58,02	50,00
58,04	50,00
58,07	50,00
58,09	50,00
58,11	50,00
58,14	50,00
58,16	50,00
58,19	50,00
58,21	50,00
58,24	50,00
58,26	50,00
58,29	50,00
58,31	50,00
58,33	50,00
58,36	50,00
58,38	50,00
58,41	50,00
58,43	50,00
58,46	50,00
58,48	50,00
58,51	50,00
58,53	50,00
58,55	50,00
58,58	50,00
58,60	50,00
58,63	50,00
58,65	50,00
58,68	50,00
58,70	50,00
58,73	50,00
58,75	50,00
58,77	50,00
58,80	50,00
58,82	50,00
58,85	50,00
58,87	50,00
58,90	50,00
58,92	50,00
58,94	50,00
58,97	50,00
58,99	50,00
59,02	50,00
59,04	50,00
59,07	50,00
59,09	50,00
59,12	50,00
59,14	50,00
59,16	50,00
59,19	50,00
59,21	50,00
59,24	50,00
59,26	50,00
59,29	50,00
59,31	50,00
59,34	50,00
59,36	50,00
59,38	50,00
59,41	50,00
59,43	50,00
59,46	50,00
59,48	50,00
59,51	50,00
59,53	50,00
59,56	50,00
59,58	50,00
59,60	50,00
59,63	50,00
59,65	50,00
59,68	50,00
59,70	50,00
59,73	50,00
59,75	50,00
59,78	50,00
59,80	50,00
59,82	50,00
59,85	50,00
59,87	50,00
59,90	50,00
59,92	50,00
59,95	50,00
59,97	50,00
59,99	50,00
