U1/V	IA/nA
0,02	0,04
0,04	0,04
0,07	0,07
0,09	0,07
0,12	0,10
0,14	0,08
0,17	0,10
0,19	0,09
0,21	0,11
0,24	0,09
0,26	0,11
0,29	0,09
0,31	0,09
0,34	0,09
0,36	0,10
0,39	0,08
0,41	0,11
0,43	0,09
0,46	0,10
0,48	0,08
0,51	0,09
0,53	0,07
0,56	0,09
0,58	0,06
0,61	0,09
0,63	0,07
0,65	0,08
0,68	0,06
0,70	0,07
0,73	0,06
0,75	0,07
0,78	0,05
0,80	0,07
0,83	0,06
0,85	0,07
0,87	0,09
0,90	0,09
0,92	0,09
0,95	0,09
0,97	0,08
1,00	0,09
1,02	0,09
1,05	0,07
1,07	0,07
1,09	0,07
1,12	0,06
1,14	0,07
1,17	0,07
1,19	0,07
1,22	0,08
1,24	0,07
1,26	0,09
1,29	0,08
1,31	0,08
1,34	0,09
1,36	0,09
1,39	0,07
1,41	0,08
1,44	0,07
1,46	0,09
1,48	0,07
1,51	0,09
1,53	0,08
1,56	0,08
1,58	0,07
1,61	0,09
1,63	0,07
1,66	0,10
1,68	0,07
1,70	0,08
1,73	0,09
1,75	0,11
1,78	0,08
1,80	0,11
1,83	0,09
1,85	0,11
1,88	0,10
1,90	0,10
1,92	0,08
1,95	0,10
1,97	0,07
2,00	0,10
2,02	0,09
2,05	0,09
2,07	0,08
2,10	0,09
2,12	0,09
2,14	0,10
2,17	0,07
2,19	0,08
2,22	0,06
2,24	0,07
2,27	0,06
2,29	0,06
2,31	0,05
2,34	0,08
2,36	0,06
2,39	0,08
2,41	0,09
2,44	0,09
2,46	0,10
2,49	0,10
2,51	0,09
2,53	0,10
2,56	0,09
2,58	0,10
2,61	0,11
2,63	0,10
2,66	0,10
2,68	0,10
2,71	0,10
2,73	0,11
2,75	0,11
2,78	0,08
2,80	0,09
2,83	0,08
2,85	0,08
2,88	0,08
2,90	0,08
2,93	0,07
2,95	0,08
2,97	0,07
3,00	0,09
3,02	0,08
3,05	0,08
3,07	0,07
3,10	0,09
3,12	0,08
3,15	0,10
3,17	0,08
3,19	0,10
3,22	0,08
3,24	0,09
3,27	0,07
3,29	0,09
3,32	0,07
3,34	0,11
3,36	0,09
3,39	0,11
3,41	0,10
3,44	0,12
3,46	0,11
3,49	0,14
3,51	0,10
3,54	0,12
3,56	0,09
3,58	0,11
3,61	0,09
3,63	0,09
3,66	0,07
3,68	0,09
3,71	0,07
3,73	0,09
3,76	0,07
3,78	0,08
3,80	0,09
3,83	0,10
3,85	0,09
3,88	0,11
3,90	0,09
3,93	0,11
3,95	0,10
3,98	0,09
4,00	0,08
4,02	0,09
4,05	0,08
4,07	0,11
4,10	0,10
4,12	0,11
4,15	0,12
4,17	0,11
4,20	0,11
4,22	0,12
4,24	0,10
4,27	0,11
4,29	0,10
4,32	0,08
4,34	0,09
4,37	0,08
4,39	0,09
4,42	0,08
4,44	0,09
4,46	0,09
4,49	0,09
4,51	0,08
4,54	0,11
4,56	0,09
4,59	0,11
4,61	0,09
4,63	0,10
4,66	0,10
4,68	0,13
4,71	0,09
4,73	0,12
4,76	0,09
4,78	0,11
4,81	0,11
4,83	0,13
4,85	0,11
4,88	0,13
4,90	0,10
4,93	0,13
4,95	0,12
4,98	0,12
5,00	0,11
5,03	0,11
5,05	0,09
5,07	0,11
5,10	0,09
5,12	0,10
5,15	0,08
5,17	0,10
5,20	0,09
5,22	0,10
5,25	0,09
5,27	0,12
5,29	0,10
5,32	0,13
5,34	0,12
5,37	0,14
5,39	0,13
5,42	0,15
5,44	0,11
5,47	0,13
5,49	0,10
5,51	0,12
5,54	0,14
5,56	0,14
5,59	0,13
5,61	0,15
5,64	0,15
5,66	0,18
5,68	0,17
5,71	0,15
5,73	0,14
5,76	0,13
5,78	0,13
5,81	0,14
5,83	0,13
5,86	0,12
5,88	0,11
5,90	0,11
5,93	0,13
5,95	0,14
5,98	0,14
6,00	0,14
6,03	0,14
6,05	0,14
6,08	0,15
6,10	0,15
6,12	0,16
6,15	0,15
6,17	0,15
6,20	0,14
6,22	0,16
6,25	0,14
6,27	0,17
6,30	0,15
6,32	0,16
6,34	0,15
6,37	0,16
6,39	0,16
6,42	0,18
6,44	0,14
6,47	0,17
6,49	0,14
6,52	0,16
6,54	0,15
6,56	0,16
6,59	0,13
6,61	0,15
6,64	0,13
6,66	0,16
6,69	0,14
6,71	0,15
6,73	0,16
6,76	0,19
6,78	0,17
6,81	0,20
6,83	0,18
6,86	0,20
6,88	0,19
6,91	0,19
6,93	0,18
6,95	0,19
6,98	0,16
7,00	0,20
7,03	0,19
7,05	0,21
7,08	0,20
7,10	0,22
7,13	0,23
7,15	0,25
7,17	0,21
7,20	0,22
7,22	0,19
7,25	0,20
7,27	0,19
7,30	0,18
7,32	0,18
7,35	0,19
7,37	0,18
7,39	0,20
7,42	0,19
7,44	0,20
7,47	0,24
7,49	0,24
7,52	0,25
7,54	0,25
7,57	0,25
7,59	0,25
7,61	0,26
7,64	0,24
7,66	0,25
7,69	0,24
7,71	0,25
7,74	0,27
7,76	0,28
7,78	0,28
7,81	0,29
7,83	0,27
7,86	0,31
7,88	0,30
7,91	0,30
7,93	0,29
7,96	0,29
7,98	0,28
8,00	0,29
8,03	0,25
8,05	0,27
8,08	0,25
8,10	0,26
8,13	0,26
8,15	0,28
8,18	0,27
8,20	0,32
8,22	0,30
8,25	0,33
8,27	0,32
8,30	0,34
8,32	0,33
8,35	0,35
8,37	0,32
8,40	0,35
8,42	0,32
8,44	0,34
8,47	0,34
8,49	0,36
8,52	0,35
8,54	0,37
8,57	0,35
8,59	0,40
8,62	0,38
8,64	0,38
8,66	0,37
8,69	0,36
8,71	0,36
8,74	0,38
8,76	0,35
8,79	0,37
8,81	0,36
8,84	0,36
8,86	0,38
8,88	0,39
8,91	0,38
8,93	0,41
8,96	0,40
8,98	0,40
9,01	0,41
9,03	0,42
9,05	0,42
9,08	0,42
9,10	0,40
9,13	0,41
9,15	0,42
9,18	0,42
9,20	0,44
9,23	0,43
9,25	0,45
9,27	0,45
9,30	0,46
9,32	0,48
9,35	0,49
9,37	0,46
9,40	0,48
9,42	0,44
9,45	0,46
9,47	0,45
9,49	0,45
9,52	0,44
9,54	0,45
9,57	0,44
9,59	0,48
9,62	0,46
9,64	0,49
9,67	0,50
9,69	0,52
9,71	0,51
9,74	0,54
9,76	0,52
9,79	0,55
9,81	0,53
9,84	0,52
9,86	0,52
9,89	0,52
9,91	0,50
9,93	0,52
9,96	0,50
9,98	0,53
10,01	0,53
10,03	0,54
10,06	0,56
10,08	0,58
10,10	0,57
10,13	0,59
10,15	0,56
10,18	0,57
10,20	0,56
10,23	0,57
10,25	0,56
10,28	0,57
10,30	0,56
10,32	0,60
10,35	0,60
10,37	0,61
10,40	0,63
10,42	0,64
10,45	0,64
10,47	0,65
10,50	0,63
10,52	0,64
10,54	0,63
10,57	0,62
10,59	0,64
10,62	0,63
10,64	0,63
10,67	0,64
10,69	0,66
10,72	0,67
10,74	0,67
10,76	0,65
10,79	0,69
10,81	0,69
10,84	0,71
10,86	0,71
10,89	0,69
10,91	0,68
10,94	0,70
10,96	0,68
10,98	0,71
11,01	0,69
11,03	0,70
11,06	0,71
11,08	0,73
11,11	0,72
11,13	0,75
11,15	0,73
11,18	0,76
11,20	0,74
11,23	0,75
11,25	0,74
11,28	0,76
11,30	0,74
11,33	0,77
11,35	0,75
11,37	0,77
11,40	0,77
11,42	0,79
11,45	0,78
11,47	0,80
11,50	0,78
11,52	0,84
11,55	0,84
11,57	0,86
11,59	0,85
11,62	0,84
11,64	0,84
11,67	0,86
11,69	0,83
11,72	0,84
11,74	0,81
11,77	0,82
11,79	0,85
11,81	0,87
11,84	0,86
11,86	0,89
11,89	0,87
11,91	0,91
11,94	0,91
11,96	0,92
11,99	0,91
12,01	0,93
12,03	0,91
12,06	0,94
12,08	0,93
12,11	0,94
12,13	0,95
12,16	0,96
12,18	0,96
12,21	0,97
12,23	0,96
12,25	1,01
12,28	1,01
12,30	1,01
12,33	1,02
12,35	1,00
12,38	1,02
12,40	1,03
12,42	1,02
12,45	1,02
12,47	1,02
12,50	1,01
12,52	1,06
12,55	1,05
12,57	1,06
12,60	1,06
12,62	1,07
12,64	1,08
12,67	1,10
12,69	1,09
12,72	1,10
12,74	1,09
12,77	1,11
12,79	1,11
12,82	1,12
12,84	1,11
12,86	1,13
12,89	1,13
12,91	1,16
12,94	1,16
12,96	1,17
12,99	1,20
13,01	1,22
13,04	1,21
13,06	1,24
13,08	1,21
13,11	1,23
13,13	1,23
13,16	1,22
13,18	1,21
13,21	1,23
13,23	1,21
13,26	1,26
13,28	1,24
13,30	1,25
13,33	1,27
13,35	1,28
13,38	1,28
13,40	1,30
13,43	1,27
13,45	1,29
13,47	1,28
13,50	1,30
13,52	1,31
13,55	1,30
13,57	1,29
13,60	1,31
13,62	1,32
13,65	1,34
13,67	1,33
13,69	1,32
13,72	1,36
13,74	1,36
13,77	1,36
13,79	1,37
13,82	1,37
13,84	1,37
13,87	1,38
13,89	1,36
13,91	1,37
13,94	1,36
13,96	1,36
13,99	1,38
14,01	1,39
14,04	1,38
14,06	1,40
14,09	1,40
14,11	1,42
14,13	1,41
14,16	1,41
14,18	1,41
14,21	1,43
14,23	1,42
14,26	1,43
14,28	1,41
14,31	1,43
14,33	1,42
14,35	1,43
14,38	1,42
14,40	1,44
14,43	1,42
14,45	1,47
14,48	1,45
14,50	1,47
14,52	1,46
14,55	1,47
14,57	1,47
14,60	1,49
14,62	1,46
14,65	1,48
14,67	1,45
14,70	1,47
14,72	1,46
14,74	1,48
14,77	1,46
14,79	1,49
14,82	1,48
14,84	1,51
14,87	1,51
14,89	1,52
14,92	1,51
14,94	1,52
14,96	1,50
14,99	1,53
15,01	1,50
15,04	1,51
15,06	1,51
15,09	1,52
15,11	1,53
15,14	1,55
15,16	1,54
15,18	1,57
15,21	1,56
15,23	1,57
15,26	1,57
15,28	1,57
15,31	1,57
15,33	1,58
15,36	1,59
15,38	1,60
15,40	1,59
15,43	1,59
15,45	1,61
15,48	1,62
15,50	1,63
15,53	1,62
15,55	1,64
15,57	1,66
15,60	1,67
15,62	1,67
15,65	1,69
15,67	1,67
15,70	1,68
15,72	1,69
15,75	1,70
15,77	1,68
15,79	1,70
15,82	1,69
15,84	1,73
15,87	1,73
15,89	1,73
15,92	1,75
15,94	1,78
15,97	1,77
15,99	1,81
16,01	1,79
16,04	1,81
16,06	1,81
16,09	1,83
16,11	1,82
16,14	1,83
16,16	1,82
16,19	1,86
16,21	1,86
16,23	1,89
16,26	1,89
16,28	1,92
16,31	1,94
16,33	1,98
16,36	1,96
16,38	2,00
16,41	1,99
16,43	2,02
16,45	2,02
16,48	2,04
16,50	2,04
16,53	2,07
16,55	2,07
16,58	2,12
16,60	2,12
16,63	2,14
16,65	2,14
16,67	2,15
16,70	2,16
16,72	2,19
16,75	2,17
16,77	2,19
16,80	2,21
16,82	2,24
16,84	2,26
16,87	2,27
16,89	2,29
16,92	2,32
16,94	2,34
16,97	2,36
16,99	2,37
17,02	2,39
17,04	2,42
17,06	2,42
17,09	2,42
17,11	2,42
17,14	2,44
17,16	2,45
17,19	2,49
17,21	2,49
17,24	2,52
17,26	2,53
17,28	2,56
17,31	2,58
17,33	2,60
17,36	2,57
17,38	2,61
17,41	2,61
17,43	2,63
17,46	2,64
17,48	2,65
17,50	2,65
17,53	2,68
17,55	2,67
17,58	2,71
17,60	2,69
17,63	2,72
17,65	2,73
17,68	2,76
17,70	2,76
17,72	2,79
17,75	2,78
17,77	2,82
17,80	2,81
17,82	2,82
17,85	2,82
17,87	2,83
17,89	2,82
17,92	2,86
17,94	2,85
17,97	2,88
17,99	2,87
18,02	2,88
18,04	2,89
18,07	2,91
18,09	2,88
18,11	2,90
18,14	2,88
18,16	2,90
18,19	2,89
18,21	2,89
18,24	2,88
18,26	2,90
18,29	2,89
18,31	2,91
18,33	2,88
18,36	2,89
18,38	2,91
18,41	2,92
18,43	2,91
18,46	2,93
18,48	2,92
18,51	2,94
18,53	2,94
18,55	2,93
18,58	2,93
18,60	2,92
18,63	2,91
18,65	2,94
18,68	2,95
18,70	2,95
18,73	2,95
18,75	2,94
18,77	2,96
18,80	2,94
18,82	2,93
18,85	2,93
18,87	2,92
18,90	2,90
18,92	2,91
18,94	2,90
18,97	2,92
18,99	2,89
19,02	2,89
19,04	2,89
19,07	2,91
19,09	2,89
19,12	2,92
19,14	2,90
19,16	2,91
19,19	2,90
19,21	2,91
19,24	2,89
19,26	2,91
19,29	2,88
19,31	2,90
19,34	2,88
19,36	2,90
19,38	2,91
19,41	2,93
19,43	2,92
19,46	2,94
19,48	2,91
19,51	2,94
19,53	2,93
19,56	2,92
19,58	2,91
19,60	2,91
19,63	2,89
19,65	2,91
19,68	2,89
19,70	2,91
19,73	2,89
19,75	2,90
19,78	2,91
19,80	2,93
19,82	2,91
19,85	2,95
19,87	2,93
19,90	2,96
19,92	2,96
19,95	2,96
19,97	2,96
19,99	2,97
20,02	2,95
20,04	2,97
20,07	2,96
20,09	2,98
20,12	3,01
20,14	3,02
20,17	3,03
20,19	3,05
20,21	3,06
20,24	3,09
20,26	3,10
20,29	3,08
20,31	3,09
20,34	3,09
20,36	3,10
20,39	3,12
20,41	3,13
20,43	3,12
20,46	3,15
20,48	3,16
20,51	3,21
20,53	3,20
20,56	3,22
20,58	3,24
20,61	3,28
20,63	3,28
20,65	3,31
20,68	3,31
20,70	3,35
20,73	3,35
20,75	3,37
20,78	3,37
20,80	3,40
20,83	3,40
20,85	3,46
20,87	3,46
20,90	3,50
20,92	3,51
20,95	3,55
20,97	3,57
21,00	3,61
21,02	3,60
21,05	3,65
21,07	3,64
21,09	3,68
21,12	3,70
21,14	3,72
21,17	3,75
21,19	3,80
21,22	3,81
21,24	3,86
21,26	3,87
21,29	3,91
21,31	3,96
21,34	3,99
21,36	4,01
21,39	4,04
21,41	4,07
21,44	4,11
21,46	4,14
21,48	4,17
21,51	4,20
21,53	4,23
21,56	4,26
21,58	4,32
21,61	4,35
21,63	4,39
21,66	4,41
21,68	4,45
21,70	4,49
21,73	4,52
21,75	4,53
21,78	4,57
21,80	4,59
21,83	4,61
21,85	4,64
21,88	4,65
21,90	4,70
21,92	4,72
21,95	4,74
21,97	4,78
22,00	4,82
22,02	4,83
22,05	4,89
22,07	4,89
22,10	4,93
22,12	4,94
22,14	4,98
22,17	5,00
22,19	5,05
22,22	5,04
22,24	5,09
22,27	5,11
22,29	5,13
22,31	5,15
22,34	5,17
22,36	5,17
22,39	5,21
22,41	5,19
22,44	5,24
22,46	5,25
22,49	5,27
22,51	5,27
22,53	5,28
22,56	5,27
22,58	5,30
22,61	5,27
22,63	5,29
22,66	5,27
22,68	5,29
22,71	5,29
22,73	5,31
22,75	5,30
22,78	5,34
22,80	5,32
22,83	5,34
22,85	5,34
22,88	5,35
22,90	5,34
22,93	5,35
22,95	5,30
22,97	5,30
23,00	5,28
23,02	5,29
23,05	5,27
23,07	5,28
23,10	5,26
23,12	5,28
23,15	5,27
23,17	5,29
23,19	5,27
23,22	5,27
23,24	5,25
23,27	5,23
23,29	5,20
23,32	5,20
23,34	5,16
23,36	5,16
23,39	5,13
23,41	5,12
23,44	5,13
23,46	5,13
23,49	5,11
23,51	5,12
23,54	5,09
23,56	5,09
23,58	5,08
23,61	5,05
23,63	5,04
23,66	5,02
23,68	4,99
23,71	4,98
23,73	4,97
23,76	4,96
23,78	4,96
23,80	4,94
23,83	4,94
23,85	4,93
23,88	4,92
23,90	4,93
23,93	4,93
23,95	4,90
23,98	4,91
24,00	4,88
24,02	4,88
24,05	4,86
24,07	4,84
24,10	4,83
24,12	4,83
24,15	4,80
24,17	4,83
24,20	4,81
24,22	4,82
24,24	4,83
24,27	4,84
24,29	4,83
24,32	4,85
24,34	4,82
24,37	4,84
24,39	4,83
24,42	4,82
24,44	4,81
24,46	4,81
24,49	4,80
24,51	4,82
24,54	4,81
24,56	4,84
24,59	4,83
24,61	4,85
24,63	4,88
24,66	4,89
24,68	4,90
24,71	4,93
24,73	4,90
24,76	4,92
24,78	4,92
24,81	4,92
24,83	4,93
24,85	4,94
24,88	4,94
24,90	4,98
24,93	4,99
24,95	5,02
24,98	5,06
25,00	5,09
25,03	5,12
25,05	5,15
25,07	5,15
25,10	5,18
25,12	5,20
25,15	5,20
25,17	5,24
25,20	5,24
25,22	5,26
25,25	5,29
25,27	5,33
25,29	5,36
25,32	5,41
25,34	5,41
25,37	5,50
25,39	5,52
25,42	5,56
25,44	5,57
25,47	5,59
25,49	5,60
25,51	5,65
25,54	5,65
25,56	5,72
25,59	5,73
25,61	5,79
25,64	5,85
25,66	5,91
25,68	5,94
25,71	6,00
25,73	6,02
25,76	6,10
25,78	6,13
25,81	6,17
25,83	6,20
25,86	6,26
25,88	6,28
25,90	6,35
25,93	6,36
25,95	6,43
25,98	6,46
26,00	6,53
26,03	6,57
26,05	6,65
26,08	6,68
26,10	6,78
26,12	6,82
26,15	6,89
26,17	6,93
26,20	6,97
26,22	7,00
26,25	7,06
26,27	7,08
26,30	7,14
26,32	7,18
26,34	7,24
26,37	7,32
26,39	7,39
26,42	7,45
26,44	7,51
26,47	7,55
26,49	7,62
26,52	7,67
26,54	7,72
26,56	7,76
26,59	7,80
26,61	7,84
26,64	7,90
26,66	7,95
26,69	8,00
26,71	8,04
26,73	8,09
26,76	8,14
26,78	8,18
26,81	8,24
26,83	8,30
26,86	8,33
26,88	8,35
26,91	8,40
26,93	8,41
26,95	8,46
26,98	8,48
27,00	8,51
27,03	8,53
27,05	8,57
27,08	8,58
27,10	8,64
27,13	8,64
27,15	8,67
27,17	8,68
27,20	8,70
27,22	8,72
27,25	8,76
27,27	8,75
27,30	8,79
27,32	8,79
27,35	8,81
27,37	8,82
27,39	8,83
27,42	8,80
27,44	8,83
27,47	8,81
27,49	8,82
27,52	8,81
27,54	8,81
27,57	8,83
27,59	8,84
27,61	8,81
27,64	8,83
27,66	8,81
27,69	8,80
27,71	8,77
27,74	8,75
27,76	8,73
27,78	8,71
27,81	8,68
27,83	8,67
27,86	8,63
27,88	8,63
27,91	8,61
27,93	8,60
27,96	8,59
27,98	8,58
28,00	8,53
28,03	8,53
28,05	8,49
28,08	8,47
28,10	8,43
28,13	8,38
28,15	8,35
28,18	8,34
28,20	8,30
28,22	8,29
28,25	8,26
28,27	8,22
28,30	8,22
28,32	8,18
28,35	8,15
28,37	8,12
28,40	8,08
28,42	8,04
28,44	8,02
28,47	7,99
28,49	7,98
28,52	7,93
28,54	7,90
28,57	7,88
28,59	7,87
28,62	7,83
28,64	7,83
28,66	7,79
28,69	7,79
28,71	7,76
28,74	7,74
28,76	7,72
28,79	7,71
28,81	7,67
28,84	7,69
28,86	7,64
28,88	7,64
28,91	7,61
28,93	7,61
28,96	7,60
28,98	7,61
29,01	7,57
29,03	7,61
29,05	7,58
29,08	7,59
29,10	7,56
29,13	7,57
29,15	7,55
29,18	7,57
29,20	7,55
29,23	7,58
29,25	7,56
29,27	7,57
29,30	7,58
29,32	7,60
29,35	7,59
29,37	7,61
29,40	7,60
29,42	7,63
29,45	7,64
29,47	7,66
29,49	7,67
29,52	7,70
29,54	7,69
29,57	7,73
29,59	7,74
29,62	7,78
29,64	7,79
29,67	7,82
29,69	7,85
29,71	7,89
29,74	7,91
29,76	7,96
29,79	7,98
29,81	8,01
29,84	8,05
29,86	8,07
29,89	8,11
29,91	8,15
29,93	8,19
29,96	8,23
29,98	8,26
30,01	8,30
30,03	8,36
30,06	8,40
30,08	8,45
30,10	8,48
30,13	8,54
30,15	8,60
30,18	8,66
30,20	8,70
30,23	8,77
30,25	8,81
30,28	8,88
30,30	8,94
30,32	9,01
30,35	9,04
30,37	9,10
30,40	9,14
30,42	9,22
30,45	9,26
30,47	9,33
30,50	9,38
30,52	9,47
30,54	9,51
30,57	9,61
30,59	9,65
30,62	9,75
30,64	9,80
30,67	9,87
30,69	9,93
30,72	10,00
30,74	10,06
30,76	10,16
30,79	10,21
30,81	10,31
30,84	10,38
30,86	10,47
30,89	10,56
30,91	10,65
30,94	10,69
30,96	10,78
30,98	10,85
31,01	10,94
31,03	11,01
31,06	11,10
31,08	11,16
31,11	11,25
31,13	11,31
31,15	11,41
31,18	11,49
31,20	11,58
31,23	11,65
31,25	11,74
31,28	11,82
31,30	11,92
31,33	11,99
31,35	12,06
31,37	12,12
31,40	12,20
31,42	12,28
31,45	12,34
31,47	12,40
31,50	12,49
31,52	12,56
31,55	12,64
31,57	12,71
31,59	12,77
31,62	12,87
31,64	12,92
31,67	12,97
31,69	13,02
31,72	13,09
31,74	13,14
31,77	13,22
31,79	13,25
31,81	13,32
31,84	13,36
31,86	13,41
31,89	13,45
31,91	13,51
31,94	13,51
31,96	13,57
31,99	13,59
32,01	13,63
32,03	13,66
32,06	13,69
32,08	13,69
32,11	13,73
32,13	13,72
32,16	13,77
32,18	13,76
32,20	13,77
32,23	13,78
32,25	13,80
32,28	13,79
32,30	13,81
32,33	13,80
32,35	13,83
32,38	13,81
32,40	13,81
32,42	13,80
32,45	13,80
32,47	13,76
32,50	13,78
32,52	13,73
32,55	13,72
32,57	13,68
32,60	13,66
32,62	13,63
32,64	13,62
32,67	13,54
32,69	13,53
32,72	13,48
32,74	13,45
32,77	13,39
32,79	13,35
32,82	13,30
32,84	13,28
32,86	13,23
32,89	13,20
32,91	13,14
32,94	13,11
32,96	13,08
32,99	13,04
33,01	12,97
33,04	12,92
33,06	12,85
33,08	12,80
33,11	12,75
33,13	12,68
33,16	12,63
33,18	12,58
33,21	12,53
33,23	12,51
33,26	12,47
33,28	12,42
33,30	12,37
33,33	12,31
33,35	12,29
33,38	12,23
33,40	12,16
33,43	12,11
33,45	12,06
33,47	12,01
33,50	11,99
33,52	11,93
33,55	11,91
33,57	11,86
33,60	11,83
33,62	11,79
33,65	11,76
33,67	11,70
33,69	11,70
33,72	11,65
33,74	11,64
33,77	11,60
33,79	11,58
33,82	11,56
33,84	11,56
33,87	11,50
33,89	11,52
33,91	11,48
33,94	11,49
33,96	11,49
33,99	11,51
34,01	11,49
34,04	11,51
34,06	11,48
34,09	11,51
34,11	11,50
34,13	11,50
34,16	11,48
34,18	11,49
34,21	11,48
34,23	11,52
34,26	11,51
34,28	11,54
34,31	11,54
34,33	11,56
34,35	11,59
34,38	11,63
34,40	11,64
34,43	11,70
34,45	11,72
34,48	11,76
34,50	11,80
34,52	11,84
34,55	11,86
34,57	11,90
34,60	11,91
34,62	11,96
34,65	11,98
34,67	12,04
34,70	12,11
34,72	12,17
34,74	12,23
34,77	12,29
34,79	12,36
34,82	12,45
34,84	12,51
34,87	12,53
34,89	12,59
34,92	12,62
34,94	12,68
34,96	12,75
34,99	12,80
35,01	12,87
35,04	12,95
35,06	13,02
35,09	13,13
35,11	13,20
35,14	13,28
35,16	13,38
35,18	13,45
35,21	13,51
35,23	13,60
35,26	13,66
35,28	13,75
35,31	13,80
35,33	13,87
35,36	13,95
35,38	14,06
35,40	14,12
35,43	14,25
35,45	14,31
35,48	14,44
35,50	14,52
35,53	14,63
35,55	14,72
35,57	14,83
35,60	14,88
35,62	15,01
35,65	15,07
35,67	15,17
35,70	15,24
35,72	15,35
35,75	15,44
35,77	15,55
35,79	15,64
35,82	15,76
35,84	15,85
35,87	15,96
35,89	16,08
35,92	16,20
35,94	16,29
35,97	16,40
35,99	16,48
36,01	16,60
36,04	16,71
36,06	16,81
36,09	16,91
36,11	17,01
36,14	17,11
36,16	17,24
36,19	17,34
36,21	17,45
36,23	17,54
36,26	17,63
36,28	17,75
36,31	17,85
36,33	17,92
36,36	18,01
36,38	18,08
36,41	18,17
36,43	18,28
36,45	18,35
36,48	18,45
36,50	18,55
36,53	18,63
36,55	18,73
36,58	18,81
36,60	18,85
36,62	18,95
36,65	19,00
36,67	19,07
36,70	19,12
36,72	19,18
36,75	19,23
36,77	19,33
36,80	19,36
36,82	19,45
36,84	19,49
36,87	19,54
36,89	19,59
36,92	19,64
36,94	19,66
36,97	19,71
36,99	19,71
37,02	19,79
37,04	19,80
37,06	19,83
37,09	19,84
37,11	19,86
37,14	19,86
37,16	19,89
37,19	19,86
37,21	19,89
37,24	19,87
37,26	19,87
37,28	19,88
37,31	19,88
37,33	19,84
37,36	19,87
37,38	19,83
37,41	19,84
37,43	19,81
37,46	19,79
37,48	19,74
37,50	19,73
37,53	19,63
37,55	19,62
37,58	19,53
37,60	19,49
37,63	19,43
37,65	19,39
37,68	19,32
37,70	19,28
37,72	19,18
37,75	19,16
37,77	19,09
37,80	19,02
37,82	18,93
37,85	18,84
37,87	18,76
37,89	18,72
37,92	18,62
37,94	18,54
37,97	18,44
37,99	18,38
38,02	18,34
38,04	18,26
38,07	18,16
38,09	18,10
38,11	18,02
38,14	17,95
38,16	17,86
38,19	17,77
38,21	17,69
38,24	17,60
38,26	17,51
38,29	17,44
38,31	17,35
38,33	17,28
38,36	17,22
38,38	17,15
38,41	17,09
38,43	17,01
38,46	16,94
38,48	16,91
38,51	16,86
38,53	16,78
38,55	16,73
38,58	16,65
38,60	16,61
38,63	16,56
38,65	16,50
38,68	16,45
38,70	16,42
38,73	16,37
38,75	16,39
38,77	16,37
38,80	16,35
38,82	16,32
38,85	16,31
38,87	16,28
38,90	16,30
38,92	16,26
38,94	16,27
38,97	16,24
38,99	16,24
39,02	16,24
39,04	16,25
39,07	16,23
39,09	16,26
39,12	16,25
39,14	16,29
39,16	16,29
39,19	16,32
39,21	16,37
39,24	16,42
39,26	16,42
39,29	16,48
39,31	16,48
39,34	16,53
39,36	16,56
39,38	16,58
39,41	16,60
39,43	16,66
39,46	16,68
39,48	16,77
39,51	16,80
39,53	16,86
39,56	16,93
39,58	17,00
39,60	17,06
39,63	17,13
39,65	17,17
39,68	17,26
39,70	17,33
39,73	17,39
39,75	17,46
39,78	17,50
39,80	17,57
39,82	17,66
39,85	17,73
39,87	17,82
39,90	17,93
39,92	18,00
39,95	18,14
39,97	18,23
39,99	18,33
40,02	18,44
40,04	18,54
40,07	18,60
40,09	18,71
40,12	18,76
40,14	18,88
40,17	18,93
40,19	19,03
40,21	19,11
40,24	19,24
40,26	19,33
40,29	19,48
40,31	19,57
40,34	19,73
40,36	19,83
40,39	19,98
40,41	20,10
40,43	20,24
40,46	20,31
40,48	20,45
40,51	20,50
40,53	20,64
40,56	20,74
40,58	20,87
40,61	20,98
40,63	21,15
40,65	21,27
40,68	21,48
40,70	21,61
40,73	21,75
40,75	21,87
40,78	22,01
40,80	22,12
40,83	22,23
40,85	22,33
40,87	22,45
40,90	22,57
40,92	22,70
40,95	22,84
40,97	23,00
41,00	23,14
41,02	23,28
41,05	23,40
41,07	23,56
41,09	23,68
41,12	23,80
41,14	23,91
41,17	24,03
41,19	24,15
41,22	24,29
41,24	24,38
41,26	24,50
41,29	24,65
41,31	24,77
41,34	24,90
41,36	25,00
41,39	25,12
41,41	25,29
41,44	25,42
41,46	25,52
41,48	25,62
41,51	25,72
41,53	25,86
41,56	25,94
41,58	26,01
41,61	26,09
41,63	26,17
41,66	26,27
41,68	26,38
41,70	26,45
41,73	26,55
41,75	26,61
41,78	26,68
41,80	26,74
41,83	26,82
41,85	26,85
41,88	26,92
41,90	26,96
41,92	27,03
41,95	27,08
41,97	27,13
42,00	27,15
42,02	27,21
42,05	27,21
42,07	27,27
42,10	27,27
42,12	27,31
42,14	27,34
42,17	27,37
42,19	27,34
42,22	27,37
42,24	27,33
42,27	27,35
42,29	27,31
42,31	27,28
42,34	27,24
42,36	27,23
42,39	27,17
42,41	27,17
42,44	27,09
42,46	27,05
42,49	26,98
42,51	26,93
42,53	26,88
42,56	26,84
42,58	26,74
42,61	26,71
42,63	26,63
42,66	26,59
42,68	26,50
42,71	26,40
42,73	26,29
42,75	26,21
42,78	26,10
42,80	26,03
42,83	25,90
42,85	25,79
42,88	25,69
42,90	25,59
42,93	25,48
42,95	25,39
42,97	25,27
43,00	25,17
43,02	25,08
43,05	24,98
43,07	24,88
43,10	24,75
43,12	24,63
43,15	24,51
43,17	24,39
43,19	24,26
43,22	24,16
43,24	24,07
43,27	23,98
43,29	23,89
43,32	23,78
43,34	23,71
43,36	23,65
43,39	23,55
43,41	23,48
43,44	23,37
43,46	23,29
43,49	23,20
43,51	23,12
43,54	23,03
43,56	22,96
43,58	22,83
43,61	22,80
43,63	22,73
43,66	22,70
43,68	22,63
43,71	22,59
43,73	22,53
43,76	22,52
43,78	22,45
43,80	22,44
43,83	22,36
43,85	22,36
43,88	22,31
43,90	22,30
43,93	22,26
43,95	22,29
43,98	22,25
44,00	22,27
44,02	22,25
44,05	22,27
44,07	22,26
44,10	22,29
44,12	22,26
44,15	22,32
44,17	22,33
44,20	22,37
44,22	22,39
44,24	22,45
44,27	22,48
44,29	22,54
44,32	22,54
44,34	22,59
44,37	22,62
44,39	22,66
44,41	22,70
44,44	22,77
44,46	22,82
44,49	22,91
44,51	22,96
44,54	23,06
44,56	23,13
44,59	23,21
44,61	23,29
44,63	23,36
44,66	23,42
44,68	23,50
44,71	23,55
44,73	23,64
44,76	23,72
44,78	23,81
44,81	23,94
44,83	24,04
44,85	24,16
44,88	24,30
44,90	24,44
44,93	24,55
44,95	24,67
44,98	24,75
45,00	24,89
45,03	24,98
45,05	25,09
45,07	25,18
45,10	25,30
45,12	25,39
45,15	25,54
45,17	25,65
45,20	25,83
45,22	25,95
45,25	26,10
45,27	26,24
45,29	26,41
45,32	26,51
45,34	26,68
45,37	26,78
45,39	26,92
45,42	27,05
45,44	27,21
45,47	27,35
45,49	27,55
45,51	27,66
45,54	27,83
45,56	27,97
45,59	28,15
45,61	28,31
45,64	28,48
45,66	28,61
45,68	28,79
45,71	28,93
45,73	29,09
45,76	29,23
45,78	29,35
45,81	29,49
45,83	29,64
45,86	29,78
45,88	29,96
45,90	30,11
45,93	30,27
45,95	30,45
45,98	30,62
46,00	30,79
46,03	30,94
46,05	31,06
46,08	31,23
46,10	31,37
46,12	31,52
46,15	31,68
46,17	31,84
46,20	32,02
46,22	32,20
46,25	32,35
46,27	32,52
46,30	32,66
46,32	32,83
46,34	33,01
46,37	33,13
46,39	33,26
46,42	33,38
46,44	33,56
46,47	33,70
46,49	33,82
46,52	33,90
46,54	34,06
46,56	34,17
46,59	34,31
46,61	34,37
46,64	34,50
46,66	34,59
46,69	34,73
46,71	34,80
46,73	34,92
46,76	35,00
46,78	35,11
46,81	35,19
46,83	35,28
46,86	35,33
46,88	35,45
46,91	35,51
46,93	35,60
46,95	35,65
46,98	35,72
47,00	35,76
47,03	35,83
47,05	35,83
47,08	35,89
47,10	35,90
47,13	35,94
47,15	35,94
47,17	35,97
47,20	35,97
47,22	36,00
47,25	35,96
47,27	35,96
47,30	35,87
47,32	35,85
47,35	35,79
47,37	35,75
47,39	35,68
47,42	35,64
47,44	35,56
47,47	35,54
47,49	35,46
47,52	35,40
47,54	35,33
47,57	35,26
47,59	35,17
47,61	35,10
47,64	34,97
47,66	34,87
47,69	34,76
47,71	34,64
47,74	34,52
47,76	34,42
47,78	34,30
47,81	34,23
47,83	34,11
47,86	34,00
47,88	33,86
47,91	33,70
47,93	33,55
47,96	33,41
47,98	33,24
48,00	33,09
48,03	32,92
48,05	32,78
48,08	32,65
48,10	32,51
48,13	32,39
48,15	32,25
48,18	32,13
48,20	31,99
48,22	31,85
48,25	31,72
48,27	31,62
48,30	31,48
48,32	31,36
48,35	31,22
48,37	31,10
48,40	30,98
48,42	30,87
48,44	30,72
48,47	30,63
48,49	30,52
48,52	30,44
48,54	30,37
48,57	30,28
48,59	30,20
48,62	30,13
48,64	30,02
48,66	29,96
48,69	29,86
48,71	29,79
48,74	29,74
48,76	29,68
48,79	29,63
48,81	29,60
48,84	29,54
48,86	29,54
48,88	29,47
48,91	29,44
48,93	29,42
48,96	29,42
48,98	29,37
49,01	29,38
49,03	29,34
49,05	29,37
49,08	29,36
49,10	29,39
49,13	29,39
49,15	29,43
49,18	29,43
49,20	29,49
49,23	29,50
49,25	29,57
49,27	29,59
49,30	29,64
49,32	29,68
49,35	29,72
49,37	29,75
49,40	29,83
49,42	29,86
49,45	29,93
49,47	30,00
49,49	30,08
49,52	30,15
49,54	30,24
49,57	30,30
49,59	30,42
49,62	30,49
49,64	30,59
49,67	30,69
49,69	30,80
49,71	30,91
49,74	31,04
49,76	31,13
49,79	31,26
49,81	31,34
49,84	31,45
49,86	31,59
49,89	31,71
49,91	31,83
49,93	31,94
49,96	32,07
49,98	32,23
50,01	32,39
50,03	32,52
50,06	32,67
50,08	32,78
50,10	32,95
50,13	33,12
50,15	33,30
50,18	33,45
50,20	33,63
50,23	33,76
50,25	33,95
50,28	34,09
50,30	34,26
50,32	34,40
50,35	34,58
50,37	34,72
50,40	34,94
50,42	35,11
50,45	35,33
50,47	35,50
50,50	35,70
50,52	35,88
50,54	36,06
50,57	36,20
50,59	36,41
50,62	36,55
50,64	36,74
50,67	36,91
50,69	37,09
50,72	37,27
50,74	37,50
50,76	37,65
50,79	37,87
50,81	38,06
50,84	38,29
50,86	38,50
50,89	38,71
50,91	38,86
50,94	39,07
50,96	39,24
50,98	39,45
51,01	39,60
51,03	39,78
51,06	39,99
51,08	40,22
51,11	40,40
51,13	40,61
51,15	40,80
51,18	41,01
51,20	41,19
51,23	41,39
51,25	41,57
51,28	41,74
51,30	41,91
51,33	42,09
51,35	42,24
51,37	42,42
51,40	42,57
51,42	42,76
51,45	42,97
51,47	43,16
51,50	43,31
51,52	43,48
51,55	43,62
51,57	43,79
51,59	43,97
51,62	44,07
51,64	44,21
51,67	44,32
51,69	44,46
51,72	44,58
51,74	44,71
51,77	44,76
51,79	44,92
51,81	45,00
51,84	45,13
51,86	45,21
51,89	45,31
51,91	45,35
51,94	45,42
51,96	45,44
51,99	45,49
52,01	45,49
52,03	45,55
52,06	45,59
52,08	45,64
52,11	45,68
52,13	45,77
52,16	45,77
52,18	45,82
52,20	45,78
52,23	45,74
52,25	45,69
52,28	45,65
52,30	45,56
52,33	45,60
52,35	45,53
52,38	45,52
52,40	45,49
52,42	45,48
52,45	45,43
52,47	45,39
52,50	45,24
52,52	45,17
52,55	45,04
52,57	44,95
52,60	44,79
52,62	44,68
52,64	44,51
52,67	44,40
52,69	44,26
52,72	44,17
52,74	44,01
52,77	43,92
52,79	43,79
52,82	43,69
52,84	43,55
52,86	43,43
52,89	43,22
52,91	43,05
52,94	42,87
52,96	42,69
52,99	42,53
53,01	42,39
53,04	42,21
53,06	42,11
53,08	41,99
53,11	41,86
53,13	41,71
53,16	41,51
53,18	41,33
53,21	41,18
53,23	41,00
53,26	40,83
53,28	40,62
53,30	40,46
53,33	40,33
53,35	40,20
53,38	40,06
53,40	39,93
53,43	39,79
53,45	39,68
53,47	39,57
53,50	39,41
53,52	39,32
53,55	39,21
53,57	39,08
53,60	38,97
53,62	38,89
53,65	38,79
53,67	38,72
53,69	38,59
53,72	38,53
53,74	38,45
53,77	38,40
53,79	38,33
53,82	38,28
53,84	38,22
53,87	38,18
53,89	38,10
53,91	38,08
53,94	38,00
53,96	37,99
53,99	37,93
54,01	37,90
54,04	37,86
54,06	37,89
54,09	37,85
54,11	37,89
54,13	37,86
54,16	37,90
54,18	37,93
54,21	38,01
54,23	38,03
54,26	38,12
54,28	38,17
54,31	38,25
54,33	38,30
54,35	38,37
54,38	38,40
54,40	38,47
54,43	38,50
54,45	38,58
54,48	38,65
54,50	38,75
54,52	38,86
54,55	38,96
54,57	39,04
54,60	39,14
54,62	39,24
54,65	39,38
54,67	39,49
54,70	39,59
54,72	39,70
54,74	39,81
54,77	39,98
54,79	40,10
54,82	40,22
54,84	40,34
54,87	40,45
54,89	40,62
54,92	40,83
54,94	40,97
54,96	41,17
54,99	41,36
55,01	41,54
55,04	41,72
55,06	41,91
55,09	42,03
55,11	42,21
55,14	42,34
55,16	42,49
55,18	42,66
55,21	42,88
55,23	43,05
55,26	43,29
55,28	43,45
55,31	43,72
55,33	43,93
55,36	44,16
55,38	44,36
55,40	44,61
55,43	44,78
55,45	45,02
55,48	45,14
55,50	45,37
55,53	45,55
55,55	45,76
55,57	45,95
55,60	46,22
55,62	46,42
55,65	46,70
55,67	46,93
55,70	47,18
55,72	47,44
55,75	47,70
55,77	47,90
55,79	48,13
55,82	48,31
55,84	48,53
55,87	48,74
55,89	48,94
55,92	49,13
55,94	49,35
55,97	49,55
55,99	49,74
56,01	49,84
56,04	49,93
56,06	49,98
56,09	50,00
56,11	50,00
56,14	50,00
56,16	50,00
56,19	50,00
56,21	50,00
56,23	50,00
56,26	50,00
56,28	50,00
56,31	50,00
56,33	50,00
56,36	50,00
56,38	50,00
56,41	50,00
56,43	50,00
56,45	50,00
56,48	50,00
56,50	50,00
56,53	50,00
56,55	50,00
56,58	50,00
56,60	50,00
56,62	50,00
56,65	50,00
56,67	50,00
56,70	50,00
56,72	50,00
56,75	50,00
56,77	50,00
56,80	50,00
56,82	50,00
56,84	50,00
56,87	50,00
56,89	50,00
56,92	50,00
56,94	50,00
56,97	50,00
56,99	50,00
57,02	50,00
57,04	50,00
57,06	50,00
57,09	50,00
57,11	50,00
57,14	50,00
57,16	50,00
57,19	50,00
57,21	50,00
57,24	50,00
57,26	50,00
57,28	50,00
57,31	50,00
57,33	50,00
57,36	50,00
57,38	50,00
57,41	50,00
57,43	50,00
57,46	50,00
57,48	50,00
57,50	50,00
57,53	50,00
57,55	50,00
57,58	50,00
57,60	50,00
57,63	50,00
57,65	50,00
57,68	50,00
57,70	50,00
57,72	50,00
57,75	50,00
57,77	50,00
57,80	50,00
57,82	50,00
57,85	50,00
57,87	50,00
57,89	50,00
57,92	50,00
57,94	50,00
57,97	50,00
57,99	50,00
58,02	50,00
58,04	50,00
58,07	50,00
58,09	50,00
58,11	50,00
58,14	50,00
58,16	50,00
58,19	50,00
58,21	50,00
58,24	50,00
58,26	50,00
58,29	50,00
58,31	50,00
58,33	50,00
58,36	50,00
58,38	50,00
58,41	50,00
58,43	50,00
58,46	50,00
58,48	50,00
58,51	50,00
58,53	50,00
58,55	50,00
58,58	50,00
58,60	49,98
58,63	49,96
58,65	49,90
58,68	49,85
58,70	49,77
58,73	49,71
58,75	49,61
58,77	49,54
58,80	49,45
58,82	49,41
58,85	49,35
58,87	49,31
58,90	49,23
58,92	49,23
58,94	49,17
58,97	49,17
58,99	49,13
59,02	49,13
59,04	49,13
59,07	49,13
59,09	49,09
59,12	49,12
59,14	49,04
59,16	49,07
59,19	49,07
59,21	49,08
59,24	49,12
59,26	49,16
59,29	49,17
59,31	49,27
59,34	49,29
59,36	49,34
59,38	49,38
59,41	49,47
59,43	49,55
59,46	49,63
59,48	49,72
59,51	49,81
59,53	49,88
59,56	49,94
59,58	49,96
59,60	49,98
59,63	50,00
59,65	50,00
59,68	50,00
59,70	50,00
59,73	50,00
59,75	50,00
59,78	50,00
59,80	50,00
59,82	50,00
59,85	50,00
59,87	50,00
59,90	50,00
59,92	50,00
59,95	50,00
59,97	50,00
59,99	50,00
