U1/V	IA/nA
0,02	0,32
0,04	0,30
0,07	0,27
0,09	0,26
0,12	0,23
0,14	0,25
0,17	0,23
0,19	0,25
0,21	0,25
0,24	0,24
0,26	0,22
0,29	0,24
0,31	0,23
0,34	0,24
0,36	0,23
0,39	0,24
0,41	0,26
0,43	0,26
0,46	0,24
0,48	0,20
0,51	0,21
0,53	0,20
0,56	0,21
0,58	0,21
0,61	0,21
0,63	0,22
0,65	0,25
0,68	0,26
0,70	0,27
0,73	0,25
0,75	0,25
0,78	0,24
0,80	0,26
0,83	0,25
0,85	0,25
0,87	0,23
0,90	0,24
0,92	0,23
0,95	0,24
0,97	0,21
1,00	0,22
1,02	0,23
1,05	0,24
1,07	0,22
1,09	0,25
1,12	0,22
1,14	0,25
1,17	0,23
1,19	0,23
1,22	0,21
1,24	0,24
1,26	0,22
1,29	0,26
1,31	0,25
1,34	0,27
1,36	0,25
1,39	0,27
1,41	0,25
1,44	0,27
1,46	0,24
1,48	0,25
1,51	0,22
1,53	0,25
1,56	0,23
1,58	0,24
1,61	0,23
1,63	0,24
1,66	0,23
1,68	0,27
1,70	0,22
1,73	0,23
1,75	0,23
1,78	0,24
1,80	0,23
1,83	0,24
1,85	0,21
1,88	0,24
1,90	0,25
1,92	0,25
1,95	0,23
1,97	0,24
2,00	0,22
2,02	0,25
2,05	0,25
2,07	0,25
2,10	0,25
2,12	0,24
2,14	0,26
2,17	0,26
2,19	0,24
2,22	0,25
2,24	0,23
2,27	0,23
2,29	0,23
2,31	0,23
2,34	0,23
2,36	0,24
2,39	0,24
2,41	0,24
2,44	0,23
2,46	0,23
2,49	0,26
2,51	0,25
2,53	0,26
2,56	0,25
2,58	0,26
2,61	0,26
2,63	0,28
2,66	0,24
2,68	0,26
2,71	0,23
2,73	0,25
2,75	0,25
2,78	0,27
2,80	0,25
2,83	0,27
2,85	0,25
2,88	0,29
2,90	0,26
2,93	0,26
2,95	0,25
2,97	0,26
3,00	0,24
3,02	0,27
3,05	0,23
3,07	0,26
3,10	0,24
3,12	0,25
3,15	0,24
3,17	0,25
3,19	0,23
3,22	0,26
3,24	0,25
3,27	0,27
3,29	0,26
3,32	0,28
3,34	0,27
3,36	0,28
3,39	0,25
3,41	0,26
3,44	0,25
3,46	0,26
3,49	0,27
3,51	0,29
3,54	0,27
3,56	0,28
3,58	0,27
3,61	0,29
3,63	0,28
3,66	0,27
3,68	0,26
3,71	0,26
3,73	0,26
3,76	0,27
3,78	0,25
3,80	0,24
3,83	0,23
3,85	0,23
3,88	0,24
3,90	0,24
3,93	0,23
3,95	0,25
3,98	0,26
4,00	0,25
4,02	0,27
4,05	0,25
4,07	0,27
4,10	0,26
4,12	0,26
4,15	0,25
4,17	0,26
4,20	0,24
4,22	0,27
4,24	0,26
4,27	0,27
4,29	0,25
4,32	0,27
4,34	0,28
4,37	0,30
4,39	0,26
4,42	0,28
4,44	0,24
4,46	0,26
4,49	0,25
4,51	0,25
4,54	0,23
4,56	0,25
4,59	0,23
4,61	0,28
4,63	0,26
4,66	0,27
4,68	0,27
4,71	0,29
4,73	0,27
4,76	0,30
4,78	0,28
4,81	0,30
4,83	0,28
4,85	0,29
4,88	0,28
4,90	0,28
4,93	0,25
4,95	0,29
4,98	0,26
5,00	0,30
5,03	0,28
5,05	0,28
5,07	0,28
5,10	0,30
5,12	0,27
5,15	0,28
5,17	0,25
5,20	0,26
5,22	0,25
5,25	0,25
5,27	0,24
5,29	0,26
5,32	0,26
5,34	0,27
5,37	0,26
5,39	0,27
5,42	0,28
5,44	0,29
5,47	0,29
5,49	0,29
5,51	0,28
5,54	0,29
5,56	0,30
5,59	0,28
5,61	0,29
5,64	0,26
5,66	0,26
5,68	0,28
5,71	0,28
5,73	0,28
5,76	0,29
5,78	0,27
5,81	0,31
5,83	0,30
5,86	0,30
5,88	0,29
5,90	0,28
5,93	0,26
5,95	0,28
5,98	0,24
6,00	0,26
6,03	0,23
6,05	0,25
6,08	0,26
6,10	0,29
6,12	0,28
6,15	0,33
6,17	0,31
6,20	0,34
6,22	0,31
6,25	0,32
6,27	0,30
6,30	0,32
6,32	0,27
6,34	0,30
6,37	0,27
6,39	0,30
6,42	0,29
6,44	0,31
6,47	0,29
6,49	0,32
6,52	0,29
6,54	0,34
6,56	0,32
6,59	0,33
6,61	0,31
6,64	0,31
6,66	0,30
6,69	0,32
6,71	0,28
6,73	0,30
6,76	0,28
6,78	0,29
6,81	0,30
6,83	0,32
6,86	0,31
6,88	0,34
6,91	0,32
6,93	0,34
6,95	0,34
6,98	0,35
7,00	0,35
7,03	0,35
7,05	0,32
7,08	0,33
7,10	0,32
7,13	0,33
7,15	0,34
7,17	0,33
7,20	0,34
7,22	0,35
7,25	0,36
7,27	0,38
7,30	0,39
7,32	0,36
7,35	0,37
7,37	0,33
7,39	0,34
7,42	0,32
7,44	0,33
7,47	0,31
7,49	0,32
7,52	0,31
7,54	0,36
7,57	0,34
7,59	0,36
7,61	0,37
7,64	0,39
7,66	0,37
7,69	0,39
7,71	0,37
7,74	0,39
7,76	0,38
7,78	0,37
7,81	0,36
7,83	0,38
7,86	0,37
7,88	0,40
7,91	0,37
7,93	0,40
7,96	0,38
7,98	0,40
8,00	0,41
8,03	0,43
8,05	0,40
8,08	0,43
8,10	0,40
8,13	0,42
8,15	0,41
8,18	0,41
8,20	0,39
8,22	0,41
8,25	0,40
8,27	0,43
8,30	0,41
8,32	0,43
8,35	0,45
8,37	0,47
8,40	0,47
8,42	0,48
8,44	0,46
8,47	0,48
8,49	0,47
8,52	0,45
8,54	0,46
8,57	0,45
8,59	0,43
8,62	0,45
8,64	0,45
8,66	0,46
8,69	0,47
8,71	0,46
8,74	0,50
8,76	0,51
8,79	0,52
8,81	0,52
8,84	0,50
8,86	0,49
8,88	0,50
8,91	0,48
8,93	0,50
8,96	0,49
8,98	0,50
9,01	0,51
9,03	0,53
9,05	0,52
9,08	0,56
9,10	0,55
9,13	0,57
9,15	0,55
9,18	0,56
9,20	0,54
9,23	0,56
9,25	0,52
9,27	0,55
9,30	0,52
9,32	0,54
9,35	0,54
9,37	0,56
9,40	0,55
9,42	0,57
9,45	0,55
9,47	0,61
9,49	0,59
9,52	0,60
9,54	0,59
9,57	0,59
9,59	0,57
9,62	0,59
9,64	0,56
9,67	0,59
9,69	0,56
9,71	0,58
9,74	0,58
9,76	0,60
9,79	0,58
9,81	0,61
9,84	0,60
9,86	0,64
9,89	0,62
9,91	0,64
9,93	0,63
9,96	0,65
9,98	0,62
10,01	0,65
10,03	0,62
10,06	0,64
10,08	0,63
10,10	0,63
10,13	0,63
10,15	0,65
10,18	0,63
10,20	0,69
10,23	0,69
10,25	0,70
10,28	0,70
10,30	0,68
10,32	0,69
10,35	0,69
10,37	0,66
10,40	0,69
10,42	0,68
10,45	0,67
10,47	0,71
10,50	0,71
10,52	0,71
10,54	0,72
10,57	0,70
10,59	0,70
10,62	0,74
10,64	0,72
10,67	0,73
10,69	0,72
10,72	0,72
10,74	0,73
10,76	0,74
10,79	0,72
10,81	0,75
10,84	0,74
10,86	0,77
10,89	0,76
10,91	0,77
10,94	0,80
10,96	0,81
10,98	0,79
11,01	0,81
11,03	0,77
11,06	0,80
11,08	0,78
11,11	0,78
11,13	0,77
11,15	0,78
11,18	0,76
11,20	0,82
11,23	0,81
11,25	0,82
11,28	0,81
11,30	0,84
11,33	0,84
11,35	0,87
11,37	0,84
11,40	0,86
11,42	0,85
11,45	0,88
11,47	0,87
11,50	0,87
11,52	0,86
11,55	0,89
11,57	0,87
11,59	0,91
11,62	0,90
11,64	0,90
11,67	0,93
11,69	0,95
11,72	0,94
11,74	0,96
11,77	0,95
11,79	0,97
11,81	0,95
11,84	0,95
11,86	0,95
11,89	0,95
11,91	0,95
11,94	0,96
11,96	0,96
11,99	0,98
12,01	0,99
12,03	1,00
12,06	1,00
12,08	1,01
12,11	1,01
12,13	1,01
12,16	1,02
12,18	1,03
12,21	1,05
12,23	1,03
12,25	1,04
12,28	1,04
12,30	1,06
12,33	1,08
12,35	1,09
12,38	1,07
12,40	1,11
12,42	1,11
12,45	1,13
12,47	1,12
12,50	1,13
12,52	1,11
12,55	1,14
12,57	1,12
12,60	1,15
12,62	1,13
12,64	1,15
12,67	1,14
12,69	1,17
12,72	1,15
12,74	1,18
12,77	1,16
12,79	1,19
12,82	1,17
12,84	1,20
12,86	1,18
12,89	1,21
12,91	1,20
12,94	1,24
12,96	1,21
12,99	1,24
13,01	1,23
13,04	1,25
13,06	1,24
13,08	1,26
13,11	1,23
13,13	1,27
13,16	1,25
13,18	1,27
13,21	1,26
13,23	1,29
13,26	1,27
13,28	1,30
13,30	1,29
13,33	1,31
13,35	1,28
13,38	1,30
13,40	1,30
13,43	1,32
13,45	1,31
13,47	1,32
13,50	1,32
13,52	1,35
13,55	1,35
13,57	1,36
13,60	1,36
13,62	1,36
13,65	1,35
13,67	1,38
13,69	1,37
13,72	1,39
13,74	1,40
13,77	1,40
13,79	1,42
13,82	1,43
13,84	1,43
13,87	1,45
13,89	1,44
13,91	1,43
13,94	1,43
13,96	1,41
13,99	1,42
14,01	1,42
14,04	1,42
14,06	1,43
14,09	1,44
14,11	1,44
14,13	1,47
14,16	1,46
14,18	1,47
14,21	1,47
14,23	1,48
14,26	1,47
14,28	1,49
14,31	1,47
14,33	1,50
14,35	1,48
14,38	1,50
14,40	1,50
14,43	1,53
14,45	1,52
14,48	1,55
14,50	1,53
14,52	1,57
14,55	1,55
14,57	1,56
14,60	1,54
14,62	1,55
14,65	1,52
14,67	1,55
14,70	1,52
14,72	1,55
14,74	1,53
14,77	1,54
14,79	1,55
14,82	1,56
14,84	1,54
14,87	1,57
14,89	1,55
14,92	1,57
14,94	1,57
14,96	1,58
14,99	1,59
15,01	1,62
15,04	1,60
15,06	1,61
15,09	1,60
15,11	1,62
15,14	1,63
15,16	1,63
15,18	1,62
15,21	1,63
15,23	1,65
15,26	1,68
15,28	1,68
15,31	1,67
15,33	1,67
15,36	1,67
15,38	1,68
15,40	1,67
15,43	1,66
15,45	1,66
15,48	1,66
15,50	1,67
15,53	1,70
15,55	1,69
15,57	1,71
15,60	1,72
15,62	1,74
15,65	1,73
15,67	1,76
15,70	1,74
15,72	1,77
15,75	1,76
15,77	1,76
15,79	1,75
15,82	1,77
15,84	1,76
15,87	1,80
15,89	1,78
15,92	1,81
15,94	1,81
15,97	1,84
15,99	1,85
16,01	1,87
16,04	1,84
16,06	1,87
16,09	1,84
16,11	1,86
16,14	1,85
16,16	1,87
16,19	1,86
16,21	1,89
16,23	1,87
16,26	1,93
16,28	1,90
16,31	1,92
16,33	1,92
16,36	1,95
16,38	1,95
16,41	1,98
16,43	1,95
16,45	2,00
16,48	2,00
16,50	2,02
16,53	2,02
16,55	2,05
16,58	2,04
16,60	2,10
16,63	2,10
16,65	2,12
16,67	2,12
16,70	2,14
16,72	2,15
16,75	2,17
16,77	2,16
16,80	2,19
16,82	2,19
16,84	2,20
16,87	2,21
16,89	2,22
16,92	2,24
16,94	2,25
16,97	2,25
16,99	2,27
17,02	2,29
17,04	2,30
17,06	2,34
17,09	2,34
17,11	2,36
17,14	2,38
17,16	2,40
17,19	2,40
17,21	2,43
17,24	2,42
17,26	2,45
17,28	2,44
17,31	2,46
17,33	2,49
17,36	2,53
17,38	2,53
17,41	2,56
17,43	2,55
17,46	2,60
17,48	2,61
17,50	2,62
17,53	2,61
17,55	2,63
17,58	2,62
17,60	2,65
17,63	2,63
17,65	2,65
17,68	2,64
17,70	2,67
17,72	2,67
17,75	2,70
17,77	2,69
17,80	2,74
17,82	2,73
17,85	2,76
17,87	2,75
17,89	2,77
17,92	2,78
17,94	2,81
17,97	2,77
17,99	2,80
18,02	2,78
18,04	2,80
18,07	2,82
18,09	2,83
18,11	2,82
18,14	2,85
18,16	2,84
18,19	2,89
18,21	2,88
18,24	2,88
18,26	2,88
18,29	2,89
18,31	2,88
18,33	2,90
18,36	2,87
18,38	2,88
18,41	2,86
18,43	2,87
18,46	2,88
18,48	2,89
18,51	2,89
18,53	2,93
18,55	2,92
18,58	2,93
18,60	2,95
18,63	2,96
18,65	2,96
18,68	2,95
18,70	2,93
18,73	2,94
18,75	2,94
18,77	2,93
18,80	2,96
18,82	2,94
18,85	2,95
18,87	2,95
18,90	2,96
18,92	2,97
18,94	2,98
18,97	2,94
18,99	2,97
19,02	2,95
19,04	2,96
19,07	2,95
19,09	2,95
19,12	2,93
19,14	2,95
19,16	2,92
19,19	2,97
19,21	2,95
19,24	2,97
19,26	2,97
19,29	2,98
19,31	2,96
19,34	2,99
19,36	2,97
19,38	2,99
19,41	2,96
19,43	2,96
19,46	2,96
19,48	2,98
19,51	2,96
19,53	2,99
19,56	2,96
19,58	2,99
19,60	2,98
19,63	2,98
19,65	2,99
19,68	3,02
19,70	2,99
19,73	3,01
19,75	2,98
19,78	3,01
19,80	2,99
19,82	2,99
19,85	2,98
19,87	2,99
19,90	2,98
19,92	3,01
19,95	2,99
19,97	3,01
19,99	3,02
20,02	3,04
20,04	3,04
20,07	3,05
20,09	3,04
20,12	3,05
20,14	3,06
20,17	3,06
20,19	3,07
20,21	3,07
20,24	3,07
20,26	3,08
20,29	3,09
20,31	3,10
20,34	3,11
20,36	3,11
20,39	3,15
20,41	3,16
20,43	3,18
20,46	3,19
20,48	3,19
20,51	3,18
20,53	3,20
20,56	3,18
20,58	3,20
20,61	3,19
20,63	3,21
20,65	3,23
20,68	3,25
20,70	3,25
20,73	3,32
20,75	3,32
20,78	3,36
20,80	3,36
20,83	3,40
20,85	3,41
20,87	3,45
20,90	3,42
20,92	3,46
20,95	3,44
20,97	3,47
21,00	3,46
21,02	3,51
21,05	3,49
21,07	3,53
21,09	3,53
21,12	3,62
21,14	3,61
21,17	3,65
21,19	3,65
21,22	3,68
21,24	3,68
21,26	3,72
21,29	3,70
21,31	3,75
21,34	3,75
21,36	3,79
21,39	3,83
21,41	3,87
21,44	3,89
21,46	3,95
21,48	3,96
21,51	4,02
21,53	4,04
21,56	4,08
21,58	4,10
21,61	4,14
21,63	4,13
21,66	4,17
21,68	4,17
21,70	4,20
21,73	4,22
21,75	4,25
21,78	4,27
21,80	4,30
21,83	4,33
21,85	4,39
21,88	4,42
21,90	4,44
21,92	4,46
21,95	4,46
21,97	4,50
22,00	4,53
22,02	4,53
22,05	4,54
22,07	4,56
22,10	4,58
22,12	4,65
22,14	4,67
22,17	4,70
22,19	4,73
22,22	4,76
22,24	4,79
22,27	4,83
22,29	4,83
22,31	4,85
22,34	4,85
22,36	4,87
22,39	4,89
22,41	4,92
22,44	4,92
22,46	4,96
22,49	4,96
22,51	5,00
22,53	5,00
22,56	5,03
22,58	5,06
22,61	5,09
22,63	5,08
22,66	5,12
22,68	5,09
22,71	5,12
22,73	5,11
22,75	5,12
22,78	5,10
22,80	5,12
22,83	5,11
22,85	5,15
22,88	5,13
22,90	5,16
22,93	5,16
22,95	5,18
22,97	5,18
23,00	5,20
23,02	5,19
23,05	5,21
23,07	5,19
23,10	5,19
23,12	5,19
23,15	5,19
23,17	5,17
23,19	5,19
23,22	5,18
23,24	5,21
23,27	5,19
23,29	5,19
23,32	5,22
23,34	5,22
23,36	5,20
23,39	5,21
23,41	5,17
23,44	5,17
23,46	5,15
23,49	5,12
23,51	5,11
23,54	5,11
23,56	5,11
23,58	5,13
23,61	5,12
23,63	5,12
23,66	5,13
23,68	5,12
23,71	5,13
23,73	5,11
23,76	5,10
23,78	5,08
23,80	5,08
23,83	5,07
23,85	5,07
23,88	5,03
23,90	5,05
23,93	5,04
23,95	5,05
23,98	5,04
24,00	5,04
24,02	5,01
24,05	5,06
24,07	5,01
24,10	5,02
24,12	5,00
24,15	4,99
24,17	4,97
24,20	4,98
24,22	4,93
24,24	4,96
24,27	4,92
24,29	4,94
24,32	4,94
24,34	4,96
24,37	4,94
24,39	4,96
24,42	4,93
24,44	4,97
24,46	4,95
24,49	4,96
24,51	4,95
24,54	4,97
24,56	4,96
24,59	4,98
24,61	4,95
24,63	4,98
24,66	4,97
24,68	4,99
24,71	4,98
24,73	5,00
24,76	4,99
24,78	5,05
24,81	5,04
24,83	5,05
24,85	5,05
24,88	5,05
24,90	5,06
24,93	5,08
24,95	5,06
24,98	5,08
25,00	5,07
25,03	5,09
25,05	5,12
25,07	5,14
25,10	5,14
25,12	5,17
25,15	5,17
25,17	5,20
25,20	5,23
25,22	5,25
25,25	5,27
25,27	5,28
25,29	5,30
25,32	5,35
25,34	5,36
25,37	5,38
25,39	5,41
25,42	5,43
25,44	5,46
25,47	5,48
25,49	5,49
25,51	5,55
25,54	5,58
25,56	5,58
25,59	5,61
25,61	5,63
25,64	5,68
25,66	5,70
25,68	5,73
25,71	5,75
25,73	5,80
25,76	5,83
25,78	5,89
25,81	5,90
25,83	5,96
25,86	5,97
25,88	6,02
25,90	6,05
25,93	6,11
25,95	6,12
25,98	6,19
26,00	6,21
26,03	6,28
26,05	6,32
26,08	6,36
26,10	6,39
26,12	6,45
26,15	6,46
26,17	6,53
26,20	6,55
26,22	6,60
26,25	6,65
26,27	6,70
26,30	6,74
26,32	6,81
26,34	6,84
26,37	6,90
26,39	6,93
26,42	6,98
26,44	7,02
26,47	7,06
26,49	7,08
26,52	7,15
26,54	7,18
26,56	7,23
26,59	7,28
26,61	7,33
26,64	7,40
26,66	7,46
26,69	7,48
26,71	7,54
26,73	7,59
26,76	7,64
26,78	7,69
26,81	7,71
26,83	7,74
26,86	7,79
26,88	7,83
26,91	7,88
26,93	7,91
26,95	7,93
26,98	7,99
27,00	8,03
27,03	8,08
27,05	8,12
27,08	8,15
27,10	8,18
27,13	8,22
27,15	8,24
27,17	8,29
27,20	8,28
27,22	8,31
27,25	8,33
27,27	8,36
27,30	8,37
27,32	8,41
27,35	8,42
27,37	8,46
27,39	8,47
27,42	8,48
27,44	8,49
27,47	8,52
27,49	8,52
27,52	8,57
27,54	8,55
27,57	8,58
27,59	8,58
27,61	8,60
27,64	8,61
27,66	8,63
27,69	8,60
27,71	8,64
27,74	8,64
27,76	8,65
27,78	8,63
27,81	8,63
27,83	8,61
27,86	8,62
27,88	8,59
27,91	8,60
27,93	8,55
27,96	8,55
27,98	8,54
28,00	8,55
28,03	8,52
28,05	8,53
28,08	8,50
28,10	8,52
28,13	8,51
28,15	8,50
28,18	8,47
28,20	8,46
28,22	8,42
28,25	8,44
28,27	8,40
28,30	8,40
28,32	8,38
28,35	8,37
28,37	8,36
28,40	8,35
28,42	8,31
28,44	8,31
28,47	8,28
28,49	8,25
28,52	8,22
28,54	8,20
28,57	8,18
28,59	8,16
28,62	8,14
28,64	8,12
28,66	8,08
28,69	8,06
28,71	8,06
28,74	8,05
28,76	8,04
28,79	8,01
28,81	7,99
28,84	7,99
28,86	7,98
28,88	7,95
28,91	7,94
28,93	7,90
28,96	7,89
28,98	7,89
29,01	7,90
29,03	7,88
29,05	7,88
29,08	7,85
29,10	7,87
29,13	7,85
29,15	7,84
29,18	7,82
29,20	7,83
29,23	7,81
29,25	7,83
29,27	7,80
29,30	7,83
29,32	7,81
29,35	7,82
29,37	7,82
29,40	7,81
29,42	7,80
29,45	7,84
29,47	7,83
29,49	7,86
29,52	7,85
29,54	7,88
29,57	7,89
29,59	7,93
29,62	7,90
29,64	7,93
29,67	7,93
29,69	7,96
29,71	7,98
29,74	8,02
29,76	8,02
29,79	8,06
29,81	8,07
29,84	8,14
29,86	8,15
29,89	8,17
29,91	8,20
29,93	8,22
29,96	8,24
29,98	8,28
30,01	8,28
30,03	8,32
30,06	8,34
30,08	8,38
30,10	8,42
30,13	8,46
30,15	8,49
30,18	8,55
30,20	8,58
30,23	8,62
30,25	8,66
30,28	8,71
30,30	8,75
30,32	8,78
30,35	8,80
30,37	8,86
30,40	8,91
30,42	8,96
30,45	9,03
30,47	9,09
30,50	9,15
30,52	9,21
30,54	9,27
30,57	9,33
30,59	9,39
30,62	9,42
30,64	9,49
30,67	9,52
30,69	9,58
30,72	9,63
30,74	9,68
30,76	9,71
30,79	9,78
30,81	9,82
30,84	9,92
30,86	9,96
30,89	10,04
30,91	10,11
30,94	10,20
30,96	10,26
30,98	10,34
31,01	10,39
31,03	10,48
31,06	10,52
31,08	10,59
31,11	10,65
31,13	10,72
31,15	10,77
31,18	10,88
31,20	10,94
31,23	11,03
31,25	11,08
31,28	11,17
31,30	11,25
31,33	11,34
31,35	11,37
31,37	11,46
31,40	11,50
31,42	11,57
31,45	11,62
31,47	11,69
31,50	11,75
31,52	11,83
31,55	11,88
31,57	11,98
31,59	12,04
31,62	12,11
31,64	12,18
31,67	12,25
31,69	12,32
31,72	12,38
31,74	12,42
31,77	12,48
31,79	12,55
31,81	12,59
31,84	12,64
31,86	12,68
31,89	12,74
31,91	12,82
31,94	12,87
31,96	12,92
31,99	12,98
32,01	13,02
32,03	13,08
32,06	13,11
32,08	13,13
32,11	13,18
32,13	13,21
32,16	13,23
32,18	13,26
32,20	13,27
32,23	13,33
32,25	13,34
32,28	13,37
32,30	13,41
32,33	13,44
32,35	13,45
32,38	13,51
32,40	13,49
32,42	13,53
32,45	13,52
32,47	13,53
32,50	13,54
32,52	13,58
32,55	13,55
32,57	13,58
32,60	13,55
32,62	13,58
32,64	13,58
32,67	13,58
32,69	13,56
32,72	13,56
32,74	13,53
32,77	13,56
32,79	13,53
32,82	13,52
32,84	13,49
32,86	13,47
32,89	13,43
32,91	13,42
32,94	13,36
32,96	13,35
32,99	13,29
33,01	13,26
33,04	13,23
33,06	13,21
33,08	13,16
33,11	13,16
33,13	13,11
33,16	13,08
33,18	13,04
33,21	13,01
33,23	12,97
33,26	12,94
33,28	12,86
33,30	12,83
33,33	12,77
33,35	12,74
33,38	12,71
33,40	12,67
33,43	12,62
33,45	12,60
33,47	12,55
33,50	12,55
33,52	12,50
33,55	12,44
33,57	12,40
33,60	12,35
33,62	12,31
33,65	12,27
33,67	12,22
33,69	12,16
33,72	12,12
33,74	12,07
33,77	12,06
33,79	12,02
33,82	12,00
33,84	11,98
33,87	11,98
33,89	11,96
33,91	11,95
33,94	11,92
33,96	11,91
33,99	11,88
34,01	11,84
34,04	11,81
34,06	11,81
34,09	11,78
34,11	11,80
34,13	11,77
34,16	11,78
34,18	11,77
34,21	11,79
34,23	11,79
34,26	11,81
34,28	11,77
34,31	11,80
34,33	11,77
34,35	11,80
34,38	11,79
34,40	11,80
34,43	11,80
34,45	11,83
34,48	11,82
34,50	11,87
34,52	11,86
34,55	11,90
34,57	11,92
34,60	11,96
34,62	11,97
34,65	12,02
34,67	12,03
34,70	12,08
34,72	12,11
34,74	12,14
34,77	12,18
34,79	12,21
34,82	12,23
34,84	12,29
34,87	12,31
34,89	12,37
34,92	12,41
34,94	12,45
34,96	12,51
34,99	12,57
35,01	12,62
35,04	12,69
35,06	12,71
35,09	12,77
35,11	12,82
35,14	12,88
35,16	12,94
35,18	13,00
35,21	13,03
35,23	13,11
35,26	13,17
35,28	13,23
35,31	13,30
35,33	13,35
35,36	13,43
35,38	13,51
35,40	13,58
35,43	13,65
35,45	13,74
35,48	13,79
35,50	13,88
35,53	13,93
35,55	14,00
35,57	14,07
35,60	14,16
35,62	14,21
35,65	14,30
35,67	14,35
35,70	14,47
35,72	14,54
35,75	14,63
35,77	14,71
35,79	14,79
35,82	14,86
35,84	14,98
35,87	15,04
35,89	15,14
35,92	15,20
35,94	15,30
35,97	15,39
35,99	15,48
36,01	15,54
36,04	15,66
36,06	15,75
36,09	15,87
36,11	15,94
36,14	16,06
36,16	16,14
36,19	16,25
36,21	16,31
36,23	16,40
36,26	16,46
36,28	16,56
36,31	16,62
36,33	16,72
36,36	16,78
36,38	16,89
36,41	16,97
36,43	17,11
36,45	17,19
36,48	17,31
36,50	17,39
36,53	17,47
36,55	17,54
36,58	17,64
36,60	17,68
36,62	17,75
36,65	17,80
36,67	17,87
36,70	17,96
36,72	18,04
36,75	18,10
36,77	18,21
36,80	18,29
36,82	18,38
36,84	18,45
36,87	18,53
36,89	18,60
36,92	18,67
36,94	18,69
36,97	18,75
36,99	18,79
37,02	18,85
37,04	18,88
37,06	18,91
37,09	18,95
37,11	19,00
37,14	19,05
37,16	19,12
37,19	19,16
37,21	19,20
37,24	19,26
37,26	19,27
37,28	19,31
37,31	19,33
37,33	19,33
37,36	19,34
37,38	19,35
37,41	19,35
37,43	19,40
37,46	19,38
37,48	19,38
37,50	19,38
37,53	19,38
37,55	19,37
37,58	19,37
37,60	19,33
37,63	19,34
37,65	19,32
37,68	19,30
37,70	19,27
37,72	19,25
37,75	19,20
37,77	19,20
37,80	19,13
37,82	19,12
37,85	19,06
37,87	19,03
37,89	19,01
37,92	18,98
37,94	18,90
37,97	18,88
37,99	18,79
38,02	18,76
38,04	18,69
38,07	18,63
38,09	18,55
38,11	18,52
38,14	18,44
38,16	18,40
38,19	18,31
38,21	18,24
38,24	18,16
38,26	18,11
38,29	18,01
38,31	17,95
38,33	17,88
38,36	17,84
38,38	17,77
38,41	17,71
38,43	17,64
38,46	17,58
38,48	17,51
38,51	17,45
38,53	17,38
38,55	17,34
38,58	17,28
38,60	17,22
38,63	17,20
38,65	17,14
38,68	17,08
38,70	17,04
38,73	16,97
38,75	16,92
38,77	16,89
38,80	16,83
38,82	16,81
38,85	16,77
38,87	16,73
38,90	16,70
38,92	16,68
38,94	16,63
38,97	16,62
38,99	16,59
39,02	16,58
39,04	16,55
39,07	16,55
39,09	16,54
39,12	16,54
39,14	16,51
39,16	16,53
39,19	16,50
39,21	16,52
39,24	16,51
39,26	16,52
39,29	16,52
39,31	16,56
39,34	16,55
39,36	16,62
39,38	16,61
39,41	16,65
39,43	16,66
39,46	16,70
39,48	16,70
39,51	16,76
39,53	16,75
39,56	16,81
39,58	16,81
39,60	16,87
39,63	16,90
39,65	16,96
39,68	16,99
39,70	17,06
39,73	17,10
39,75	17,18
39,78	17,23
39,80	17,28
39,82	17,31
39,85	17,37
39,87	17,40
39,90	17,48
39,92	17,50
39,95	17,59
39,97	17,66
39,99	17,74
40,02	17,82
40,04	17,92
40,07	17,98
40,09	18,11
40,12	18,16
40,14	18,23
40,17	18,30
40,19	18,37
40,21	18,43
40,24	18,53
40,26	18,60
40,29	18,69
40,31	18,76
40,34	18,85
40,36	18,97
40,39	19,07
40,41	19,18
40,43	19,26
40,46	19,34
40,48	19,45
40,51	19,58
40,53	19,66
40,56	19,77
40,58	19,84
40,61	19,95
40,63	20,06
40,65	20,18
40,68	20,26
40,70	20,39
40,73	20,48
40,75	20,63
40,78	20,72
40,80	20,85
40,83	20,96
40,85	21,07
40,87	21,15
40,90	21,29
40,92	21,37
40,95	21,51
40,97	21,61
41,00	21,74
41,02	21,85
41,05	21,99
41,07	22,09
41,09	22,23
41,12	22,32
41,14	22,43
41,17	22,52
41,19	22,65
41,22	22,74
41,24	22,86
41,26	22,94
41,29	23,08
41,31	23,19
41,34	23,32
41,36	23,44
41,39	23,54
41,41	23,64
41,44	23,77
41,46	23,89
41,48	24,01
41,51	24,11
41,53	24,21
41,56	24,35
41,58	24,46
41,61	24,55
41,63	24,66
41,66	24,75
41,68	24,87
41,70	24,95
41,73	25,05
41,75	25,13
41,78	25,22
41,80	25,29
41,83	25,37
41,85	25,44
41,88	25,54
41,90	25,62
41,92	25,71
41,95	25,80
41,97	25,89
42,00	25,95
42,02	26,04
42,05	26,09
42,07	26,16
42,10	26,23
42,12	26,25
42,14	26,29
42,17	26,33
42,19	26,38
42,22	26,43
42,24	26,45
42,27	26,45
42,29	26,51
42,31	26,52
42,34	26,55
42,36	26,55
42,39	26,55
42,41	26,53
42,44	26,55
42,46	26,52
42,49	26,52
42,51	26,47
42,53	26,46
42,56	26,43
42,58	26,42
42,61	26,37
42,63	26,37
42,66	26,31
42,68	26,31
42,71	26,26
42,73	26,20
42,75	26,12
42,78	26,07
42,80	25,96
42,83	25,91
42,85	25,82
42,88	25,76
42,90	25,66
42,93	25,61
42,95	25,52
42,97	25,47
43,00	25,36
43,02	25,29
43,05	25,17
43,07	25,10
43,10	24,99
43,12	24,91
43,15	24,80
43,17	24,73
43,19	24,61
43,22	24,55
43,24	24,42
43,27	24,34
43,29	24,25
43,32	24,18
43,34	24,07
43,36	23,99
43,39	23,86
43,41	23,81
43,44	23,72
43,46	23,64
43,49	23,54
43,51	23,46
43,54	23,38
43,56	23,34
43,58	23,25
43,61	23,18
43,63	23,10
43,66	23,03
43,68	22,96
43,71	22,90
43,73	22,83
43,76	22,78
43,78	22,71
43,80	22,66
43,83	22,60
43,85	22,56
43,88	22,52
43,90	22,48
43,93	22,44
43,95	22,40
43,98	22,34
44,00	22,30
44,02	22,30
44,05	22,27
44,07	22,25
44,10	22,20
44,12	22,20
44,15	22,20
44,17	22,23
44,20	22,19
44,22	22,21
44,24	22,19
44,27	22,21
44,29	22,22
44,32	22,25
44,34	22,25
44,37	22,29
44,39	22,28
44,41	22,33
44,44	22,36
44,46	22,39
44,49	22,41
44,51	22,46
44,54	22,50
44,56	22,58
44,59	22,61
44,61	22,66
44,63	22,71
44,66	22,78
44,68	22,82
44,71	22,87
44,73	22,92
44,76	23,02
44,78	23,09
44,81	23,17
44,83	23,24
44,85	23,33
44,88	23,43
44,90	23,52
44,93	23,56
44,95	23,64
44,98	23,71
45,00	23,80
45,03	23,89
45,05	23,98
45,07	24,05
45,10	24,16
45,12	24,27
45,15	24,41
45,17	24,52
45,20	24,63
45,22	24,75
45,25	24,88
45,27	24,99
45,29	25,10
45,32	25,17
45,34	25,27
45,37	25,34
45,39	25,41
45,42	25,54
45,44	25,67
45,47	25,79
45,49	25,94
45,51	26,07
45,54	26,22
45,56	26,38
45,59	26,49
45,61	26,65
45,64	26,76
45,66	26,87
45,68	26,99
45,71	27,12
45,73	27,23
45,76	27,39
45,78	27,48
45,81	27,63
45,83	27,77
45,86	27,94
45,88	28,06
45,90	28,22
45,93	28,31
45,95	28,49
45,98	28,61
46,00	28,75
46,03	28,87
46,05	29,04
46,08	29,16
46,10	29,32
46,12	29,43
46,15	29,58
46,17	29,71
46,20	29,86
46,22	30,01
46,25	30,17
46,27	30,31
46,30	30,48
46,32	30,63
46,34	30,81
46,37	30,92
46,39	31,04
46,42	31,14
46,44	31,25
46,47	31,37
46,49	31,51
46,52	31,62
46,54	31,79
46,56	31,91
46,59	32,08
46,61	32,24
46,64	32,37
46,66	32,48
46,69	32,60
46,71	32,69
46,73	32,78
46,76	32,86
46,78	32,93
46,81	33,03
46,83	33,10
46,86	33,20
46,88	33,31
46,91	33,42
46,93	33,52
46,95	33,66
46,98	33,75
47,00	33,86
47,03	33,93
47,05	33,99
47,08	34,06
47,10	34,13
47,13	34,14
47,15	34,20
47,17	34,21
47,20	34,26
47,22	34,31
47,25	34,34
47,27	34,37
47,30	34,40
47,32	34,40
47,35	34,44
47,37	34,43
47,39	34,43
47,42	34,42
47,44	34,41
47,47	34,38
47,49	34,38
47,52	34,32
47,54	34,31
47,57	34,25
47,59	34,20
47,61	34,14
47,64	34,10
47,66	34,01
47,69	33,98
47,71	33,89
47,74	33,83
47,76	33,75
47,78	33,68
47,81	33,56
47,83	33,50
47,86	33,36
47,88	33,28
47,91	33,14
47,93	33,06
47,96	32,95
47,98	32,89
48,00	32,75
48,03	32,67
48,05	32,53
48,08	32,46
48,10	32,30
48,13	32,19
48,15	32,02
48,18	31,90
48,20	31,75
48,22	31,65
48,25	31,50
48,27	31,40
48,30	31,23
48,32	31,13
48,35	31,02
48,37	30,92
48,40	30,77
48,42	30,68
48,44	30,56
48,47	30,49
48,49	30,37
48,52	30,25
48,54	30,14
48,57	30,06
48,59	29,94
48,62	29,86
48,64	29,75
48,66	29,69
48,69	29,64
48,71	29,55
48,74	29,47
48,76	29,40
48,79	29,30
48,81	29,28
48,84	29,21
48,86	29,14
48,88	29,10
48,91	29,07
48,93	29,04
48,96	29,00
48,98	28,93
49,01	28,89
49,03	28,83
49,05	28,80
49,08	28,78
49,10	28,75
49,13	28,75
49,15	28,73
49,18	28,73
49,20	28,75
49,23	28,73
49,25	28,74
49,27	28,78
49,30	28,78
49,32	28,82
49,35	28,85
49,37	28,87
49,40	28,92
49,42	28,98
49,45	28,99
49,47	29,07
49,49	29,08
49,52	29,15
49,54	29,21
49,57	29,29
49,59	29,33
49,62	29,43
49,64	29,46
49,67	29,57
49,69	29,61
49,71	29,69
49,74	29,75
49,76	29,82
49,79	29,89
49,81	30,00
49,84	30,06
49,86	30,17
49,89	30,25
49,91	30,37
49,93	30,48
49,96	30,56
49,98	30,66
50,01	30,81
50,03	30,92
50,06	31,05
50,08	31,15
50,10	31,29
50,13	31,43
50,15	31,58
50,18	31,69
50,20	31,82
50,23	31,94
50,25	32,10
50,28	32,24
50,30	32,39
50,32	32,50
50,35	32,64
50,37	32,77
50,40	32,93
50,42	33,10
50,45	33,22
50,47	33,38
50,50	33,55
50,52	33,71
50,54	33,90
50,57	34,04
50,59	34,16
50,62	34,30
50,64	34,44
50,67	34,61
50,69	34,75
50,72	34,92
50,74	35,11
50,76	35,29
50,79	35,48
50,81	35,68
50,84	35,86
50,86	36,08
50,89	36,22
50,91	36,36
50,94	36,52
50,96	36,68
50,98	36,84
51,01	37,00
51,03	37,13
51,06	37,34
51,08	37,52
51,11	37,73
51,13	37,93
51,15	38,12
51,18	38,28
51,20	38,49
51,23	38,65
51,25	38,82
51,28	38,95
51,30	39,10
51,33	39,22
51,35	39,41
51,37	39,53
51,40	39,70
51,42	39,88
51,45	40,09
51,47	40,26
51,50	40,44
51,52	40,58
51,55	40,79
51,57	40,95
51,59	41,09
51,62	41,21
51,64	41,35
51,67	41,49
51,69	41,65
51,72	41,73
51,74	41,88
51,77	42,00
51,79	42,14
51,81	42,26
51,84	42,38
51,86	42,51
51,89	42,65
51,91	42,74
51,94	42,85
51,96	42,92
51,99	43,01
52,01	43,08
52,03	43,13
52,06	43,19
52,08	43,26
52,11	43,30
52,13	43,38
52,16	43,44
52,18	43,49
52,20	43,54
52,23	43,56
52,25	43,58
52,28	43,61
52,30	43,61
52,33	43,61
52,35	43,61
52,38	43,61
52,40	43,61
52,42	43,56
52,45	43,52
52,47	43,50
52,50	43,45
52,52	43,40
52,55	43,33
52,57	43,25
52,60	43,20
52,62	43,15
52,64	43,09
52,67	43,00
52,69	42,89
52,72	42,78
52,74	42,68
52,77	42,57
52,79	42,47
52,82	42,34
52,84	42,23
52,86	42,11
52,89	42,00
52,91	41,88
52,94	41,76
52,96	41,61
52,99	41,49
53,01	41,33
53,04	41,21
53,06	41,08
53,08	40,94
53,11	40,77
53,13	40,65
53,16	40,47
53,18	40,34
53,21	40,22
53,23	40,08
53,26	39,91
53,28	39,77
53,30	39,58
53,33	39,48
53,35	39,32
53,38	39,19
53,40	39,03
53,43	38,92
53,45	38,78
53,47	38,71
53,50	38,54
53,52	38,42
53,55	38,24
53,57	38,11
53,60	37,99
53,62	37,89
53,65	37,73
53,67	37,66
53,69	37,57
53,72	37,53
53,74	37,46
53,77	37,40
53,79	37,31
53,82	37,27
53,84	37,17
53,87	37,12
53,89	37,05
53,91	36,99
53,94	36,94
53,96	36,90
53,99	36,85
54,01	36,84
54,04	36,81
54,06	36,81
54,09	36,80
54,11	36,77
54,13	36,77
54,16	36,74
54,18	36,74
54,21	36,74
54,23	36,73
54,26	36,73
54,28	36,74
54,31	36,74
54,33	36,81
54,35	36,83
54,38	36,87
54,40	36,92
54,43	36,99
54,45	37,04
54,48	37,12
54,50	37,16
54,52	37,25
54,55	37,31
54,57	37,38
54,60	37,44
54,62	37,52
54,65	37,58
54,67	37,68
54,70	37,75
54,72	37,85
54,74	37,92
54,77	38,03
54,79	38,15
54,82	38,28
54,84	38,36
54,87	38,49
54,89	38,60
54,92	38,75
54,94	38,86
54,96	38,98
54,99	39,12
55,01	39,30
55,04	39,45
55,06	39,63
55,09	39,74
55,11	39,90
55,14	40,06
55,16	40,22
55,18	40,34
55,21	40,47
55,23	40,61
55,26	40,82
55,28	41,00
55,31	41,18
55,33	41,37
55,36	41,55
55,38	41,76
55,40	41,95
55,43	42,07
55,45	42,24
55,48	42,42
55,50	42,57
55,53	42,77
55,55	42,95
55,57	43,14
55,60	43,37
55,62	43,53
55,65	43,72
55,67	43,93
55,70	44,11
55,72	44,33
55,75	44,53
55,77	44,74
55,79	44,96
55,82	45,13
55,84	45,31
55,87	45,55
55,89	45,70
55,92	45,92
55,94	46,12
55,97	46,34
55,99	46,56
56,01	46,82
56,04	47,02
56,06	47,27
56,09	47,44
56,11	47,69
56,14	47,87
56,16	48,09
56,19	48,24
56,21	48,46
56,23	48,64
56,26	48,89
56,28	49,05
56,31	49,27
56,33	49,47
56,36	49,66
56,38	49,76
56,41	49,87
56,43	49,92
56,45	49,98
56,48	50,00
56,50	50,00
56,53	50,00
56,55	50,00
56,58	50,00
56,60	50,00
56,62	50,00
56,65	50,00
56,67	50,00
56,70	50,00
56,72	50,00
56,75	50,00
56,77	50,00
56,80	50,00
56,82	50,00
56,84	50,00
56,87	50,00
56,89	50,00
56,92	50,00
56,94	50,00
56,97	50,00
56,99	50,00
57,02	50,00
57,04	50,00
57,06	50,00
57,09	50,00
57,11	50,00
57,14	50,00
57,16	50,00
57,19	50,00
57,21	50,00
57,24	50,00
57,26	50,00
57,28	50,00
57,31	50,00
57,33	50,00
57,36	50,00
57,38	50,00
57,41	50,00
57,43	50,00
57,46	50,00
57,48	50,00
57,50	50,00
57,53	50,00
57,55	50,00
57,58	50,00
57,60	50,00
57,63	50,00
57,65	50,00
57,68	50,00
57,70	50,00
57,72	50,00
57,75	50,00
57,77	50,00
57,80	50,00
57,82	50,00
57,85	50,00
57,87	50,00
57,89	50,00
57,92	50,00
57,94	50,00
57,97	50,00
57,99	50,00
58,02	50,00
58,04	50,00
58,07	50,00
58,09	50,00
58,11	50,00
58,14	50,00
58,16	50,00
58,19	50,00
58,21	50,00
58,24	50,00
58,26	49,98
58,29	49,96
58,31	49,88
58,33	49,82
58,36	49,71
58,38	49,61
58,41	49,42
58,43	49,29
58,46	49,11
58,48	48,97
58,51	48,79
58,53	48,68
58,55	48,49
58,58	48,42
58,60	48,25
58,63	48,14
58,65	48,03
58,68	47,94
58,70	47,79
58,73	47,72
58,75	47,57
58,77	47,47
58,80	47,36
58,82	47,26
58,85	47,17
58,87	47,10
58,90	47,00
58,92	46,97
58,94	46,94
58,97	46,90
58,99	46,86
59,02	46,77
59,04	46,75
59,07	46,75
59,09	46,72
59,12	46,69
59,14	46,69
59,16	46,69
59,19	46,73
59,21	46,73
59,24	46,76
59,26	46,76
59,29	46,79
59,31	46,79
59,34	46,81
59,36	46,84
59,38	46,88
59,41	46,88
59,43	46,94
59,46	46,95
59,48	47,00
59,51	47,02
59,53	47,14
59,56	47,22
59,58	47,34
59,60	47,42
59,63	47,53
59,65	47,64
59,68	47,77
59,70	47,81
59,73	47,93
59,75	48,00
59,78	48,13
59,80	48,24
59,82	48,41
59,85	48,55
59,87	48,73
59,90	48,84
59,92	49,03
59,95	49,17
59,97	49,31
59,99	49,40
