U1/V	IA/nA
0,02	0,18
0,04	0,18
0,07	0,19
0,09	0,19
0,12	0,22
0,14	0,20
0,17	0,21
0,19	0,19
0,21	0,21
0,24	0,21
0,26	0,23
0,29	0,19
0,31	0,22
0,34	0,19
0,36	0,21
0,39	0,19
0,41	0,17
0,43	0,16
0,46	0,17
0,48	0,16
0,51	0,18
0,53	0,17
0,56	0,18
0,58	0,19
0,61	0,21
0,63	0,20
0,65	0,20
0,68	0,18
0,70	0,20
0,73	0,19
0,75	0,19
0,78	0,18
0,80	0,18
0,83	0,18
0,85	0,21
0,87	0,20
0,90	0,20
0,92	0,20
0,95	0,20
0,97	0,22
1,00	0,22
1,02	0,20
1,05	0,21
1,07	0,19
1,09	0,18
1,12	0,18
1,14	0,17
1,17	0,17
1,19	0,17
1,22	0,17
1,24	0,19
1,26	0,19
1,29	0,18
1,31	0,21
1,34	0,21
1,36	0,21
1,39	0,20
1,41	0,21
1,44	0,20
1,46	0,21
1,48	0,19
1,51	0,20
1,53	0,18
1,56	0,18
1,58	0,19
1,61	0,20
1,63	0,20
1,66	0,21
1,68	0,19
1,70	0,22
1,73	0,21
1,75	0,22
1,78	0,21
1,80	0,21
1,83	0,19
1,85	0,21
1,88	0,18
1,90	0,19
1,92	0,16
1,95	0,16
1,97	0,16
2,00	0,18
2,02	0,17
2,05	0,21
2,07	0,20
2,10	0,22
2,12	0,21
2,14	0,22
2,17	0,21
2,19	0,22
2,22	0,18
2,24	0,20
2,27	0,19
2,29	0,20
2,31	0,20
2,34	0,21
2,36	0,21
2,39	0,22
2,41	0,21
2,44	0,24
2,46	0,23
2,49	0,23
2,51	0,22
2,53	0,21
2,56	0,20
2,58	0,21
2,61	0,18
2,63	0,19
2,66	0,17
2,68	0,17
2,71	0,19
2,73	0,19
2,75	0,19
2,78	0,21
2,80	0,21
2,83	0,22
2,85	0,22
2,88	0,22
2,90	0,22
2,93	0,21
2,95	0,19
2,97	0,20
3,00	0,19
3,02	0,19
3,05	0,21
3,07	0,21
3,10	0,22
3,12	0,21
3,15	0,21
3,17	0,23
3,19	0,24
3,22	0,21
3,24	0,22
3,27	0,19
3,29	0,20
3,32	0,19
3,34	0,19
3,36	0,17
3,39	0,18
3,41	0,16
3,44	0,19
3,46	0,18
3,49	0,19
3,51	0,20
3,54	0,21
3,56	0,20
3,58	0,22
3,61	0,20
3,63	0,22
3,66	0,20
3,68	0,19
3,71	0,17
3,73	0,18
3,76	0,17
3,78	0,19
3,80	0,16
3,83	0,18
3,85	0,17
3,88	0,20
3,90	0,21
3,93	0,22
3,95	0,20
3,98	0,23
4,00	0,19
4,02	0,21
4,05	0,19
4,07	0,18
4,10	0,16
4,12	0,18
4,15	0,16
4,17	0,19
4,20	0,18
4,22	0,19
4,24	0,21
4,27	0,22
4,29	0,22
4,32	0,23
4,34	0,21
4,37	0,22
4,39	0,22
4,42	0,19
4,44	0,19
4,46	0,18
4,49	0,17
4,51	0,19
4,54	0,19
4,56	0,19
4,59	0,20
4,61	0,18
4,63	0,21
4,66	0,21
4,68	0,21
4,71	0,21
4,73	0,19
4,76	0,19
4,78	0,19
4,81	0,17
4,83	0,18
4,85	0,17
4,88	0,17
4,90	0,19
4,93	0,19
4,95	0,18
4,98	0,21
5,00	0,20
5,03	0,21
5,05	0,21
5,07	0,20
5,10	0,19
5,12	0,22
5,15	0,18
5,17	0,20
5,20	0,17
5,22	0,19
5,25	0,18
5,27	0,19
5,29	0,18
5,32	0,20
5,34	0,17
5,37	0,23
5,39	0,21
5,42	0,23
5,44	0,22
5,47	0,21
5,49	0,19
5,51	0,20
5,54	0,16
5,56	0,18
5,59	0,15
5,61	0,17
5,64	0,18
5,66	0,20
5,68	0,19
5,71	0,22
5,73	0,19
5,76	0,21
5,78	0,19
5,81	0,19
5,83	0,18
5,86	0,20
5,88	0,17
5,90	0,21
5,93	0,19
5,95	0,21
5,98	0,20
6,00	0,21
6,03	0,19
6,05	0,20
6,08	0,18
6,10	0,23
6,12	0,20
6,15	0,20
6,17	0,20
6,20	0,19
6,22	0,18
6,25	0,19
6,27	0,16
6,30	0,17
6,32	0,16
6,34	0,16
6,37	0,18
6,39	0,19
6,42	0,19
6,44	0,19
6,47	0,19
6,49	0,20
6,52	0,21
6,54	0,21
6,56	0,21
6,59	0,21
6,61	0,21
6,64	0,21
6,66	0,20
6,69	0,20
6,71	0,20
6,73	0,18
6,76	0,20
6,78	0,20
6,81	0,20
6,83	0,23
6,86	0,23
6,88	0,22
6,91	0,24
6,93	0,20
6,95	0,21
6,98	0,19
7,00	0,19
7,03	0,18
7,05	0,18
7,08	0,16
7,10	0,21
7,13	0,19
7,15	0,21
7,17	0,19
7,20	0,21
7,22	0,21
7,25	0,23
7,27	0,20
7,30	0,22
7,32	0,19
7,35	0,20
7,37	0,20
7,39	0,20
7,42	0,19
7,44	0,21
7,47	0,20
7,49	0,23
7,52	0,22
7,54	0,23
7,57	0,24
7,59	0,26
7,61	0,24
7,64	0,25
7,66	0,23
7,69	0,24
7,71	0,22
7,74	0,22
7,76	0,22
7,78	0,23
7,81	0,22
7,83	0,24
7,86	0,23
7,88	0,24
7,91	0,23
7,93	0,24
7,96	0,25
7,98	0,26
8,00	0,23
8,03	0,25
8,05	0,25
8,08	0,25
8,10	0,25
8,13	0,23
8,15	0,23
8,18	0,25
8,20	0,25
8,22	0,26
8,25	0,27
8,27	0,25
8,30	0,27
8,32	0,26
8,35	0,26
8,37	0,26
8,40	0,25
8,42	0,25
8,44	0,25
8,47	0,24
8,49	0,26
8,52	0,23
8,54	0,24
8,57	0,24
8,59	0,25
8,62	0,25
8,64	0,27
8,66	0,26
8,69	0,29
8,71	0,28
8,74	0,28
8,76	0,27
8,79	0,28
8,81	0,26
8,84	0,29
8,86	0,26
8,88	0,27
8,91	0,26
8,93	0,29
8,96	0,28
8,98	0,30
9,01	0,27
9,03	0,31
9,05	0,29
9,08	0,30
9,10	0,29
9,13	0,30
9,15	0,28
9,18	0,30
9,20	0,28
9,23	0,30
9,25	0,27
9,27	0,28
9,30	0,27
9,32	0,30
9,35	0,28
9,37	0,29
9,40	0,27
9,42	0,31
9,45	0,31
9,47	0,32
9,49	0,31
9,52	0,33
9,54	0,32
9,57	0,35
9,59	0,32
9,62	0,33
9,64	0,32
9,67	0,32
9,69	0,31
9,71	0,33
9,74	0,31
9,76	0,35
9,79	0,34
9,81	0,34
9,84	0,33
9,86	0,34
9,89	0,34
9,91	0,35
9,93	0,33
9,96	0,34
9,98	0,31
10,01	0,32
10,03	0,33
10,06	0,33
10,08	0,32
10,10	0,34
10,13	0,34
10,15	0,37
10,18	0,37
10,20	0,36
10,23	0,37
10,25	0,36
10,28	0,35
10,30	0,37
10,32	0,36
10,35	0,37
10,37	0,38
10,40	0,37
10,42	0,40
10,45	0,39
10,47	0,39
10,50	0,40
10,52	0,40
10,54	0,38
10,57	0,40
10,59	0,38
10,62	0,40
10,64	0,39
10,67	0,41
10,69	0,40
10,72	0,40
10,74	0,39
10,76	0,42
10,79	0,40
10,81	0,42
10,84	0,40
10,86	0,41
10,89	0,42
10,91	0,44
10,94	0,42
10,96	0,45
10,98	0,43
11,01	0,45
11,03	0,46
11,06	0,47
11,08	0,45
11,11	0,47
11,13	0,45
11,15	0,48
11,18	0,47
11,20	0,47
11,23	0,47
11,25	0,47
11,28	0,46
11,30	0,47
11,33	0,46
11,35	0,47
11,37	0,45
11,40	0,46
11,42	0,47
11,45	0,47
11,47	0,46
11,50	0,47
11,52	0,46
11,55	0,48
11,57	0,48
11,59	0,49
11,62	0,51
11,64	0,51
11,67	0,50
11,69	0,52
11,72	0,50
11,74	0,50
11,77	0,52
11,79	0,51
11,81	0,51
11,84	0,52
11,86	0,51
11,89	0,55
11,91	0,55
11,94	0,53
11,96	0,54
11,99	0,53
12,01	0,54
12,03	0,55
12,06	0,54
12,08	0,53
12,11	0,54
12,13	0,54
12,16	0,57
12,18	0,54
12,21	0,55
12,23	0,56
12,25	0,58
12,28	0,57
12,30	0,58
12,33	0,56
12,35	0,59
12,38	0,59
12,40	0,58
12,42	0,58
12,45	0,59
12,47	0,59
12,50	0,62
12,52	0,61
12,55	0,62
12,57	0,61
12,60	0,63
12,62	0,63
12,64	0,64
12,67	0,62
12,69	0,64
12,72	0,62
12,74	0,64
12,77	0,63
12,79	0,63
12,82	0,62
12,84	0,64
12,86	0,62
12,89	0,66
12,91	0,63
12,94	0,64
12,96	0,65
12,99	0,68
13,01	0,66
13,04	0,68
13,06	0,67
13,08	0,70
13,11	0,70
13,13	0,70
13,16	0,69
13,18	0,70
13,21	0,69
13,23	0,72
13,26	0,71
13,28	0,73
13,30	0,73
13,33	0,73
13,35	0,73
13,38	0,74
13,40	0,72
13,43	0,74
13,45	0,72
13,47	0,73
13,50	0,72
13,52	0,72
13,55	0,73
13,57	0,74
13,60	0,74
13,62	0,74
13,65	0,74
13,67	0,75
13,69	0,76
13,72	0,76
13,74	0,77
13,77	0,77
13,79	0,78
13,82	0,79
13,84	0,80
13,87	0,80
13,89	0,81
13,91	0,79
13,94	0,80
13,96	0,83
13,99	0,83
14,01	0,84
14,04	0,85
14,06	0,84
14,09	0,87
14,11	0,86
14,13	0,85
14,16	0,86
14,18	0,85
14,21	0,82
14,23	0,84
14,26	0,82
14,28	0,84
14,31	0,82
14,33	0,83
14,35	0,82
14,38	0,83
14,40	0,81
14,43	0,85
14,45	0,84
14,48	0,87
14,50	0,85
14,52	0,87
14,55	0,86
14,57	0,88
14,60	0,85
14,62	0,88
14,65	0,85
14,67	0,86
14,70	0,87
14,72	0,90
14,74	0,88
14,77	0,90
14,79	0,88
14,82	0,93
14,84	0,92
14,87	0,92
14,89	0,90
14,92	0,90
14,94	0,89
14,96	0,90
14,99	0,86
15,01	0,88
15,04	0,85
15,06	0,86
15,09	0,88
15,11	0,89
15,14	0,89
15,16	0,92
15,18	0,91
15,21	0,93
15,23	0,93
15,26	0,92
15,28	0,92
15,31	0,92
15,33	0,89
15,36	0,91
15,38	0,90
15,40	0,90
15,43	0,93
15,45	0,92
15,48	0,93
15,50	0,93
15,53	0,93
15,55	0,95
15,57	0,95
15,60	0,92
15,62	0,93
15,65	0,92
15,67	0,93
15,70	0,93
15,72	0,93
15,75	0,92
15,77	0,93
15,79	0,91
15,82	0,96
15,84	0,95
15,87	0,97
15,89	0,98
15,92	0,99
15,94	0,99
15,97	1,01
15,99	0,99
16,01	1,01
16,04	1,00
16,06	0,99
16,09	0,98
16,11	0,99
16,14	0,97
16,16	1,00
16,19	0,99
16,21	1,00
16,23	0,99
16,26	1,00
16,28	1,02
16,31	1,04
16,33	1,01
16,36	1,03
16,38	1,01
16,41	1,04
16,43	1,03
16,45	1,03
16,48	1,03
16,50	1,04
16,53	1,02
16,55	1,06
16,58	1,04
16,60	1,06
16,63	1,08
16,65	1,10
16,67	1,11
16,70	1,13
16,72	1,12
16,75	1,14
16,77	1,13
16,80	1,13
16,82	1,13
16,84	1,12
16,87	1,12
16,89	1,14
16,92	1,14
16,94	1,16
16,97	1,17
16,99	1,17
17,02	1,20
17,04	1,21
17,06	1,20
17,09	1,22
17,11	1,21
17,14	1,21
17,16	1,21
17,19	1,19
17,21	1,21
17,24	1,21
17,26	1,22
17,28	1,24
17,31	1,24
17,33	1,25
17,36	1,30
17,38	1,30
17,41	1,33
17,43	1,33
17,46	1,34
17,48	1,34
17,50	1,36
17,53	1,39
17,55	1,42
17,58	1,39
17,60	1,41
17,63	1,41
17,65	1,44
17,68	1,43
17,70	1,39
17,72	1,38
17,75	1,44
17,77	1,43
17,80	1,44
17,82	1,44
17,85	1,45
17,87	1,44
17,89	1,46
17,92	1,43
17,94	1,45
17,97	1,44
17,99	1,46
18,02	1,46
18,04	1,48
18,07	1,48
18,09	1,52
18,11	1,51
18,14	1,54
18,16	1,53
18,19	1,54
18,21	1,54
18,24	1,56
18,26	1,52
18,29	1,54
18,31	1,52
18,33	1,55
18,36	1,54
18,38	1,54
18,41	1,54
18,43	1,56
18,46	1,55
18,48	1,60
18,51	1,59
18,53	1,60
18,55	1,60
18,58	1,59
18,60	1,58
18,63	1,59
18,65	1,56
18,68	1,58
18,70	1,57
18,73	1,58
18,75	1,61
18,77	1,62
18,80	1,62
18,82	1,64
18,85	1,63
18,87	1,64
18,90	1,65
18,92	1,65
18,94	1,65
18,97	1,65
18,99	1,64
19,02	1,64
19,04	1,64
19,07	1,63
19,09	1,63
19,12	1,62
19,14	1,63
19,16	1,62
19,19	1,63
19,21	1,65
19,24	1,66
19,26	1,64
19,29	1,65
19,31	1,63
19,34	1,64
19,36	1,63
19,38	1,62
19,41	1,60
19,43	1,60
19,46	1,59
19,48	1,62
19,51	1,60
19,53	1,61
19,56	1,60
19,58	1,62
19,60	1,62
19,63	1,64
19,65	1,63
19,68	1,65
19,70	1,63
19,73	1,64
19,75	1,63
19,78	1,63
19,80	1,60
19,82	1,62
19,85	1,60
19,87	1,62
19,90	1,62
19,92	1,63
19,95	1,65
19,97	1,66
19,99	1,64
20,02	1,65
20,04	1,61
20,07	1,61
20,09	1,59
20,12	1,59
20,14	1,58
20,17	1,58
20,19	1,58
20,21	1,61
20,24	1,60
20,26	1,62
20,29	1,61
20,31	1,62
20,34	1,62
20,36	1,63
20,39	1,61
20,41	1,62
20,43	1,62
20,46	1,64
20,48	1,64
20,51	1,63
20,53	1,63
20,56	1,63
20,58	1,64
20,61	1,66
20,63	1,65
20,65	1,64
20,68	1,68
20,70	1,68
20,73	1,69
20,75	1,70
20,78	1,68
20,80	1,68
20,83	1,69
20,85	1,67
20,87	1,69
20,90	1,68
20,92	1,68
20,95	1,69
20,97	1,70
21,00	1,70
21,02	1,72
21,05	1,72
21,07	1,75
21,09	1,75
21,12	1,76
21,14	1,76
21,17	1,79
21,19	1,79
21,22	1,82
21,24	1,79
21,26	1,82
21,29	1,82
21,31	1,84
21,34	1,84
21,36	1,87
21,39	1,85
21,41	1,92
21,44	1,91
21,46	1,93
21,48	1,93
21,51	1,95
21,53	1,94
21,56	1,98
21,58	1,96
21,61	1,99
21,63	1,98
21,66	2,01
21,68	2,03
21,70	2,06
21,73	2,07
21,75	2,10
21,78	2,09
21,80	2,14
21,83	2,14
21,85	2,16
21,88	2,16
21,90	2,19
21,92	2,20
21,95	2,24
21,97	2,22
22,00	2,26
22,02	2,27
22,05	2,29
22,07	2,30
22,10	2,32
22,12	2,31
22,14	2,36
22,17	2,35
22,19	2,36
22,22	2,37
22,24	2,39
22,27	2,41
22,29	2,43
22,31	2,43
22,34	2,46
22,36	2,45
22,39	2,47
22,41	2,49
22,44	2,51
22,46	2,52
22,49	2,54
22,51	2,55
22,53	2,59
22,56	2,61
22,58	2,61
22,61	2,63
22,63	2,64
22,66	2,65
22,68	2,67
22,71	2,68
22,73	2,68
22,75	2,69
22,78	2,69
22,80	2,72
22,83	2,72
22,85	2,73
22,88	2,75
22,90	2,77
22,93	2,76
22,95	2,78
22,97	2,76
23,00	2,78
23,02	2,77
23,05	2,78
23,07	2,76
23,10	2,76
23,12	2,74
23,15	2,78
23,17	2,77
23,19	2,79
23,22	2,78
23,24	2,80
23,27	2,81
23,29	2,84
23,32	2,81
23,34	2,83
23,36	2,81
23,39	2,82
23,41	2,82
23,44	2,82
23,46	2,80
23,49	2,81
23,51	2,79
23,54	2,82
23,56	2,80
23,58	2,79
23,61	2,79
23,63	2,79
23,66	2,77
23,68	2,78
23,71	2,75
23,73	2,75
23,76	2,74
23,78	2,74
23,80	2,74
23,83	2,73
23,85	2,71
23,88	2,73
23,90	2,71
23,93	2,71
23,95	2,70
23,98	2,70
24,00	2,71
24,02	2,70
24,05	2,67
24,07	2,68
24,10	2,67
24,12	2,65
24,15	2,66
24,17	2,65
24,20	2,64
24,22	2,64
24,24	2,63
24,27	2,63
24,29	2,63
24,32	2,60
24,34	2,61
24,37	2,59
24,39	2,59
24,42	2,57
24,44	2,57
24,46	2,56
24,49	2,56
24,51	2,54
24,54	2,56
24,56	2,52
24,59	2,53
24,61	2,51
24,63	2,52
24,66	2,50
24,68	2,52
24,71	2,49
24,73	2,51
24,76	2,50
24,78	2,50
24,81	2,49
24,83	2,49
24,85	2,47
24,88	2,51
24,90	2,48
24,93	2,49
24,95	2,48
24,98	2,50
25,00	2,49
25,03	2,51
25,05	2,48
25,07	2,50
25,10	2,47
25,12	2,49
25,15	2,47
25,17	2,48
25,20	2,47
25,22	2,50
25,25	2,49
25,27	2,52
25,29	2,50
25,32	2,51
25,34	2,53
25,37	2,55
25,39	2,55
25,42	2,57
25,44	2,56
25,47	2,59
25,49	2,60
25,51	2,60
25,54	2,62
25,56	2,63
25,59	2,63
25,61	2,66
25,64	2,68
25,66	2,70
25,68	2,72
25,71	2,73
25,73	2,76
25,76	2,77
25,78	2,77
25,81	2,78
25,83	2,79
25,86	2,80
25,88	2,82
25,90	2,82
25,93	2,85
25,95	2,86
25,98	2,88
26,00	2,90
26,03	2,91
26,05	2,93
26,08	2,98
26,10	3,00
26,12	3,03
26,15	3,04
26,17	3,07
26,20	3,10
26,22	3,14
26,25	3,14
26,27	3,18
26,30	3,19
26,32	3,24
26,34	3,27
26,37	3,32
26,39	3,34
26,42	3,39
26,44	3,40
26,47	3,47
26,49	3,48
26,52	3,51
26,54	3,52
26,56	3,55
26,59	3,56
26,61	3,61
26,64	3,61
26,66	3,66
26,69	3,67
26,71	3,71
26,73	3,74
26,76	3,79
26,78	3,80
26,81	3,86
26,83	3,87
26,86	3,92
26,88	3,93
26,91	3,97
26,93	3,98
26,95	4,03
26,98	4,02
27,00	4,07
27,03	4,08
27,05	4,12
27,08	4,17
27,10	4,21
27,13	4,22
27,15	4,26
27,17	4,27
27,20	4,32
27,22	4,33
27,25	4,33
27,27	4,35
27,30	4,36
27,32	4,38
27,35	4,41
27,37	4,41
27,39	4,44
27,42	4,46
27,44	4,47
27,47	4,51
27,49	4,52
27,52	4,53
27,54	4,56
27,57	4,56
27,59	4,56
27,61	4,59
27,64	4,58
27,66	4,60
27,69	4,60
27,71	4,59
27,74	4,60
27,76	4,61
27,78	4,60
27,81	4,63
27,83	4,62
27,86	4,62
27,88	4,61
27,91	4,62
27,93	4,63
27,96	4,64
27,98	4,60
28,00	4,61
28,03	4,58
28,05	4,59
28,08	4,57
28,10	4,56
28,13	4,54
28,15	4,53
28,18	4,50
28,20	4,53
28,22	4,50
28,25	4,50
28,27	4,48
28,30	4,49
28,32	4,47
28,35	4,48
28,37	4,44
28,40	4,44
28,42	4,41
28,44	4,39
28,47	4,36
28,49	4,35
28,52	4,31
28,54	4,32
28,57	4,29
28,59	4,29
28,62	4,27
28,64	4,25
28,66	4,24
28,69	4,23
28,71	4,18
28,74	4,19
28,76	4,14
28,79	4,12
28,81	4,09
28,84	4,06
28,86	4,04
28,88	4,03
28,91	3,99
28,93	4,01
28,96	3,98
28,98	3,97
29,01	3,97
29,03	3,95
29,05	3,93
29,08	3,91
29,10	3,87
29,13	3,87
29,15	3,86
29,18	3,82
29,20	3,81
29,23	3,79
29,25	3,77
29,27	3,79
29,30	3,78
29,32	3,77
29,35	3,76
29,37	3,75
29,40	3,76
29,42	3,76
29,45	3,74
29,47	3,73
29,49	3,72
29,52	3,71
29,54	3,70
29,57	3,67
29,59	3,68
29,62	3,66
29,64	3,66
29,67	3,66
29,69	3,67
29,71	3,66
29,74	3,70
29,76	3,69
29,79	3,71
29,81	3,70
29,84	3,71
29,86	3,70
29,89	3,72
29,91	3,69
29,93	3,72
29,96	3,69
29,98	3,72
30,01	3,73
30,03	3,76
30,06	3,75
30,08	3,79
30,10	3,78
30,13	3,85
30,15	3,84
30,18	3,87
30,20	3,88
30,23	3,89
30,25	3,90
30,28	3,94
30,30	3,93
30,32	3,96
30,35	3,96
30,37	3,99
30,40	4,03
30,42	4,07
30,45	4,08
30,47	4,14
30,50	4,15
30,52	4,20
30,54	4,23
30,57	4,26
30,59	4,29
30,62	4,34
30,64	4,34
30,67	4,38
30,69	4,41
30,72	4,44
30,74	4,47
30,76	4,50
30,79	4,52
30,81	4,57
30,84	4,61
30,86	4,68
30,89	4,73
30,91	4,78
30,94	4,83
30,96	4,86
30,98	4,91
31,01	4,95
31,03	4,98
31,06	5,01
31,08	5,04
31,11	5,07
31,13	5,15
31,15	5,19
31,18	5,24
31,20	5,30
31,23	5,36
31,25	5,41
31,28	5,49
31,30	5,54
31,33	5,60
31,35	5,64
31,37	5,67
31,40	5,72
31,42	5,76
31,45	5,79
31,47	5,85
31,50	5,89
31,52	5,96
31,55	6,00
31,57	6,07
31,59	6,15
31,62	6,21
31,64	6,24
31,67	6,31
31,69	6,32
31,72	6,39
31,74	6,41
31,77	6,45
31,79	6,49
31,81	6,54
31,84	6,56
31,86	6,63
31,89	6,65
31,91	6,71
31,94	6,76
31,96	6,80
31,99	6,84
32,01	6,89
32,03	6,91
32,06	6,95
32,08	6,96
32,11	6,98
32,13	7,00
32,16	7,02
32,18	7,02
32,20	7,06
32,23	7,07
32,25	7,11
32,28	7,12
32,30	7,13
32,33	7,16
32,35	7,18
32,38	7,18
32,40	7,20
32,42	7,18
32,45	7,18
32,47	7,18
32,50	7,16
32,52	7,16
32,55	7,15
32,57	7,14
32,60	7,15
32,62	7,13
32,64	7,12
32,67	7,14
32,69	7,12
32,72	7,11
32,74	7,10
32,77	7,07
32,79	7,06
32,82	7,04
32,84	7,00
32,86	6,99
32,89	6,95
32,91	6,93
32,94	6,89
32,96	6,86
32,99	6,84
33,01	6,81
33,04	6,76
33,06	6,77
33,08	6,71
33,11	6,69
33,13	6,64
33,16	6,59
33,18	6,54
33,21	6,52
33,23	6,46
33,26	6,45
33,28	6,39
33,30	6,37
33,33	6,33
33,35	6,29
33,38	6,22
33,40	6,22
33,43	6,15
33,45	6,14
33,47	6,09
33,50	6,07
33,52	6,03
33,55	6,02
33,57	5,96
33,60	5,95
33,62	5,87
33,65	5,85
33,67	5,81
33,69	5,79
33,72	5,74
33,74	5,72
33,77	5,66
33,79	5,70
33,82	5,66
33,84	5,63
33,87	5,59
33,89	5,55
33,91	5,52
33,94	5,51
33,96	5,44
33,99	5,43
34,01	5,38
34,04	5,37
34,06	5,37
34,09	5,35
34,11	5,32
34,13	5,30
34,16	5,29
34,18	5,30
34,21	5,29
34,23	5,28
34,26	5,27
34,28	5,27
34,31	5,26
34,33	5,26
34,35	5,23
34,38	5,22
34,40	5,22
34,43	5,20
34,45	5,22
34,48	5,22
34,50	5,22
34,52	5,26
34,55	5,27
34,57	5,27
34,60	5,28
34,62	5,25
34,65	5,27
34,67	5,27
34,70	5,27
34,72	5,28
34,74	5,30
34,77	5,31
34,79	5,38
34,82	5,39
34,84	5,43
34,87	5,44
34,89	5,48
34,92	5,51
34,94	5,55
34,96	5,55
34,99	5,59
35,01	5,61
35,04	5,66
35,06	5,69
35,09	5,73
35,11	5,75
35,14	5,81
35,16	5,83
35,18	5,88
35,21	5,90
35,23	5,95
35,26	6,00
35,28	6,05
35,31	6,08
35,33	6,15
35,36	6,18
35,38	6,24
35,40	6,27
35,43	6,32
35,45	6,38
35,48	6,44
35,50	6,47
35,53	6,55
35,55	6,58
35,57	6,65
35,60	6,70
35,62	6,76
35,65	6,81
35,67	6,90
35,70	6,94
35,72	7,02
35,75	7,09
35,77	7,16
35,79	7,23
35,82	7,29
35,84	7,34
35,87	7,43
35,89	7,48
35,92	7,56
35,94	7,61
35,97	7,67
35,99	7,76
36,01	7,83
36,04	7,90
36,06	7,99
36,09	8,06
36,11	8,14
36,14	8,23
36,16	8,30
36,19	8,38
36,21	8,44
36,23	8,51
36,26	8,57
36,28	8,64
36,31	8,69
36,33	8,76
36,36	8,81
36,38	8,91
36,41	8,97
36,43	9,05
36,45	9,12
36,48	9,21
36,50	9,27
36,53	9,36
36,55	9,39
36,58	9,47
36,60	9,52
36,62	9,59
36,65	9,64
36,67	9,71
36,70	9,72
36,72	9,81
36,75	9,83
36,77	9,89
36,80	9,93
36,82	9,98
36,84	10,01
36,87	10,08
36,89	10,09
36,92	10,16
36,94	10,15
36,97	10,19
36,99	10,20
37,02	10,23
37,04	10,24
37,06	10,27
37,09	10,26
37,11	10,31
37,14	10,31
37,16	10,32
37,19	10,32
37,21	10,34
37,24	10,32
37,26	10,35
37,28	10,32
37,31	10,33
37,33	10,32
37,36	10,32
37,38	10,29
37,41	10,28
37,43	10,25
37,46	10,25
37,48	10,21
37,50	10,18
37,53	10,14
37,55	10,12
37,58	10,08
37,60	10,05
37,63	10,01
37,65	9,98
37,68	9,91
37,70	9,88
37,72	9,85
37,75	9,81
37,77	9,76
37,80	9,71
37,82	9,64
37,85	9,62
37,87	9,57
37,89	9,50
37,92	9,43
37,94	9,36
37,97	9,30
37,99	9,27
38,02	9,21
38,04	9,15
38,07	9,09
38,09	9,03
38,11	8,98
38,14	8,91
38,16	8,84
38,19	8,78
38,21	8,71
38,24	8,62
38,26	8,56
38,29	8,49
38,31	8,44
38,33	8,37
38,36	8,32
38,38	8,27
38,41	8,21
38,43	8,15
38,46	8,12
38,48	8,05
38,51	8,00
38,53	7,94
38,55	7,89
38,58	7,84
38,60	7,82
38,63	7,75
38,65	7,73
38,68	7,68
38,70	7,65
38,73	7,61
38,75	7,60
38,77	7,55
38,80	7,53
38,82	7,48
38,85	7,48
38,87	7,43
38,90	7,40
38,92	7,36
38,94	7,34
38,97	7,30
38,99	7,30
39,02	7,26
39,04	7,26
39,07	7,23
39,09	7,23
39,12	7,22
39,14	7,21
39,16	7,19
39,19	7,21
39,21	7,20
39,24	7,22
39,26	7,22
39,29	7,24
39,31	7,25
39,34	7,28
39,36	7,27
39,38	7,29
39,41	7,30
39,43	7,32
39,46	7,35
39,48	7,38
39,51	7,39
39,53	7,42
39,56	7,46
39,58	7,51
39,60	7,55
39,63	7,56
39,65	7,59
39,68	7,62
39,70	7,66
39,73	7,70
39,75	7,73
39,78	7,75
39,80	7,80
39,82	7,84
39,85	7,91
39,87	7,94
39,90	7,99
39,92	8,05
39,95	8,11
39,97	8,16
39,99	8,24
40,02	8,29
40,04	8,39
40,07	8,43
40,09	8,50
40,12	8,55
40,14	8,63
40,17	8,67
40,19	8,78
40,21	8,82
40,24	8,91
40,26	8,97
40,29	9,08
40,31	9,16
40,34	9,26
40,36	9,30
40,39	9,42
40,41	9,48
40,43	9,57
40,46	9,61
40,48	9,69
40,51	9,76
40,53	9,85
40,56	9,91
40,58	10,02
40,61	10,09
40,63	10,21
40,65	10,33
40,68	10,45
40,70	10,54
40,73	10,65
40,75	10,74
40,78	10,85
40,80	10,93
40,83	11,01
40,85	11,09
40,87	11,19
40,90	11,27
40,92	11,39
40,95	11,49
40,97	11,60
41,00	11,72
41,02	11,82
41,05	11,94
41,07	12,05
41,09	12,12
41,12	12,22
41,14	12,29
41,17	12,36
41,19	12,43
41,22	12,50
41,24	12,58
41,26	12,66
41,29	12,75
41,31	12,85
41,34	12,93
41,36	13,02
41,39	13,13
41,41	13,21
41,44	13,31
41,46	13,39
41,48	13,46
41,51	13,53
41,53	13,62
41,56	13,66
41,58	13,73
41,61	13,76
41,63	13,82
41,66	13,90
41,68	13,96
41,70	14,00
41,73	14,07
41,75	14,08
41,78	14,15
41,80	14,18
41,83	14,20
41,85	14,23
41,88	14,25
41,90	14,24
41,92	14,27
41,95	14,26
41,97	14,27
42,00	14,26
42,02	14,27
42,05	14,25
42,07	14,27
42,10	14,25
42,12	14,28
42,14	14,25
42,17	14,26
42,19	14,23
42,22	14,23
42,24	14,19
42,27	14,18
42,29	14,11
42,31	14,10
42,34	14,03
42,36	14,00
42,39	13,95
42,41	13,90
42,44	13,83
42,46	13,80
42,49	13,71
42,51	13,70
42,53	13,63
42,56	13,57
42,58	13,50
42,61	13,43
42,63	13,35
42,66	13,31
42,68	13,20
42,71	13,13
42,73	13,04
42,75	12,97
42,78	12,89
42,80	12,83
42,83	12,74
42,85	12,68
42,88	12,59
42,90	12,54
42,93	12,46
42,95	12,39
42,97	12,30
43,00	12,22
43,02	12,11
43,05	12,03
43,07	11,93
43,10	11,84
43,12	11,77
43,15	11,69
43,17	11,61
43,19	11,54
43,22	11,46
43,24	11,41
43,27	11,34
43,29	11,24
43,32	11,17
43,34	11,08
43,36	11,02
43,39	10,94
43,41	10,87
43,44	10,80
43,46	10,73
43,49	10,67
43,51	10,63
43,54	10,56
43,56	10,50
43,58	10,45
43,61	10,42
43,63	10,37
43,66	10,33
43,68	10,28
43,71	10,26
43,73	10,21
43,76	10,16
43,78	10,11
43,80	10,09
43,83	10,05
43,85	10,07
43,88	10,03
43,90	10,03
43,93	10,00
43,95	10,00
43,98	10,00
44,00	10,00
44,02	9,95
44,05	9,97
44,07	9,94
44,10	9,96
44,12	9,95
44,15	9,95
44,17	9,95
44,20	9,98
44,22	9,99
44,24	10,04
44,27	10,04
44,29	10,08
44,32	10,12
44,34	10,16
44,37	10,18
44,39	10,22
44,41	10,24
44,44	10,31
44,46	10,33
44,49	10,37
44,51	10,41
44,54	10,47
44,56	10,51
44,59	10,59
44,61	10,64
44,63	10,71
44,66	10,76
44,68	10,82
44,71	10,90
44,73	10,97
44,76	11,01
44,78	11,09
44,81	11,15
44,83	11,24
44,85	11,32
44,88	11,39
44,90	11,49
44,93	11,59
44,95	11,68
44,98	11,77
45,00	11,84
45,03	11,93
45,05	12,05
45,07	12,12
45,10	12,22
45,12	12,30
45,15	12,41
45,17	12,50
45,20	12,63
45,22	12,71
45,25	12,84
45,27	12,92
45,29	13,05
45,32	13,14
45,34	13,26
45,37	13,35
45,39	13,46
45,42	13,53
45,44	13,69
45,47	13,78
45,49	13,92
45,51	14,02
45,54	14,15
45,56	14,26
45,59	14,41
45,61	14,50
45,64	14,65
45,66	14,73
45,68	14,86
45,71	14,97
45,73	15,10
45,76	15,19
45,78	15,35
45,81	15,42
45,83	15,56
45,86	15,68
45,88	15,82
45,90	15,93
45,93	16,06
45,95	16,15
45,98	16,29
46,00	16,39
46,03	16,50
46,05	16,59
46,08	16,71
46,10	16,81
46,12	16,92
46,15	17,00
46,17	17,16
46,20	17,26
46,22	17,37
46,25	17,48
46,27	17,57
46,30	17,67
46,32	17,78
46,34	17,85
46,37	17,95
46,39	18,01
46,42	18,08
46,44	18,18
46,47	18,25
46,49	18,32
46,52	18,40
46,54	18,45
46,56	18,53
46,59	18,60
46,61	18,65
46,64	18,70
46,66	18,73
46,69	18,76
46,71	18,81
46,73	18,84
46,76	18,85
46,78	18,88
46,81	18,90
46,83	18,92
46,86	18,94
46,88	18,95
46,91	18,98
46,93	19,00
46,95	18,98
46,98	19,00
47,00	18,97
47,03	18,97
47,05	18,95
47,08	18,92
47,10	18,89
47,13	18,88
47,15	18,84
47,17	18,84
47,20	18,78
47,22	18,75
47,25	18,71
47,27	18,67
47,30	18,62
47,32	18,58
47,35	18,49
47,37	18,45
47,39	18,37
47,42	18,30
47,44	18,23
47,47	18,16
47,49	18,07
47,52	18,02
47,54	17,91
47,57	17,84
47,59	17,72
47,61	17,64
47,64	17,56
47,66	17,47
47,69	17,35
47,71	17,27
47,74	17,13
47,76	17,06
47,78	16,94
47,81	16,84
47,83	16,73
47,86	16,65
47,88	16,54
47,91	16,48
47,93	16,34
47,96	16,24
47,98	16,12
48,00	16,02
48,03	15,91
48,05	15,80
48,08	15,67
48,10	15,60
48,13	15,51
48,15	15,43
48,18	15,33
48,20	15,23
48,22	15,12
48,25	15,04
48,27	14,94
48,30	14,86
48,32	14,76
48,35	14,66
48,37	14,60
48,40	14,53
48,42	14,45
48,44	14,38
48,47	14,29
48,49	14,23
48,52	14,16
48,54	14,08
48,57	14,04
48,59	13,98
48,62	13,93
48,64	13,88
48,66	13,83
48,69	13,79
48,71	13,76
48,74	13,72
48,76	13,70
48,79	13,67
48,81	13,65
48,84	13,65
48,86	13,64
48,88	13,62
48,91	13,62
48,93	13,60
48,96	13,61
48,98	13,61
49,01	13,60
49,03	13,60
49,05	13,63
49,08	13,64
49,10	13,70
49,13	13,71
49,15	13,74
49,18	13,77
49,20	13,81
49,23	13,82
49,25	13,88
49,27	13,88
49,30	13,94
49,32	13,96
49,35	14,03
49,37	14,08
49,40	14,17
49,42	14,21
49,45	14,28
49,47	14,35
49,49	14,45
49,52	14,50
49,54	14,57
49,57	14,65
49,59	14,74
49,62	14,81
49,64	14,89
49,67	14,96
49,69	15,08
49,71	15,17
49,74	15,26
49,76	15,36
49,79	15,47
49,81	15,57
49,84	15,69
49,86	15,77
49,89	15,89
49,91	15,97
49,93	16,08
49,96	16,20
49,98	16,31
50,01	16,41
50,03	16,56
50,06	16,66
50,08	16,80
50,10	16,93
50,13	17,06
50,15	17,18
50,18	17,32
50,20	17,42
50,23	17,56
50,25	17,68
50,28	17,80
50,30	17,95
50,32	18,09
50,35	18,22
50,37	18,38
50,40	18,51
50,42	18,65
50,45	18,79
50,47	18,92
50,50	19,07
50,52	19,20
50,54	19,33
50,57	19,46
50,59	19,60
50,62	19,74
50,64	19,88
50,67	19,99
50,69	20,16
50,72	20,30
50,74	20,47
50,76	20,62
50,79	20,76
50,81	20,89
50,84	21,05
50,86	21,17
50,89	21,32
50,91	21,43
50,94	21,57
50,96	21,69
50,98	21,82
51,01	21,91
51,03	22,08
51,06	22,19
51,08	22,34
51,11	22,45
51,13	22,59
51,15	22,72
51,18	22,87
51,20	22,95
51,23	23,09
51,25	23,16
51,28	23,27
51,30	23,36
51,33	23,45
51,35	23,51
51,37	23,61
51,40	23,67
51,42	23,80
51,45	23,87
51,47	23,97
51,50	24,04
51,52	24,12
51,55	24,16
51,57	24,25
51,59	24,27
51,62	24,32
51,64	24,32
51,67	24,37
51,69	24,42
51,72	24,46
51,74	24,48
51,77	24,53
51,79	24,54
51,81	24,58
51,84	24,59
51,86	24,60
51,89	24,60
51,91	24,60
51,94	24,57
51,96	24,59
51,99	24,56
52,01	24,56
52,03	24,53
52,06	24,50
52,08	24,48
52,11	24,44
52,13	24,38
52,16	24,39
52,18	24,32
52,20	24,27
52,23	24,21
52,25	24,13
52,28	24,09
52,30	24,02
52,33	23,91
52,35	23,85
52,38	23,77
52,40	23,70
52,42	23,66
52,45	23,56
52,47	23,47
52,50	23,41
52,52	23,31
52,55	23,22
52,57	23,13
52,60	23,01
52,62	22,90
52,64	22,80
52,67	22,69
52,69	22,61
52,72	22,48
52,74	22,37
52,77	22,26
52,79	22,15
52,82	22,03
52,84	21,91
52,86	21,77
52,89	21,69
52,91	21,56
52,94	21,42
52,96	21,31
52,99	21,14
53,01	21,03
53,04	20,91
53,06	20,77
53,08	20,66
53,11	20,54
53,13	20,42
53,16	20,36
53,18	20,24
53,21	20,14
53,23	20,02
53,26	19,92
53,28	19,81
53,30	19,72
53,33	19,60
53,35	19,53
53,38	19,44
53,40	19,37
53,43	19,29
53,45	19,22
53,47	19,15
53,50	19,08
53,52	18,99
53,55	18,94
53,57	18,86
53,60	18,80
53,62	18,78
53,65	18,74
53,67	18,68
53,69	18,66
53,72	18,60
53,74	18,57
53,77	18,54
53,79	18,49
53,82	18,47
53,84	18,47
53,87	18,44
53,89	18,45
53,91	18,45
53,94	18,46
53,96	18,47
53,99	18,50
54,01	18,52
54,04	18,55
54,06	18,56
54,09	18,60
54,11	18,63
54,13	18,67
54,16	18,71
54,18	18,73
54,21	18,78
54,23	18,82
54,26	18,87
54,28	18,93
54,31	19,01
54,33	19,07
54,35	19,19
54,38	19,24
54,40	19,33
54,43	19,40
54,45	19,47
54,48	19,51
54,50	19,60
54,52	19,65
54,55	19,77
54,57	19,85
54,60	19,96
54,62	20,07
54,65	20,20
54,67	20,29
54,70	20,45
54,72	20,53
54,74	20,66
54,77	20,74
54,79	20,86
54,82	20,97
54,84	21,13
54,87	21,22
54,89	21,39
54,92	21,51
54,94	21,68
54,96	21,81
54,99	21,98
55,01	22,10
55,04	22,27
55,06	22,41
55,09	22,60
55,11	22,72
55,14	22,87
55,16	22,98
55,18	23,12
55,21	23,25
55,23	23,40
55,26	23,53
55,28	23,71
55,31	23,85
55,33	24,03
55,36	24,21
55,38	24,39
55,40	24,55
55,43	24,71
55,45	24,84
55,48	25,02
55,50	25,17
55,53	25,32
55,55	25,47
55,57	25,62
55,60	25,80
55,62	26,01
55,65	26,14
55,67	26,30
55,70	26,46
55,72	26,64
55,75	26,79
55,77	26,91
55,79	27,03
55,82	27,21
55,84	27,35
55,87	27,51
55,89	27,64
55,92	27,78
55,94	27,95
55,97	28,09
55,99	28,24
56,01	28,38
56,04	28,52
56,06	28,65
56,09	28,82
56,11	28,97
56,14	29,12
56,16	29,23
56,19	29,34
56,21	29,45
56,23	29,58
56,26	29,66
56,28	29,77
56,31	29,87
56,33	29,97
56,36	30,11
56,38	30,22
56,41	30,30
56,43	30,42
56,45	30,47
56,48	30,56
56,50	30,63
56,53	30,69
56,55	30,74
56,58	30,81
56,60	30,86
56,62	30,95
56,65	30,99
56,67	31,07
56,70	31,10
56,72	31,16
56,75	31,20
56,77	31,24
56,80	31,24
56,82	31,28
56,84	31,28
56,87	31,32
56,89	31,32
56,92	31,33
56,94	31,34
56,97	31,34
56,99	31,32
57,02	31,32
57,04	31,28
57,06	31,28
57,09	31,26
57,11	31,23
57,14	31,19
57,16	31,17
57,19	31,13
57,21	31,12
57,24	31,06
57,26	31,00
57,28	30,93
57,31	30,87
57,33	30,79
57,36	30,72
57,38	30,61
57,41	30,52
57,43	30,41
57,46	30,31
57,48	30,21
57,50	30,10
57,53	30,01
57,55	29,94
57,58	29,84
57,60	29,75
57,63	29,67
57,65	29,57
57,68	29,47
57,70	29,35
57,72	29,19
57,75	29,07
57,77	28,93
57,80	28,79
57,82	28,67
57,85	28,54
57,87	28,43
57,89	28,31
57,92	28,22
57,94	28,12
57,97	28,02
57,99	27,89
58,02	27,78
58,04	27,63
58,07	27,50
58,09	27,35
58,11	27,21
58,14	27,07
58,16	26,95
58,19	26,81
58,21	26,71
58,24	26,57
58,26	26,47
58,29	26,38
58,31	26,28
58,33	26,17
58,36	26,08
58,38	25,97
58,41	25,90
58,43	25,80
58,46	25,72
58,48	25,61
58,51	25,54
58,53	25,44
58,55	25,40
58,58	25,33
58,60	25,27
58,63	25,20
58,65	25,19
58,68	25,15
58,70	25,13
58,73	25,08
58,75	25,06
58,77	25,02
58,80	25,01
58,82	24,97
58,85	24,96
58,87	24,93
58,90	24,94
58,92	24,92
58,94	24,93
58,97	24,91
58,99	24,93
59,02	24,94
59,04	24,97
59,07	24,97
59,09	25,02
59,12	25,05
59,14	25,10
59,16	25,14
59,19	25,18
59,21	25,24
59,24	25,31
59,26	25,37
59,29	25,44
59,31	25,49
59,34	25,58
59,36	25,65
59,38	25,71
59,41	25,79
59,43	25,89
59,46	26,00
59,48	26,11
59,51	26,22
59,53	26,33
59,56	26,44
59,58	26,54
59,60	26,64
59,63	26,72
59,65	26,83
59,68	26,92
59,70	27,03
59,73	27,15
59,75	27,31
59,78	27,45
59,80	27,60
59,82	27,74
59,85	27,90
59,87	28,04
59,90	28,23
59,92	28,34
59,95	28,47
59,97	28,56
59,99	28,65
