U1/V	IA/nA
0,02	0,38
0,04	0,38
0,07	0,40
0,09	0,40
0,12	0,41
0,14	0,40
0,17	0,40
0,19	0,42
0,21	0,42
0,24	0,41
0,26	0,42
0,29	0,41
0,31	0,44
0,34	0,44
0,36	0,42
0,39	0,42
0,41	0,40
0,43	0,41
0,46	0,42
0,48	0,40
0,51	0,40
0,53	0,39
0,56	0,39
0,58	0,40
0,61	0,40
0,63	0,39
0,65	0,41
0,68	0,41
0,70	0,41
0,73	0,43
0,75	0,43
0,78	0,44
0,80	0,43
0,83	0,42
0,85	0,42
0,87	0,41
0,90	0,40
0,92	0,43
0,95	0,42
0,97	0,43
1,00	0,41
1,02	0,43
1,05	0,44
1,07	0,45
1,09	0,40
1,12	0,42
1,14	0,40
1,17	0,42
1,19	0,41
1,22	0,41
1,24	0,40
1,26	0,42
1,29	0,40
1,31	0,43
1,34	0,41
1,36	0,43
1,39	0,43
1,41	0,44
1,44	0,43
1,46	0,45
1,48	0,43
1,51	0,45
1,53	0,43
1,56	0,42
1,58	0,42
1,61	0,43
1,63	0,40
1,66	0,44
1,68	0,43
1,70	0,45
1,73	0,45
1,75	0,45
1,78	0,47
1,80	0,49
1,83	0,45
1,85	0,46
1,88	0,44
1,90	0,45
1,92	0,43
1,95	0,42
1,97	0,41
2,00	0,41
2,02	0,41
2,05	0,43
2,07	0,41
2,10	0,41
2,12	0,44
2,14	0,45
2,17	0,45
2,19	0,45
2,22	0,44
2,24	0,44
2,27	0,45
2,29	0,42
2,31	0,42
2,34	0,41
2,36	0,40
2,39	0,42
2,41	0,43
2,44	0,42
2,46	0,43
2,49	0,42
2,51	0,45
2,53	0,44
2,56	0,43
2,58	0,42
2,61	0,42
2,63	0,39
2,66	0,41
2,68	0,39
2,71	0,41
2,73	0,40
2,75	0,41
2,78	0,41
2,80	0,42
2,83	0,40
2,85	0,43
2,88	0,41
2,90	0,42
2,93	0,41
2,95	0,42
2,97	0,42
3,00	0,45
3,02	0,40
3,05	0,43
3,07	0,41
3,10	0,42
3,12	0,42
3,15	0,43
3,17	0,43
3,19	0,45
3,22	0,42
3,24	0,46
3,27	0,44
3,29	0,44
3,32	0,43
3,34	0,42
3,36	0,40
3,39	0,41
3,41	0,38
3,44	0,40
3,46	0,38
3,49	0,39
3,51	0,40
3,54	0,42
3,56	0,42
3,58	0,45
3,61	0,44
3,63	0,45
3,66	0,45
3,68	0,45
3,71	0,43
3,73	0,43
3,76	0,40
3,78	0,40
3,80	0,39
3,83	0,40
3,85	0,40
3,88	0,42
3,90	0,42
3,93	0,43
3,95	0,43
3,98	0,46
4,00	0,46
4,02	0,44
4,05	0,44
4,07	0,41
4,10	0,42
4,12	0,42
4,15	0,41
4,17	0,40
4,20	0,40
4,22	0,40
4,24	0,43
4,27	0,42
4,29	0,43
4,32	0,45
4,34	0,45
4,37	0,45
4,39	0,47
4,42	0,45
4,44	0,46
4,46	0,44
4,49	0,43
4,51	0,42
4,54	0,43
4,56	0,41
4,59	0,42
4,61	0,41
4,63	0,42
4,66	0,41
4,68	0,42
4,71	0,44
4,73	0,45
4,76	0,44
4,78	0,47
4,81	0,43
4,83	0,44
4,85	0,42
4,88	0,42
4,90	0,40
4,93	0,40
4,95	0,37
4,98	0,41
5,00	0,40
5,03	0,42
5,05	0,43
5,07	0,45
5,10	0,45
5,12	0,47
5,15	0,45
5,17	0,46
5,20	0,44
5,22	0,43
5,25	0,41
5,27	0,41
5,29	0,39
5,32	0,41
5,34	0,39
5,37	0,41
5,39	0,41
5,42	0,42
5,44	0,44
5,47	0,45
5,49	0,43
5,51	0,44
5,54	0,42
5,56	0,41
5,59	0,41
5,61	0,39
5,64	0,40
5,66	0,40
5,68	0,40
5,71	0,42
5,73	0,41
5,76	0,42
5,78	0,44
5,81	0,43
5,83	0,43
5,86	0,42
5,88	0,43
5,90	0,43
5,93	0,43
5,95	0,41
5,98	0,43
6,00	0,41
6,03	0,42
6,05	0,41
6,08	0,42
6,10	0,41
6,12	0,42
6,15	0,39
6,17	0,44
6,20	0,43
6,22	0,44
6,25	0,43
6,27	0,43
6,30	0,41
6,32	0,42
6,34	0,38
6,37	0,40
6,39	0,38
6,42	0,39
6,44	0,40
6,47	0,42
6,49	0,41
6,52	0,45
6,54	0,44
6,56	0,46
6,59	0,44
6,61	0,45
6,64	0,44
6,66	0,46
6,69	0,42
6,71	0,45
6,73	0,41
6,76	0,43
6,78	0,42
6,81	0,42
6,83	0,41
6,86	0,43
6,88	0,41
6,91	0,46
6,93	0,45
6,95	0,45
6,98	0,44
7,00	0,43
7,03	0,42
7,05	0,44
7,08	0,41
7,10	0,42
7,13	0,41
7,15	0,42
7,17	0,44
7,20	0,45
7,22	0,44
7,25	0,45
7,27	0,44
7,30	0,45
7,32	0,45
7,35	0,45
7,37	0,44
7,39	0,44
7,42	0,43
7,44	0,43
7,47	0,42
7,49	0,42
7,52	0,43
7,54	0,42
7,57	0,42
7,59	0,42
7,61	0,41
7,64	0,45
7,66	0,44
7,69	0,43
7,71	0,44
7,74	0,42
7,76	0,44
7,78	0,44
7,81	0,43
7,83	0,42
7,86	0,42
7,88	0,40
7,91	0,45
7,93	0,43
7,96	0,45
7,98	0,44
8,00	0,45
8,03	0,46
8,05	0,48
8,08	0,45
8,10	0,47
8,13	0,45
8,15	0,46
8,18	0,45
8,20	0,44
8,22	0,42
8,25	0,44
8,27	0,41
8,30	0,43
8,32	0,42
8,35	0,44
8,37	0,46
8,40	0,47
8,42	0,47
8,44	0,50
8,47	0,46
8,49	0,48
8,52	0,45
8,54	0,45
8,57	0,43
8,59	0,42
8,62	0,41
8,64	0,45
8,66	0,43
8,69	0,46
8,71	0,46
8,74	0,48
8,76	0,49
8,79	0,50
8,81	0,48
8,84	0,49
8,86	0,48
8,88	0,48
8,91	0,48
8,93	0,48
8,96	0,46
8,98	0,47
9,01	0,47
9,03	0,48
9,05	0,48
9,08	0,47
9,10	0,49
9,13	0,49
9,15	0,49
9,18	0,50
9,20	0,49
9,23	0,50
9,25	0,49
9,27	0,48
9,30	0,50
9,32	0,49
9,35	0,48
9,37	0,49
9,40	0,49
9,42	0,49
9,45	0,50
9,47	0,50
9,49	0,52
9,52	0,52
9,54	0,51
9,57	0,51
9,59	0,53
9,62	0,51
9,64	0,53
9,67	0,50
9,69	0,51
9,71	0,51
9,74	0,52
9,76	0,51
9,79	0,53
9,81	0,51
9,84	0,54
9,86	0,53
9,89	0,54
9,91	0,52
9,93	0,53
9,96	0,51
9,98	0,52
10,01	0,51
10,03	0,53
10,06	0,51
10,08	0,53
10,10	0,53
10,13	0,55
10,15	0,54
10,18	0,56
10,20	0,54
10,23	0,57
10,25	0,55
10,28	0,56
10,30	0,55
10,32	0,55
10,35	0,53
10,37	0,57
10,40	0,54
10,42	0,56
10,45	0,56
10,47	0,58
10,50	0,58
10,52	0,60
10,54	0,57
10,57	0,60
10,59	0,58
10,62	0,58
10,64	0,58
10,67	0,57
10,69	0,56
10,72	0,58
10,74	0,57
10,76	0,58
10,79	0,55
10,81	0,56
10,84	0,58
10,86	0,59
10,89	0,59
10,91	0,58
10,94	0,59
10,96	0,61
10,98	0,62
11,01	0,61
11,03	0,61
11,06	0,60
11,08	0,61
11,11	0,62
11,13	0,63
11,15	0,62
11,18	0,63
11,20	0,62
11,23	0,65
11,25	0,64
11,28	0,64
11,30	0,64
11,33	0,64
11,35	0,62
11,37	0,63
11,40	0,60
11,42	0,62
11,45	0,61
11,47	0,61
11,50	0,60
11,52	0,60
11,55	0,59
11,57	0,63
11,59	0,60
11,62	0,63
11,64	0,63
11,67	0,64
11,69	0,65
11,72	0,67
11,74	0,64
11,77	0,66
11,79	0,63
11,81	0,64
11,84	0,65
11,86	0,67
11,89	0,66
11,91	0,68
11,94	0,66
11,96	0,70
11,99	0,69
12,01	0,68
12,03	0,66
12,06	0,67
12,08	0,66
12,11	0,68
12,13	0,66
12,16	0,68
12,18	0,67
12,21	0,69
12,23	0,69
12,25	0,69
12,28	0,68
12,30	0,70
12,33	0,69
12,35	0,69
12,38	0,69
12,40	0,70
12,42	0,71
12,45	0,72
12,47	0,71
12,50	0,72
12,52	0,73
12,55	0,73
12,57	0,75
12,60	0,76
12,62	0,76
12,64	0,77
12,67	0,77
12,69	0,79
12,72	0,80
12,74	0,77
12,77	0,78
12,79	0,77
12,82	0,77
12,84	0,78
12,86	0,78
12,89	0,78
12,91	0,79
12,94	0,76
12,96	0,79
12,99	0,78
13,01	0,78
13,04	0,78
13,06	0,79
13,08	0,79
13,11	0,82
13,13	0,81
13,16	0,85
13,18	0,84
13,21	0,84
13,23	0,83
13,26	0,84
13,28	0,82
13,30	0,86
13,33	0,83
13,35	0,84
13,38	0,84
13,40	0,87
13,43	0,87
13,45	0,89
13,47	0,85
13,50	0,88
13,52	0,86
13,55	0,87
13,57	0,86
13,60	0,86
13,62	0,85
13,65	0,87
13,67	0,86
13,69	0,89
13,72	0,87
13,74	0,89
13,77	0,90
13,79	0,92
13,82	0,90
13,84	0,91
13,87	0,90
13,89	0,92
13,91	0,91
13,94	0,90
13,96	0,89
13,99	0,90
14,01	0,89
14,04	0,92
14,06	0,92
14,09	0,93
14,11	0,93
14,13	0,94
14,16	0,95
14,18	0,96
14,21	0,93
14,23	0,93
14,26	0,92
14,28	0,92
14,31	0,92
14,33	0,91
14,35	0,92
14,38	0,91
14,40	0,93
14,43	0,93
14,45	0,94
14,48	0,94
14,50	0,96
14,52	0,96
14,55	0,98
14,57	0,97
14,60	0,98
14,62	0,98
14,65	0,99
14,67	0,96
14,70	0,96
14,72	0,94
14,74	0,94
14,77	0,96
14,79	0,96
14,82	0,96
14,84	0,98
14,87	0,96
14,89	1,01
14,92	0,99
14,94	0,99
14,96	0,98
14,99	0,98
15,01	0,96
15,04	0,98
15,06	0,95
15,09	0,97
15,11	0,94
15,14	0,96
15,16	0,97
15,18	0,99
15,21	0,97
15,23	1,02
15,26	1,00
15,28	1,02
15,31	1,00
15,33	1,01
15,36	0,99
15,38	1,01
15,40	0,97
15,43	0,99
15,45	0,96
15,48	0,98
15,50	1,00
15,53	1,02
15,55	1,01
15,57	1,03
15,60	1,03
15,62	1,08
15,65	1,07
15,67	1,06
15,70	1,04
15,72	1,03
15,75	1,02
15,77	1,03
15,79	1,01
15,82	1,03
15,84	1,01
15,87	1,02
15,89	1,04
15,92	1,05
15,94	1,05
15,97	1,08
15,99	1,06
16,01	1,07
16,04	1,08
16,06	1,08
16,09	1,08
16,11	1,08
16,14	1,05
16,16	1,06
16,19	1,07
16,21	1,06
16,23	1,08
16,26	1,07
16,28	1,08
16,31	1,09
16,33	1,09
16,36	1,12
16,38	1,13
16,41	1,11
16,43	1,13
16,45	1,10
16,48	1,11
16,50	1,11
16,53	1,09
16,55	1,08
16,58	1,08
16,60	1,07
16,63	1,11
16,65	1,10
16,67	1,12
16,70	1,14
16,72	1,16
16,75	1,16
16,77	1,19
16,80	1,17
16,82	1,19
16,84	1,17
16,87	1,17
16,89	1,17
16,92	1,18
16,94	1,16
16,97	1,20
16,99	1,18
17,02	1,21
17,04	1,20
17,06	1,21
17,09	1,22
17,11	1,24
17,14	1,21
17,16	1,24
17,19	1,22
17,21	1,23
17,24	1,23
17,26	1,23
17,28	1,23
17,31	1,24
17,33	1,24
17,36	1,28
17,38	1,27
17,41	1,29
17,43	1,31
17,46	1,32
17,48	1,33
17,50	1,35
17,53	1,33
17,55	1,36
17,58	1,36
17,60	1,35
17,63	1,35
17,65	1,35
17,68	1,35
17,70	1,36
17,72	1,37
17,75	1,37
17,77	1,39
17,80	1,38
17,82	1,42
17,85	1,42
17,87	1,43
17,89	1,44
17,92	1,42
17,94	1,43
17,97	1,46
17,99	1,43
18,02	1,45
18,04	1,45
18,07	1,46
18,09	1,48
18,11	1,48
18,14	1,47
18,16	1,51
18,19	1,51
18,21	1,53
18,24	1,53
18,26	1,54
18,29	1,54
18,31	1,56
18,33	1,53
18,36	1,56
18,38	1,53
18,41	1,55
18,43	1,54
18,46	1,55
18,48	1,55
18,51	1,57
18,53	1,56
18,55	1,62
18,58	1,60
18,60	1,62
18,63	1,61
18,65	1,60
18,68	1,58
18,70	1,60
18,73	1,56
18,75	1,58
18,77	1,56
18,80	1,58
18,82	1,59
18,85	1,61
18,87	1,60
18,90	1,63
18,92	1,62
18,94	1,64
18,97	1,63
18,99	1,64
19,02	1,64
19,04	1,64
19,07	1,62
19,09	1,65
19,12	1,62
19,14	1,63
19,16	1,62
19,19	1,63
19,21	1,62
19,24	1,63
19,26	1,60
19,29	1,66
19,31	1,65
19,34	1,65
19,36	1,65
19,38	1,63
19,41	1,63
19,43	1,64
19,46	1,60
19,48	1,61
19,51	1,60
19,53	1,60
19,56	1,63
19,58	1,63
19,60	1,62
19,63	1,63
19,65	1,62
19,68	1,63
19,70	1,65
19,73	1,63
19,75	1,63
19,78	1,63
19,80	1,62
19,82	1,62
19,85	1,61
19,87	1,60
19,90	1,62
19,92	1,60
19,95	1,61
19,97	1,60
19,99	1,61
20,02	1,63
20,04	1,63
20,07	1,61
20,09	1,62
20,12	1,58
20,14	1,59
20,17	1,58
20,19	1,58
20,21	1,56
20,24	1,56
20,26	1,55
20,29	1,59
20,31	1,57
20,34	1,58
20,36	1,57
20,39	1,59
20,41	1,59
20,43	1,60
20,46	1,58
20,48	1,61
20,51	1,60
20,53	1,61
20,56	1,61
20,58	1,62
20,61	1,60
20,63	1,62
20,65	1,60
20,68	1,62
20,70	1,61
20,73	1,62
20,75	1,64
20,78	1,65
20,80	1,64
20,83	1,66
20,85	1,62
20,87	1,64
20,90	1,62
20,92	1,60
20,95	1,62
20,97	1,61
21,00	1,61
21,02	1,65
21,05	1,64
21,07	1,66
21,09	1,64
21,12	1,64
21,14	1,66
21,17	1,67
21,19	1,66
21,22	1,67
21,24	1,68
21,26	1,72
21,29	1,74
21,31	1,72
21,34	1,72
21,36	1,73
21,39	1,74
21,41	1,76
21,44	1,78
21,46	1,76
21,48	1,83
21,51	1,83
21,53	1,85
21,56	1,86
21,58	1,87
21,61	1,86
21,63	1,89
21,66	1,86
21,68	1,90
21,70	1,90
21,73	1,92
21,75	1,94
21,78	1,96
21,80	1,95
21,83	2,00
21,85	1,98
21,88	2,02
21,90	2,01
21,92	2,02
21,95	2,03
21,97	2,07
22,00	2,06
22,02	2,09
22,05	2,07
22,07	2,11
22,10	2,11
22,12	2,15
22,14	2,15
22,17	2,18
22,19	2,18
22,22	2,25
22,24	2,24
22,27	2,27
22,29	2,26
22,31	2,29
22,34	2,29
22,36	2,32
22,39	2,30
22,41	2,34
22,44	2,31
22,46	2,33
22,49	2,34
22,51	2,37
22,53	2,37
22,56	2,39
22,58	2,39
22,61	2,45
22,63	2,46
22,66	2,48
22,68	2,48
22,71	2,50
22,73	2,49
22,75	2,51
22,78	2,49
22,80	2,50
22,83	2,51
22,85	2,52
22,88	2,53
22,90	2,54
22,93	2,55
22,95	2,59
22,97	2,59
23,00	2,59
23,02	2,60
23,05	2,59
23,07	2,60
23,10	2,60
23,12	2,60
23,15	2,60
23,17	2,59
23,19	2,59
23,22	2,62
23,24	2,62
23,27	2,62
23,29	2,62
23,32	2,63
23,34	2,64
23,36	2,65
23,39	2,64
23,41	2,65
23,44	2,64
23,46	2,65
23,49	2,65
23,51	2,65
23,54	2,64
23,56	2,66
23,58	2,64
23,61	2,65
23,63	2,63
23,66	2,63
23,68	2,63
23,71	2,63
23,73	2,60
23,76	2,62
23,78	2,60
23,80	2,62
23,83	2,60
23,85	2,61
23,88	2,60
23,90	2,59
23,93	2,56
23,95	2,58
23,98	2,55
24,00	2,56
24,02	2,53
24,05	2,55
24,07	2,55
24,10	2,55
24,12	2,51
24,15	2,54
24,17	2,52
24,20	2,52
24,22	2,51
24,24	2,51
24,27	2,49
24,29	2,50
24,32	2,47
24,34	2,49
24,37	2,48
24,39	2,47
24,42	2,45
24,44	2,45
24,46	2,44
24,49	2,45
24,51	2,43
24,54	2,43
24,56	2,41
24,59	2,41
24,61	2,42
24,63	2,40
24,66	2,38
24,68	2,38
24,71	2,36
24,73	2,36
24,76	2,36
24,78	2,34
24,81	2,36
24,83	2,36
24,85	2,35
24,88	2,34
24,90	2,34
24,93	2,33
24,95	2,35
24,98	2,34
25,00	2,35
25,03	2,34
25,05	2,35
25,07	2,35
25,10	2,36
25,12	2,34
25,15	2,35
25,17	2,32
25,20	2,33
25,22	2,33
25,25	2,34
25,27	2,31
25,29	2,32
25,32	2,31
25,34	2,35
25,37	2,32
25,39	2,33
25,42	2,32
25,44	2,34
25,47	2,32
25,49	2,35
25,51	2,33
25,54	2,37
25,56	2,36
25,59	2,38
25,61	2,39
25,64	2,42
25,66	2,41
25,68	2,45
25,71	2,45
25,73	2,49
25,76	2,48
25,78	2,50
25,81	2,50
25,83	2,52
25,86	2,50
25,88	2,53
25,90	2,52
25,93	2,53
25,95	2,54
25,98	2,57
26,00	2,58
26,03	2,61
26,05	2,61
26,08	2,64
26,10	2,65
26,12	2,66
26,15	2,69
26,17	2,71
26,20	2,74
26,22	2,74
26,25	2,76
26,27	2,80
26,30	2,83
26,32	2,84
26,34	2,87
26,37	2,87
26,39	2,92
26,42	2,97
26,44	3,00
26,47	3,02
26,49	3,05
26,52	3,06
26,54	3,12
26,56	3,13
26,59	3,14
26,61	3,16
26,64	3,18
26,66	3,19
26,69	3,23
26,71	3,22
26,73	3,27
26,76	3,29
26,78	3,33
26,81	3,35
26,83	3,40
26,86	3,41
26,88	3,48
26,91	3,50
26,93	3,54
26,95	3,56
26,98	3,60
27,00	3,61
27,03	3,65
27,05	3,64
27,08	3,68
27,10	3,68
27,13	3,72
27,15	3,76
27,17	3,81
27,20	3,82
27,22	3,87
27,25	3,88
27,27	3,93
27,30	3,94
27,32	3,94
27,35	3,95
27,37	3,98
27,39	3,98
27,42	4,01
27,44	4,01
27,47	4,05
27,49	4,06
27,52	4,08
27,54	4,09
27,57	4,12
27,59	4,13
27,61	4,16
27,64	4,16
27,66	4,19
27,69	4,20
27,71	4,23
27,74	4,23
27,76	4,25
27,78	4,22
27,81	4,24
27,83	4,23
27,86	4,24
27,88	4,26
27,91	4,26
27,93	4,25
27,96	4,26
27,98	4,25
28,00	4,27
28,03	4,27
28,05	4,24
28,08	4,24
28,10	4,22
28,13	4,22
28,15	4,22
28,18	4,20
28,20	4,18
28,22	4,17
28,25	4,16
28,27	4,17
28,30	4,16
28,32	4,15
28,35	4,16
28,37	4,15
28,40	4,14
28,42	4,14
28,44	4,12
28,47	4,11
28,49	4,08
28,52	4,04
28,54	4,00
28,57	3,99
28,59	3,97
28,62	3,99
28,64	3,96
28,66	3,96
28,69	3,94
28,71	3,95
28,74	3,93
28,76	3,91
28,79	3,84
28,81	3,85
28,84	3,80
28,86	3,79
28,88	3,76
28,91	3,75
28,93	3,72
28,96	3,72
28,98	3,69
29,01	3,71
29,03	3,66
29,05	3,66
29,08	3,65
29,10	3,64
29,13	3,60
29,15	3,59
29,18	3,55
29,20	3,56
29,23	3,53
29,25	3,49
29,27	3,48
29,30	3,47
29,32	3,45
29,35	3,47
29,37	3,45
29,40	3,46
29,42	3,44
29,45	3,42
29,47	3,43
29,49	3,42
29,52	3,38
29,54	3,38
29,57	3,33
29,59	3,32
29,62	3,30
29,64	3,28
29,67	3,27
29,69	3,27
29,71	3,26
29,74	3,28
29,76	3,28
29,79	3,28
29,81	3,31
29,84	3,31
29,86	3,32
29,89	3,32
29,91	3,32
29,93	3,32
29,96	3,33
29,98	3,31
30,01	3,31
30,03	3,29
30,06	3,30
30,08	3,31
30,10	3,34
30,13	3,34
30,15	3,37
30,18	3,36
30,20	3,42
30,23	3,41
30,25	3,42
30,28	3,43
30,30	3,44
30,32	3,42
30,35	3,46
30,37	3,44
30,40	3,48
30,42	3,48
30,45	3,50
30,47	3,52
30,50	3,56
30,52	3,57
30,54	3,64
30,57	3,64
30,59	3,68
30,62	3,70
30,64	3,74
30,67	3,76
30,69	3,80
30,72	3,78
30,74	3,83
30,76	3,83
30,79	3,87
30,81	3,89
30,84	3,94
30,86	3,96
30,89	4,02
30,91	4,04
30,94	4,13
30,96	4,15
30,98	4,20
31,01	4,23
31,03	4,26
31,06	4,28
31,08	4,33
31,11	4,35
31,13	4,39
31,15	4,42
31,18	4,46
31,20	4,52
31,23	4,57
31,25	4,62
31,28	4,70
31,30	4,75
31,33	4,81
31,35	4,86
31,37	4,90
31,40	4,95
31,42	4,98
31,45	4,99
31,47	5,05
31,50	5,09
31,52	5,14
31,55	5,20
31,57	5,24
31,59	5,31
31,62	5,36
31,64	5,42
31,67	5,49
31,69	5,55
31,72	5,58
31,74	5,64
31,77	5,65
31,79	5,70
31,81	5,72
31,84	5,75
31,86	5,78
31,89	5,83
31,91	5,86
31,94	5,95
31,96	5,97
31,99	6,02
32,01	6,07
32,03	6,13
32,06	6,16
32,08	6,21
32,11	6,22
32,13	6,27
32,16	6,28
32,18	6,30
32,20	6,32
32,23	6,34
32,25	6,35
32,28	6,38
32,30	6,39
32,33	6,45
32,35	6,45
32,38	6,47
32,40	6,51
32,42	6,53
32,45	6,53
32,47	6,55
32,50	6,52
32,52	6,54
32,55	6,53
32,57	6,53
32,60	6,52
32,62	6,53
32,64	6,51
32,67	6,54
32,69	6,52
32,72	6,52
32,74	6,53
32,77	6,53
32,79	6,51
32,82	6,52
32,84	6,49
32,86	6,48
32,89	6,45
32,91	6,42
32,94	6,39
32,96	6,36
32,99	6,32
33,01	6,30
33,04	6,27
33,06	6,25
33,08	6,21
33,11	6,18
33,13	6,19
33,16	6,16
33,18	6,13
33,21	6,10
33,23	6,05
33,26	6,02
33,28	5,99
33,30	5,93
33,33	5,90
33,35	5,85
33,38	5,82
33,40	5,79
33,43	5,75
33,45	5,70
33,47	5,67
33,50	5,64
33,52	5,62
33,55	5,57
33,57	5,54
33,60	5,50
33,62	5,48
33,65	5,44
33,67	5,41
33,69	5,34
33,72	5,32
33,74	5,27
33,77	5,26
33,79	5,21
33,82	5,19
33,84	5,13
33,87	5,15
33,89	5,10
33,91	5,08
33,94	5,03
33,96	5,00
33,99	4,94
34,01	4,94
34,04	4,87
34,06	4,86
34,09	4,80
34,11	4,79
34,13	4,77
34,16	4,76
34,18	4,73
34,21	4,72
34,23	4,68
34,26	4,68
34,28	4,66
34,31	4,65
34,33	4,63
34,35	4,61
34,38	4,58
34,40	4,59
34,43	4,56
34,45	4,56
34,48	4,55
34,50	4,55
34,52	4,54
34,55	4,54
34,57	4,52
34,60	4,57
34,62	4,56
34,65	4,56
34,67	4,55
34,70	4,54
34,72	4,56
34,74	4,57
34,77	4,55
34,79	4,57
34,82	4,57
34,84	4,58
34,87	4,62
34,89	4,63
34,92	4,64
34,94	4,65
34,96	4,67
34,99	4,70
35,01	4,73
35,04	4,74
35,06	4,78
35,09	4,79
35,11	4,83
35,14	4,86
35,16	4,89
35,18	4,91
35,21	4,96
35,23	4,97
35,26	5,02
35,28	5,05
35,31	5,09
35,33	5,15
35,36	5,20
35,38	5,23
35,40	5,29
35,43	5,31
35,45	5,37
35,48	5,40
35,50	5,43
35,53	5,47
35,55	5,51
35,57	5,54
35,60	5,63
35,62	5,65
35,65	5,72
35,67	5,76
35,70	5,82
35,72	5,88
35,75	5,96
35,77	6,00
35,79	6,08
35,82	6,13
35,84	6,21
35,87	6,29
35,89	6,34
35,92	6,39
35,94	6,46
35,97	6,51
35,99	6,59
36,01	6,65
36,04	6,70
36,06	6,80
36,09	6,88
36,11	6,94
36,14	7,02
36,16	7,08
36,19	7,16
36,21	7,23
36,23	7,28
36,26	7,35
36,28	7,41
36,31	7,49
36,33	7,56
36,36	7,62
36,38	7,70
36,41	7,78
36,43	7,85
36,45	7,95
36,48	8,01
36,50	8,08
36,53	8,14
36,55	8,21
36,58	8,28
36,60	8,36
36,62	8,38
36,65	8,45
36,67	8,51
36,70	8,59
36,72	8,64
36,75	8,71
36,77	8,74
36,80	8,83
36,82	8,88
36,84	8,94
36,87	8,97
36,89	9,03
36,92	9,06
36,94	9,13
36,97	9,15
36,99	9,20
37,02	9,21
37,04	9,25
37,06	9,26
37,09	9,30
37,11	9,31
37,14	9,34
37,16	9,35
37,19	9,40
37,21	9,40
37,24	9,42
37,26	9,42
37,28	9,45
37,31	9,43
37,33	9,46
37,36	9,42
37,38	9,44
37,41	9,43
37,43	9,43
37,46	9,41
37,48	9,42
37,50	9,37
37,53	9,39
37,55	9,35
37,58	9,34
37,60	9,29
37,63	9,27
37,65	9,23
37,68	9,22
37,70	9,18
37,72	9,15
37,75	9,08
37,77	9,05
37,80	9,01
37,82	8,97
37,85	8,90
37,87	8,86
37,89	8,78
37,92	8,75
37,94	8,70
37,97	8,64
37,99	8,58
38,02	8,53
38,04	8,45
38,07	8,42
38,09	8,36
38,11	8,30
38,14	8,24
38,16	8,17
38,19	8,12
38,21	8,07
38,24	7,99
38,26	7,94
38,29	7,86
38,31	7,77
38,33	7,72
38,36	7,65
38,38	7,60
38,41	7,53
38,43	7,47
38,46	7,41
38,48	7,34
38,51	7,27
38,53	7,22
38,55	7,15
38,58	7,10
38,60	7,03
38,63	6,99
38,65	6,94
38,68	6,92
38,70	6,85
38,73	6,83
38,75	6,77
38,77	6,74
38,80	6,71
38,82	6,68
38,85	6,63
38,87	6,60
38,90	6,54
38,92	6,53
38,94	6,49
38,97	6,45
38,99	6,41
39,02	6,38
39,04	6,33
39,07	6,32
39,09	6,27
39,12	6,26
39,14	6,23
39,16	6,22
39,19	6,21
39,21	6,19
39,24	6,17
39,26	6,18
39,29	6,17
39,31	6,16
39,34	6,16
39,36	6,16
39,38	6,18
39,41	6,19
39,43	6,16
39,46	6,18
39,48	6,18
39,51	6,20
39,53	6,23
39,56	6,24
39,58	6,26
39,60	6,29
39,63	6,31
39,65	6,35
39,68	6,38
39,70	6,39
39,73	6,42
39,75	6,44
39,78	6,47
39,80	6,50
39,82	6,53
39,85	6,55
39,87	6,58
39,90	6,62
39,92	6,69
39,95	6,71
39,97	6,76
39,99	6,82
40,02	6,88
40,04	6,94
40,07	7,00
40,09	7,03
40,12	7,11
40,14	7,16
40,17	7,21
40,19	7,26
40,21	7,33
40,24	7,39
40,26	7,49
40,29	7,54
40,31	7,63
40,34	7,68
40,36	7,77
40,39	7,85
40,41	7,94
40,43	7,99
40,46	8,08
40,48	8,13
40,51	8,22
40,53	8,29
40,56	8,36
40,58	8,43
40,61	8,52
40,63	8,59
40,65	8,71
40,68	8,79
40,70	8,90
40,73	9,01
40,75	9,11
40,78	9,19
40,80	9,30
40,83	9,36
40,85	9,47
40,87	9,55
40,90	9,64
40,92	9,72
40,95	9,83
40,97	9,91
41,00	10,06
41,02	10,15
41,05	10,27
41,07	10,37
41,09	10,48
41,12	10,58
41,14	10,68
41,17	10,75
41,19	10,84
41,22	10,90
41,24	10,98
41,26	11,06
41,29	11,16
41,31	11,25
41,34	11,35
41,36	11,45
41,39	11,55
41,41	11,62
41,44	11,72
41,46	11,83
41,48	11,92
41,51	12,00
41,53	12,07
41,56	12,16
41,58	12,25
41,61	12,33
41,63	12,37
41,66	12,45
41,68	12,50
41,70	12,58
41,73	12,64
41,75	12,70
41,78	12,73
41,80	12,81
41,83	12,82
41,85	12,91
41,88	12,93
41,90	12,95
41,92	12,98
41,95	13,01
41,97	13,01
42,00	13,05
42,02	13,04
42,05	13,08
42,07	13,08
42,10	13,10
42,12	13,10
42,14	13,11
42,17	13,10
42,19	13,13
42,22	13,09
42,24	13,11
42,27	13,08
42,29	13,08
42,31	13,06
42,34	13,05
42,36	12,99
42,39	12,98
42,41	12,92
42,44	12,89
42,46	12,85
42,49	12,80
42,51	12,74
42,53	12,71
42,56	12,65
42,58	12,62
42,61	12,55
42,63	12,48
42,66	12,41
42,68	12,34
42,71	12,25
42,73	12,17
42,75	12,07
42,78	11,99
42,80	11,89
42,83	11,82
42,85	11,74
42,88	11,68
42,90	11,59
42,93	11,58
42,95	11,50
42,97	11,43
43,00	11,35
43,02	11,27
43,05	11,17
43,07	11,08
43,10	10,92
43,12	10,83
43,15	10,73
43,17	10,62
43,19	10,55
43,22	10,46
43,24	10,38
43,27	10,30
43,29	10,23
43,32	10,17
43,34	10,10
43,36	9,99
43,39	9,92
43,41	9,82
43,44	9,74
43,46	9,65
43,49	9,56
43,51	9,48
43,54	9,41
43,56	9,32
43,58	9,28
43,61	9,21
43,63	9,16
43,66	9,10
43,68	9,06
43,71	8,99
43,73	8,96
43,76	8,87
43,78	8,83
43,80	8,76
43,83	8,71
43,85	8,66
43,88	8,63
43,90	8,58
43,93	8,59
43,95	8,55
43,98	8,55
44,00	8,51
44,02	8,50
44,05	8,49
44,07	8,49
44,10	8,43
44,12	8,44
44,15	8,39
44,17	8,40
44,20	8,39
44,22	8,39
44,24	8,39
44,27	8,41
44,29	8,40
44,32	8,44
44,34	8,45
44,37	8,48
44,39	8,52
44,41	8,55
44,44	8,58
44,46	8,62
44,49	8,64
44,51	8,67
44,54	8,71
44,56	8,73
44,59	8,78
44,61	8,81
44,63	8,84
44,66	8,91
44,68	8,97
44,71	9,02
44,73	9,09
44,76	9,12
44,78	9,20
44,81	9,27
44,83	9,32
44,85	9,39
44,88	9,46
44,90	9,51
44,93	9,61
44,95	9,66
44,98	9,76
45,00	9,82
45,03	9,91
45,05	9,98
45,07	10,08
45,10	10,15
45,12	10,29
45,15	10,37
45,17	10,48
45,20	10,57
45,22	10,68
45,25	10,78
45,27	10,90
45,29	10,96
45,32	11,07
45,34	11,14
45,37	11,25
45,39	11,35
45,42	11,44
45,44	11,52
45,47	11,65
45,49	11,76
45,51	11,93
45,54	12,04
45,56	12,17
45,59	12,28
45,61	12,40
45,64	12,52
45,66	12,63
45,68	12,70
45,71	12,82
45,73	12,92
45,76	13,04
45,78	13,17
45,81	13,29
45,83	13,41
45,86	13,57
45,88	13,70
45,90	13,84
45,93	13,97
45,95	14,10
45,98	14,23
46,00	14,35
46,03	14,44
46,05	14,56
46,08	14,65
46,10	14,78
46,12	14,89
46,15	15,00
46,17	15,12
46,20	15,25
46,22	15,37
46,25	15,54
46,27	15,67
46,30	15,76
46,32	15,88
46,34	15,97
46,37	16,07
46,39	16,17
46,42	16,24
46,44	16,31
46,47	16,40
46,49	16,49
46,52	16,60
46,54	16,67
46,56	16,76
46,59	16,86
46,61	16,94
46,64	17,02
46,66	17,09
46,69	17,15
46,71	17,21
46,73	17,24
46,76	17,26
46,78	17,29
46,81	17,31
46,83	17,33
46,86	17,36
46,88	17,38
46,91	17,43
46,93	17,46
46,95	17,49
46,98	17,53
47,00	17,55
47,03	17,52
47,05	17,54
47,08	17,49
47,10	17,49
47,13	17,46
47,15	17,43
47,17	17,40
47,20	17,40
47,22	17,35
47,25	17,36
47,27	17,30
47,30	17,28
47,32	17,25
47,35	17,22
47,37	17,16
47,39	17,13
47,42	17,04
47,44	17,00
47,47	16,92
47,49	16,86
47,52	16,77
47,54	16,69
47,57	16,59
47,59	16,52
47,61	16,41
47,64	16,33
47,66	16,20
47,69	16,09
47,71	16,01
47,74	15,91
47,76	15,80
47,78	15,71
47,81	15,58
47,83	15,49
47,86	15,39
47,88	15,28
47,91	15,19
47,93	15,07
47,96	14,95
47,98	14,85
48,00	14,72
48,03	14,59
48,05	14,47
48,08	14,34
48,10	14,24
48,13	14,13
48,15	14,02
48,18	13,92
48,20	13,81
48,22	13,70
48,25	13,60
48,27	13,47
48,30	13,36
48,32	13,23
48,35	13,12
48,37	13,02
48,40	12,92
48,42	12,80
48,44	12,75
48,47	12,66
48,49	12,60
48,52	12,52
48,54	12,43
48,57	12,35
48,59	12,28
48,62	12,17
48,64	12,10
48,66	12,00
48,69	11,95
48,71	11,89
48,74	11,84
48,76	11,78
48,79	11,76
48,81	11,71
48,84	11,70
48,86	11,66
48,88	11,64
48,91	11,63
48,93	11,62
48,96	11,59
48,98	11,60
49,01	11,57
49,03	11,57
49,05	11,55
49,08	11,54
49,10	11,53
49,13	11,54
49,15	11,53
49,18	11,57
49,20	11,57
49,23	11,60
49,25	11,62
49,27	11,65
49,30	11,69
49,32	11,73
49,35	11,74
49,37	11,81
49,40	11,83
49,42	11,88
49,45	11,92
49,47	11,98
49,49	12,02
49,52	12,07
49,54	12,12
49,57	12,21
49,59	12,28
49,62	12,35
49,64	12,43
49,67	12,53
49,69	12,62
49,71	12,71
49,74	12,79
49,76	12,87
49,79	12,98
49,81	13,07
49,84	13,17
49,86	13,24
49,89	13,33
49,91	13,45
49,93	13,56
49,96	13,66
49,98	13,77
50,01	13,87
50,03	14,02
50,06	14,13
50,08	14,26
50,10	14,37
50,13	14,49
50,15	14,61
50,18	14,76
50,20	14,86
50,23	15,00
50,25	15,08
50,28	15,22
50,30	15,35
50,32	15,49
50,35	15,59
50,37	15,78
50,40	15,91
50,42	16,08
50,45	16,22
50,47	16,38
50,50	16,52
50,52	16,70
50,54	16,80
50,57	16,97
50,59	17,09
50,62	17,25
50,64	17,38
50,67	17,53
50,69	17,66
50,72	17,84
50,74	17,99
50,76	18,18
50,79	18,33
50,81	18,49
50,84	18,64
50,86	18,78
50,89	18,91
50,91	19,03
50,94	19,15
50,96	19,29
50,98	19,41
51,01	19,57
51,03	19,72
51,06	19,87
51,08	20,03
51,11	20,19
51,13	20,32
51,15	20,49
51,18	20,61
51,20	20,75
51,23	20,88
51,25	21,00
51,28	21,10
51,30	21,24
51,33	21,31
51,35	21,42
51,37	21,53
51,40	21,63
51,42	21,72
51,45	21,82
51,47	21,91
51,50	22,06
51,52	22,16
51,55	22,23
51,57	22,31
51,59	22,36
51,62	22,41
51,64	22,48
51,67	22,51
51,69	22,55
51,72	22,59
51,74	22,63
51,77	22,71
51,79	22,76
51,81	22,78
51,84	22,83
51,86	22,85
51,89	22,87
51,91	22,89
51,94	22,87
51,96	22,87
51,99	22,86
52,01	22,83
52,03	22,82
52,06	22,80
52,08	22,78
52,11	22,76
52,13	22,72
52,16	22,70
52,18	22,64
52,20	22,60
52,23	22,58
52,25	22,53
52,28	22,46
52,30	22,42
52,33	22,32
52,35	22,27
52,38	22,19
52,40	22,11
52,42	22,01
52,45	21,92
52,47	21,82
52,50	21,78
52,52	21,65
52,55	21,54
52,57	21,42
52,60	21,31
52,62	21,19
52,64	21,09
52,67	20,94
52,69	20,84
52,72	20,73
52,74	20,63
52,77	20,52
52,79	20,39
52,82	20,24
52,84	20,11
52,86	19,97
52,89	19,83
52,91	19,68
52,94	19,52
52,96	19,41
52,99	19,29
53,01	19,16
53,04	19,05
53,06	18,90
53,08	18,78
53,11	18,66
53,13	18,52
53,16	18,40
53,18	18,26
53,21	18,11
53,23	18,00
53,26	17,86
53,28	17,72
53,30	17,59
53,33	17,48
53,35	17,39
53,38	17,27
53,40	17,17
53,43	17,08
53,45	17,00
53,47	16,91
53,50	16,82
53,52	16,69
53,55	16,62
53,57	16,52
53,60	16,43
53,62	16,35
53,65	16,27
53,67	16,18
53,69	16,17
53,72	16,11
53,74	16,06
53,77	16,02
53,79	15,97
53,82	15,92
53,84	15,91
53,87	15,84
53,89	15,81
53,91	15,77
53,94	15,75
53,96	15,75
53,99	15,75
54,01	15,73
54,04	15,75
54,06	15,75
54,09	15,80
54,11	15,81
54,13	15,82
54,16	15,85
54,18	15,89
54,21	15,92
54,23	15,98
54,26	15,98
54,28	16,04
54,31	16,09
54,33	16,15
54,35	16,22
54,38	16,29
54,40	16,34
54,43	16,46
54,45	16,52
54,48	16,60
54,50	16,68
54,52	16,75
54,55	16,83
54,57	16,93
54,60	17,00
54,62	17,12
54,65	17,19
54,67	17,30
54,70	17,43
54,72	17,53
54,74	17,63
54,77	17,74
54,79	17,84
54,82	17,98
54,84	18,11
54,87	18,23
54,89	18,39
54,92	18,52
54,94	18,66
54,96	18,83
54,99	18,97
55,01	19,11
55,04	19,27
55,06	19,41
55,09	19,56
55,11	19,70
55,14	19,85
55,16	20,02
55,18	20,16
55,21	20,27
55,23	20,43
55,26	20,57
55,28	20,75
55,31	20,91
55,33	21,09
55,36	21,27
55,38	21,46
55,40	21,63
55,43	21,82
55,45	21,95
55,48	22,12
55,50	22,28
55,53	22,46
55,55	22,63
55,57	22,81
55,60	22,98
55,62	23,19
55,65	23,36
55,67	23,56
55,70	23,73
55,72	23,89
55,75	24,07
55,77	24,25
55,79	24,41
55,82	24,58
55,84	24,73
55,87	24,88
55,89	25,06
55,92	25,20
55,94	25,35
55,97	25,54
55,99	25,69
56,01	25,86
56,04	26,04
56,06	26,21
56,09	26,37
56,11	26,51
56,14	26,64
56,16	26,79
56,19	26,91
56,21	27,03
56,23	27,14
56,26	27,27
56,28	27,41
56,31	27,55
56,33	27,66
56,36	27,80
56,38	27,91
56,41	28,03
56,43	28,16
56,45	28,24
56,48	28,32
56,50	28,41
56,53	28,48
56,55	28,55
56,58	28,61
56,60	28,64
56,62	28,72
56,65	28,79
56,67	28,85
56,70	28,92
56,72	28,99
56,75	29,04
56,77	29,11
56,80	29,14
56,82	29,19
56,84	29,19
56,87	29,21
56,89	29,21
56,92	29,22
56,94	29,22
56,97	29,24
56,99	29,22
57,02	29,25
57,04	29,24
57,06	29,24
57,09	29,21
57,11	29,19
57,14	29,15
57,16	29,14
57,19	29,07
57,21	29,04
57,24	28,97
57,26	28,93
57,28	28,86
57,31	28,82
57,33	28,71
57,36	28,65
57,38	28,54
57,41	28,47
57,43	28,36
57,46	28,27
57,48	28,15
57,50	28,06
57,53	27,95
57,55	27,88
57,58	27,73
57,60	27,65
57,63	27,52
57,65	27,42
57,68	27,28
57,70	27,17
57,72	27,01
57,75	26,92
57,77	26,76
57,80	26,63
57,82	26,48
57,85	26,35
57,87	26,21
57,89	26,11
57,92	25,96
57,94	25,85
57,97	25,69
57,99	25,55
58,02	25,41
58,04	25,27
58,07	25,08
58,09	24,94
58,11	24,77
58,14	24,64
58,16	24,48
58,19	24,32
58,21	24,17
58,24	24,04
58,26	23,90
58,29	23,79
58,31	23,64
58,33	23,51
58,36	23,42
58,38	23,30
58,41	23,18
58,43	23,05
58,46	22,91
58,48	22,81
58,51	22,71
58,53	22,59
58,55	22,48
58,58	22,37
58,60	22,29
58,63	22,23
58,65	22,18
58,68	22,11
58,70	22,05
58,73	21,99
58,75	21,98
58,77	21,92
58,80	21,86
58,82	21,82
58,85	21,77
58,87	21,73
58,90	21,72
58,92	21,67
58,94	21,67
58,97	21,64
58,99	21,63
59,02	21,63
59,04	21,64
59,07	21,64
59,09	21,69
59,12	21,70
59,14	21,75
59,16	21,79
59,19	21,83
59,21	21,86
59,24	21,90
59,26	21,92
59,29	21,97
59,31	22,01
59,34	22,07
59,36	22,15
59,38	22,23
59,41	22,30
59,43	22,40
59,46	22,50
59,48	22,62
59,51	22,72
59,53	22,83
59,56	22,94
59,58	23,08
59,60	23,19
59,63	23,30
59,65	23,40
59,68	23,52
59,70	23,62
59,73	23,73
59,75	23,85
59,78	23,98
59,80	24,14
59,82	24,31
59,85	24,46
59,87	24,62
59,90	24,81
59,92	24,99
59,95	25,15
59,97	25,27
59,99	25,37
