U1/V	IA/nA
0,02	0,39
0,04	0,41
0,07	0,40
0,09	0,41
0,12	0,41
0,14	0,41
0,17	0,42
0,19	0,41
0,21	0,40
0,24	0,44
0,26	0,44
0,29	0,45
0,31	0,44
0,34	0,42
0,36	0,41
0,39	0,42
0,41	0,39
0,43	0,41
0,46	0,39
0,48	0,40
0,51	0,40
0,53	0,41
0,56	0,40
0,58	0,43
0,61	0,40
0,63	0,43
0,65	0,42
0,68	0,43
0,70	0,42
0,73	0,44
0,75	0,42
0,78	0,44
0,80	0,40
0,83	0,42
0,85	0,40
0,87	0,42
0,90	0,40
0,92	0,41
0,95	0,39
0,97	0,44
1,00	0,42
1,02	0,44
1,05	0,42
1,07	0,41
1,09	0,38
1,12	0,40
1,14	0,36
1,17	0,38
1,19	0,35
1,22	0,37
1,24	0,38
1,26	0,41
1,29	0,39
1,31	0,42
1,34	0,40
1,36	0,43
1,39	0,43
1,41	0,43
1,44	0,42
1,46	0,43
1,48	0,40
1,51	0,42
1,53	0,39
1,56	0,40
1,58	0,39
1,61	0,40
1,63	0,40
1,66	0,40
1,68	0,40
1,70	0,44
1,73	0,44
1,75	0,44
1,78	0,44
1,80	0,41
1,83	0,41
1,85	0,41
1,88	0,39
1,90	0,37
1,92	0,36
1,95	0,36
1,97	0,39
2,00	0,38
2,02	0,38
2,05	0,39
2,07	0,39
2,10	0,40
2,12	0,41
2,14	0,40
2,17	0,41
2,19	0,40
2,22	0,39
2,24	0,40
2,27	0,39
2,29	0,38
2,31	0,39
2,34	0,37
2,36	0,39
2,39	0,38
2,41	0,39
2,44	0,42
2,46	0,43
2,49	0,41
2,51	0,44
2,53	0,39
2,56	0,40
2,58	0,39
2,61	0,38
2,63	0,37
2,66	0,38
2,68	0,37
2,71	0,41
2,73	0,39
2,75	0,41
2,78	0,40
2,80	0,42
2,83	0,41
2,85	0,43
2,88	0,40
2,90	0,43
2,93	0,42
2,95	0,43
2,97	0,42
3,00	0,41
3,02	0,39
3,05	0,41
3,07	0,40
3,10	0,41
3,12	0,40
3,15	0,41
3,17	0,44
3,19	0,45
3,22	0,44
3,24	0,46
3,27	0,42
3,29	0,42
3,32	0,40
3,34	0,39
3,36	0,39
3,39	0,38
3,41	0,36
3,44	0,40
3,46	0,39
3,49	0,41
3,51	0,41
3,54	0,41
3,56	0,42
3,58	0,42
3,61	0,41
3,63	0,42
3,66	0,41
3,68	0,40
3,71	0,41
3,73	0,39
3,76	0,39
3,78	0,39
3,80	0,39
3,83	0,39
3,85	0,40
3,88	0,38
3,90	0,43
3,93	0,42
3,95	0,43
3,98	0,43
4,00	0,43
4,02	0,42
4,05	0,43
4,07	0,39
4,10	0,41
4,12	0,38
4,15	0,37
4,17	0,38
4,20	0,39
4,22	0,37
4,24	0,40
4,27	0,37
4,29	0,41
4,32	0,40
4,34	0,40
4,37	0,39
4,39	0,41
4,42	0,38
4,44	0,42
4,46	0,37
4,49	0,39
4,51	0,38
4,54	0,39
4,56	0,38
4,59	0,40
4,61	0,37
4,63	0,44
4,66	0,42
4,68	0,44
4,71	0,42
4,73	0,43
4,76	0,42
4,78	0,44
4,81	0,39
4,83	0,41
4,85	0,38
4,88	0,39
4,90	0,39
4,93	0,41
4,95	0,39
4,98	0,41
5,00	0,39
5,03	0,42
5,05	0,41
5,07	0,40
5,10	0,39
5,12	0,40
5,15	0,39
5,17	0,41
5,20	0,38
5,22	0,40
5,25	0,41
5,27	0,41
5,29	0,40
5,32	0,41
5,34	0,40
5,37	0,44
5,39	0,43
5,42	0,42
5,44	0,42
5,47	0,42
5,49	0,42
5,51	0,42
5,54	0,41
5,56	0,40
5,59	0,40
5,61	0,39
5,64	0,41
5,66	0,40
5,68	0,41
5,71	0,40
5,73	0,41
5,76	0,41
5,78	0,44
5,81	0,43
5,83	0,44
5,86	0,44
5,88	0,44
5,90	0,44
5,93	0,44
5,95	0,42
5,98	0,43
6,00	0,41
6,03	0,42
6,05	0,42
6,08	0,42
6,10	0,43
6,12	0,44
6,15	0,42
6,17	0,44
6,20	0,42
6,22	0,43
6,25	0,42
6,27	0,43
6,30	0,42
6,32	0,41
6,34	0,39
6,37	0,41
6,39	0,39
6,42	0,41
6,44	0,39
6,47	0,41
6,49	0,41
6,52	0,44
6,54	0,41
6,56	0,43
6,59	0,42
6,61	0,44
6,64	0,44
6,66	0,43
6,69	0,41
6,71	0,43
6,73	0,42
6,76	0,43
6,78	0,43
6,81	0,42
6,83	0,42
6,86	0,42
6,88	0,40
6,91	0,42
6,93	0,41
6,95	0,41
6,98	0,40
7,00	0,41
7,03	0,43
7,05	0,41
7,08	0,41
7,10	0,42
7,13	0,40
7,15	0,40
7,17	0,41
7,20	0,41
7,22	0,43
7,25	0,42
7,27	0,41
7,30	0,42
7,32	0,43
7,35	0,42
7,37	0,44
7,39	0,44
7,42	0,45
7,44	0,44
7,47	0,44
7,49	0,44
7,52	0,45
7,54	0,42
7,57	0,43
7,59	0,42
7,61	0,43
7,64	0,42
7,66	0,43
7,69	0,41
7,71	0,42
7,74	0,40
7,76	0,43
7,78	0,40
7,81	0,41
7,83	0,40
7,86	0,42
7,88	0,40
7,91	0,43
7,93	0,41
7,96	0,44
7,98	0,43
8,00	0,44
8,03	0,42
8,05	0,45
8,08	0,42
8,10	0,45
8,13	0,43
8,15	0,45
8,18	0,44
8,20	0,45
8,22	0,45
8,25	0,47
8,27	0,44
8,30	0,46
8,32	0,44
8,35	0,46
8,37	0,44
8,40	0,44
8,42	0,43
8,44	0,45
8,47	0,43
8,49	0,45
8,52	0,42
8,54	0,42
8,57	0,43
8,59	0,44
8,62	0,44
8,64	0,45
8,66	0,44
8,69	0,46
8,71	0,47
8,74	0,47
8,76	0,47
8,79	0,46
8,81	0,46
8,84	0,49
8,86	0,49
8,88	0,50
8,91	0,50
8,93	0,49
8,96	0,51
8,98	0,51
9,01	0,50
9,03	0,51
9,05	0,51
9,08	0,50
9,10	0,51
9,13	0,49
9,15	0,50
9,18	0,50
9,20	0,49
9,23	0,48
9,25	0,47
9,27	0,47
9,30	0,50
9,32	0,49
9,35	0,50
9,37	0,49
9,40	0,50
9,42	0,50
9,45	0,52
9,47	0,49
9,49	0,50
9,52	0,48
9,54	0,49
9,57	0,51
9,59	0,53
9,62	0,51
9,64	0,54
9,67	0,52
9,69	0,56
9,71	0,55
9,74	0,54
9,76	0,53
9,79	0,52
9,81	0,50
9,84	0,53
9,86	0,49
9,89	0,51
9,91	0,49
9,93	0,51
9,96	0,51
9,98	0,53
10,01	0,52
10,03	0,55
10,06	0,54
10,08	0,55
10,10	0,54
10,13	0,55
10,15	0,54
10,18	0,54
10,20	0,52
10,23	0,53
10,25	0,53
10,28	0,54
10,30	0,55
10,32	0,57
10,35	0,56
10,37	0,57
10,40	0,57
10,42	0,59
10,45	0,58
10,47	0,57
10,50	0,57
10,52	0,56
10,54	0,55
10,57	0,56
10,59	0,56
10,62	0,56
10,64	0,55
10,67	0,55
10,69	0,57
10,72	0,58
10,74	0,57
10,76	0,58
10,79	0,59
10,81	0,59
10,84	0,61
10,86	0,59
10,89	0,60
10,91	0,60
10,94	0,58
10,96	0,58
10,98	0,59
11,01	0,58
11,03	0,61
11,06	0,60
11,08	0,61
11,11	0,61
11,13	0,62
11,15	0,63
11,18	0,64
11,20	0,61
11,23	0,62
11,25	0,60
11,28	0,62
11,30	0,61
11,33	0,62
11,35	0,60
11,37	0,62
11,40	0,61
11,42	0,65
11,45	0,63
11,47	0,64
11,50	0,65
11,52	0,67
11,55	0,66
11,57	0,68
11,59	0,65
11,62	0,67
11,64	0,66
11,67	0,65
11,69	0,63
11,72	0,64
11,74	0,63
11,77	0,68
11,79	0,66
11,81	0,68
11,84	0,67
11,86	0,68
11,89	0,69
11,91	0,70
11,94	0,67
11,96	0,69
11,99	0,67
12,01	0,67
12,03	0,68
12,06	0,68
12,08	0,68
12,11	0,69
12,13	0,68
12,16	0,70
12,18	0,70
12,21	0,70
12,23	0,72
12,25	0,72
12,28	0,72
12,30	0,72
12,33	0,71
12,35	0,72
12,38	0,73
12,40	0,71
12,42	0,73
12,45	0,72
12,47	0,72
12,50	0,75
12,52	0,75
12,55	0,75
12,57	0,76
12,60	0,75
12,62	0,78
12,64	0,78
12,67	0,77
12,69	0,77
12,72	0,76
12,74	0,76
12,77	0,76
12,79	0,74
12,82	0,75
12,84	0,74
12,86	0,75
12,89	0,76
12,91	0,77
12,94	0,76
12,96	0,81
12,99	0,80
13,01	0,83
13,04	0,81
13,06	0,82
13,08	0,81
13,11	0,83
13,13	0,79
13,16	0,82
13,18	0,78
13,21	0,80
13,23	0,81
13,26	0,83
13,28	0,82
13,30	0,84
13,33	0,82
13,35	0,86
13,38	0,86
13,40	0,86
13,43	0,85
13,45	0,85
13,47	0,83
13,50	0,85
13,52	0,83
13,55	0,84
13,57	0,83
13,60	0,84
13,62	0,86
13,65	0,87
13,67	0,86
13,69	0,88
13,72	0,87
13,74	0,89
13,77	0,88
13,79	0,90
13,82	0,90
13,84	0,91
13,87	0,88
13,89	0,90
13,91	0,89
13,94	0,89
13,96	0,89
13,99	0,89
14,01	0,89
14,04	0,90
14,06	0,89
14,09	0,93
14,11	0,93
14,13	0,93
14,16	0,94
14,18	0,92
14,21	0,93
14,23	0,93
14,26	0,91
14,28	0,91
14,31	0,92
14,33	0,91
14,35	0,94
14,38	0,93
14,40	0,93
14,43	0,96
14,45	0,96
14,48	0,96
14,50	0,98
14,52	0,96
14,55	0,97
14,57	0,97
14,60	0,96
14,62	0,95
14,65	0,95
14,67	0,94
14,70	0,96
14,72	0,95
14,74	0,97
14,77	0,95
14,79	0,97
14,82	1,00
14,84	1,01
14,87	1,00
14,89	1,01
14,92	0,98
14,94	0,99
14,96	0,98
14,99	0,96
15,01	0,95
15,04	0,97
15,06	0,95
15,09	1,00
15,11	0,99
15,14	1,00
15,16	1,01
15,18	1,02
15,21	1,01
15,23	1,02
15,26	1,01
15,28	1,02
15,31	1,01
15,33	1,00
15,36	1,00
15,38	1,00
15,40	0,98
15,43	1,00
15,45	0,99
15,48	1,01
15,50	1,00
15,53	1,00
15,55	1,03
15,57	1,04
15,60	1,03
15,62	1,05
15,65	1,01
15,67	1,01
15,70	1,01
15,72	0,98
15,75	0,99
15,77	0,99
15,79	0,98
15,82	1,01
15,84	1,01
15,87	1,01
15,89	1,04
15,92	1,04
15,94	1,05
15,97	1,05
15,99	1,04
16,01	1,05
16,04	1,06
16,06	1,04
16,09	1,06
16,11	1,03
16,14	1,04
16,16	1,05
16,19	1,05
16,21	1,06
16,23	1,07
16,26	1,05
16,28	1,10
16,31	1,09
16,33	1,10
16,36	1,09
16,38	1,08
16,41	1,06
16,43	1,09
16,45	1,05
16,48	1,08
16,50	1,06
16,53	1,08
16,55	1,09
16,58	1,11
16,60	1,10
16,63	1,13
16,65	1,11
16,67	1,15
16,70	1,14
16,72	1,15
16,75	1,13
16,77	1,15
16,80	1,14
16,82	1,17
16,84	1,13
16,87	1,16
16,89	1,16
16,92	1,19
16,94	1,18
16,97	1,20
16,99	1,18
17,02	1,24
17,04	1,23
17,06	1,23
17,09	1,22
17,11	1,22
17,14	1,22
17,16	1,23
17,19	1,21
17,21	1,24
17,24	1,23
17,26	1,24
17,28	1,27
17,31	1,28
17,33	1,28
17,36	1,30
17,38	1,29
17,41	1,32
17,43	1,32
17,46	1,33
17,48	1,33
17,50	1,34
17,53	1,34
17,55	1,36
17,58	1,34
17,60	1,34
17,63	1,35
17,65	1,35
17,68	1,36
17,70	1,36
17,72	1,36
17,75	1,41
17,77	1,42
17,80	1,41
17,82	1,42
17,85	1,43
17,87	1,45
17,89	1,44
17,92	1,44
17,94	1,44
17,97	1,46
17,99	1,46
18,02	1,49
18,04	1,48
18,07	1,50
18,09	1,50
18,11	1,50
18,14	1,51
18,16	1,53
18,19	1,51
18,21	1,53
18,24	1,51
18,26	1,53
18,29	1,54
18,31	1,53
18,33	1,51
18,36	1,53
18,38	1,52
18,41	1,55
18,43	1,54
18,46	1,55
18,48	1,58
18,51	1,60
18,53	1,58
18,55	1,60
18,58	1,58
18,60	1,60
18,63	1,59
18,65	1,59
18,68	1,59
18,70	1,58
18,73	1,57
18,75	1,60
18,77	1,59
18,80	1,60
18,82	1,60
18,85	1,60
18,87	1,61
18,90	1,62
18,92	1,60
18,94	1,61
18,97	1,61
18,99	1,61
19,02	1,62
19,04	1,62
19,07	1,61
19,09	1,62
19,12	1,62
19,14	1,64
19,16	1,64
19,19	1,63
19,21	1,64
19,24	1,64
19,26	1,63
19,29	1,64
19,31	1,62
19,34	1,62
19,36	1,62
19,38	1,61
19,41	1,63
19,43	1,61
19,46	1,61
19,48	1,62
19,51	1,62
19,53	1,61
19,56	1,62
19,58	1,61
19,60	1,62
19,63	1,63
19,65	1,62
19,68	1,62
19,70	1,63
19,73	1,62
19,75	1,64
19,78	1,61
19,80	1,61
19,82	1,60
19,85	1,61
19,87	1,61
19,90	1,62
19,92	1,59
19,95	1,62
19,97	1,60
19,99	1,61
20,02	1,59
20,04	1,59
20,07	1,57
20,09	1,59
20,12	1,57
20,14	1,60
20,17	1,57
20,19	1,60
20,21	1,60
20,24	1,61
20,26	1,59
20,29	1,61
20,31	1,59
20,34	1,62
20,36	1,61
20,39	1,61
20,41	1,61
20,43	1,62
20,46	1,62
20,48	1,65
20,51	1,64
20,53	1,65
20,56	1,64
20,58	1,64
20,61	1,64
20,63	1,64
20,65	1,61
20,68	1,63
20,70	1,61
20,73	1,61
20,75	1,61
20,78	1,61
20,80	1,62
20,83	1,63
20,85	1,63
20,87	1,64
20,90	1,62
20,92	1,62
20,95	1,64
20,97	1,65
21,00	1,64
21,02	1,65
21,05	1,65
21,07	1,68
21,09	1,70
21,12	1,69
21,14	1,70
21,17	1,69
21,19	1,71
21,22	1,73
21,24	1,74
21,26	1,74
21,29	1,76
21,31	1,75
21,34	1,78
21,36	1,78
21,39	1,78
21,41	1,80
21,44	1,81
21,46	1,81
21,48	1,83
21,51	1,82
21,53	1,84
21,56	1,84
21,58	1,85
21,61	1,86
21,63	1,86
21,66	1,85
21,68	1,90
21,70	1,89
21,73	1,92
21,75	1,91
21,78	1,93
21,80	1,96
21,83	1,99
21,85	1,97
21,88	2,00
21,90	2,00
21,92	2,03
21,95	2,06
21,97	2,08
22,00	2,07
22,02	2,10
22,05	2,10
22,07	2,14
22,10	2,14
22,12	2,14
22,14	2,15
22,17	2,18
22,19	2,18
22,22	2,22
22,24	2,22
22,27	2,24
22,29	2,24
22,31	2,26
22,34	2,28
22,36	2,29
22,39	2,29
22,41	2,32
22,44	2,32
22,46	2,35
22,49	2,37
22,51	2,39
22,53	2,41
22,56	2,43
22,58	2,42
22,61	2,43
22,63	2,45
22,66	2,47
22,68	2,50
22,71	2,50
22,73	2,51
22,75	2,53
22,78	2,54
22,80	2,56
22,83	2,57
22,85	2,55
22,88	2,57
22,90	2,57
22,93	2,57
22,95	2,58
22,97	2,57
23,00	2,57
23,02	2,57
23,05	2,57
23,07	2,60
23,10	2,58
23,12	2,60
23,15	2,62
23,17	2,63
23,19	2,63
23,22	2,65
23,24	2,64
23,27	2,69
23,29	2,68
23,32	2,67
23,34	2,67
23,36	2,68
23,39	2,68
23,41	2,72
23,44	2,69
23,46	2,69
23,49	2,67
23,51	2,69
23,54	2,69
23,56	2,69
23,58	2,65
23,61	2,67
23,63	2,64
23,66	2,65
23,68	2,64
23,71	2,63
23,73	2,62
23,76	2,62
23,78	2,61
23,80	2,65
23,83	2,61
23,85	2,61
23,88	2,62
23,90	2,62
23,93	2,61
23,95	2,61
23,98	2,58
24,00	2,61
24,02	2,59
24,05	2,57
24,07	2,56
24,10	2,56
24,12	2,54
24,15	2,56
24,17	2,54
24,20	2,54
24,22	2,54
24,24	2,52
24,27	2,53
24,29	2,53
24,32	2,49
24,34	2,50
24,37	2,47
24,39	2,44
24,42	2,43
24,44	2,41
24,46	2,40
24,49	2,41
24,51	2,40
24,54	2,40
24,56	2,41
24,59	2,40
24,61	2,42
24,63	2,41
24,66	2,41
24,68	2,40
24,71	2,39
24,73	2,39
24,76	2,39
24,78	2,35
24,81	2,36
24,83	2,33
24,85	2,34
24,88	2,35
24,90	2,36
24,93	2,35
24,95	2,37
24,98	2,35
25,00	2,38
25,03	2,36
25,05	2,35
25,07	2,34
25,10	2,33
25,12	2,31
25,15	2,32
25,17	2,29
25,20	2,32
25,22	2,30
25,25	2,32
25,27	2,33
25,29	2,34
25,32	2,33
25,34	2,38
25,37	2,35
25,39	2,37
25,42	2,36
25,44	2,38
25,47	2,36
25,49	2,38
25,51	2,35
25,54	2,38
25,56	2,36
25,59	2,38
25,61	2,40
25,64	2,43
25,66	2,43
25,68	2,45
25,71	2,44
25,73	2,49
25,76	2,50
25,78	2,51
25,81	2,51
25,83	2,51
25,86	2,52
25,88	2,54
25,90	2,51
25,93	2,53
25,95	2,53
25,98	2,55
26,00	2,57
26,03	2,60
26,05	2,62
26,08	2,67
26,10	2,68
26,12	2,71
26,15	2,73
26,17	2,76
26,20	2,78
26,22	2,80
26,25	2,79
26,27	2,82
26,30	2,84
26,32	2,86
26,34	2,91
26,37	2,92
26,39	2,95
26,42	2,98
26,44	3,01
26,47	3,06
26,49	3,08
26,52	3,08
26,54	3,11
26,56	3,11
26,59	3,15
26,61	3,17
26,64	3,19
26,66	3,20
26,69	3,24
26,71	3,25
26,73	3,32
26,76	3,34
26,78	3,37
26,81	3,42
26,83	3,47
26,86	3,49
26,88	3,54
26,91	3,54
26,93	3,58
26,95	3,59
26,98	3,60
27,00	3,63
27,03	3,66
27,05	3,67
27,08	3,72
27,10	3,73
27,13	3,79
27,15	3,81
27,17	3,84
27,20	3,87
27,22	3,91
27,25	3,92
27,27	3,96
27,30	3,94
27,32	3,97
27,35	3,98
27,37	4,00
27,39	4,02
27,42	4,04
27,44	4,04
27,47	4,09
27,49	4,10
27,52	4,12
27,54	4,15
27,57	4,18
27,59	4,19
27,61	4,22
27,64	4,21
27,66	4,24
27,69	4,25
27,71	4,24
27,74	4,24
27,76	4,24
27,78	4,23
27,81	4,24
27,83	4,24
27,86	4,25
27,88	4,26
27,91	4,25
27,93	4,29
27,96	4,29
27,98	4,30
28,00	4,31
28,03	4,28
28,05	4,27
28,08	4,27
28,10	4,23
28,13	4,23
28,15	4,21
28,18	4,20
28,20	4,21
28,22	4,21
28,25	4,19
28,27	4,22
28,30	4,20
28,32	4,21
28,35	4,19
28,37	4,17
28,40	4,14
28,42	4,13
28,44	4,09
28,47	4,09
28,49	4,06
28,52	4,05
28,54	4,03
28,57	4,04
28,59	4,02
28,62	4,00
28,64	3,96
28,66	3,98
28,69	3,95
28,71	3,95
28,74	3,92
28,76	3,89
28,79	3,86
28,81	3,86
28,84	3,80
28,86	3,79
28,88	3,74
28,91	3,73
28,93	3,71
28,96	3,71
28,98	3,67
29,01	3,67
29,03	3,64
29,05	3,65
29,08	3,63
29,10	3,62
29,13	3,59
29,15	3,59
29,18	3,55
29,20	3,55
29,23	3,50
29,25	3,50
29,27	3,48
29,30	3,47
29,32	3,46
29,35	3,47
29,37	3,44
29,40	3,49
29,42	3,46
29,45	3,45
29,47	3,43
29,49	3,40
29,52	3,38
29,54	3,37
29,57	3,33
29,59	3,32
29,62	3,30
29,64	3,29
29,67	3,30
29,69	3,30
29,71	3,30
29,74	3,30
29,76	3,30
29,79	3,31
29,81	3,32
29,84	3,31
29,86	3,31
29,89	3,31
29,91	3,30
29,93	3,32
29,96	3,31
29,98	3,31
30,01	3,32
30,03	3,31
30,06	3,32
30,08	3,32
30,10	3,32
30,13	3,36
30,15	3,38
30,18	3,38
30,20	3,40
30,23	3,39
30,25	3,41
30,28	3,42
30,30	3,42
30,32	3,42
30,35	3,44
30,37	3,44
30,40	3,49
30,42	3,50
30,45	3,52
30,47	3,53
30,50	3,56
30,52	3,59
30,54	3,63
30,57	3,63
30,59	3,68
30,62	3,70
30,64	3,74
30,67	3,76
30,69	3,78
30,72	3,79
30,74	3,84
30,76	3,85
30,79	3,91
30,81	3,93
30,84	3,97
30,86	4,04
30,89	4,09
30,91	4,11
30,94	4,18
30,96	4,17
30,98	4,22
31,01	4,23
31,03	4,26
31,06	4,29
31,08	4,32
31,11	4,35
31,13	4,42
31,15	4,45
31,18	4,52
31,20	4,57
31,23	4,62
31,25	4,68
31,28	4,73
31,30	4,77
31,33	4,82
31,35	4,87
31,37	4,91
31,40	4,96
31,42	4,99
31,45	5,03
31,47	5,08
31,50	5,14
31,52	5,19
31,55	5,24
31,57	5,27
31,59	5,39
31,62	5,44
31,64	5,51
31,67	5,56
31,69	5,61
31,72	5,65
31,74	5,71
31,77	5,69
31,79	5,75
31,81	5,76
31,84	5,81
31,86	5,85
31,89	5,91
31,91	5,94
31,94	6,01
31,96	6,03
31,99	6,10
32,01	6,12
32,03	6,18
32,06	6,20
32,08	6,25
32,11	6,26
32,13	6,32
32,16	6,31
32,18	6,35
32,20	6,37
32,23	6,41
32,25	6,42
32,28	6,46
32,30	6,46
32,33	6,54
32,35	6,55
32,38	6,57
32,40	6,57
32,42	6,58
32,45	6,57
32,47	6,60
32,50	6,56
32,52	6,57
32,55	6,55
32,57	6,57
32,60	6,58
32,62	6,60
32,64	6,59
32,67	6,60
32,69	6,58
32,72	6,60
32,74	6,59
32,77	6,58
32,79	6,55
32,82	6,54
32,84	6,52
32,86	6,53
32,89	6,49
32,91	6,48
32,94	6,44
32,96	6,43
32,99	6,40
33,01	6,38
33,04	6,33
33,06	6,32
33,08	6,27
33,11	6,24
33,13	6,20
33,16	6,15
33,18	6,12
33,21	6,09
33,23	6,06
33,26	6,03
33,28	5,97
33,30	5,93
33,33	5,92
33,35	5,88
33,38	5,84
33,40	5,80
33,43	5,76
33,45	5,74
33,47	5,71
33,50	5,67
33,52	5,64
33,55	5,59
33,57	5,55
33,60	5,53
33,62	5,49
33,65	5,43
33,67	5,41
33,69	5,35
33,72	5,34
33,74	5,29
33,77	5,24
33,79	5,22
33,82	5,19
33,84	5,13
33,87	5,12
33,89	5,07
33,91	5,06
33,94	5,00
33,96	4,98
33,99	4,94
34,01	4,91
34,04	4,86
34,06	4,86
34,09	4,81
34,11	4,80
34,13	4,76
34,16	4,75
34,18	4,74
34,21	4,74
34,23	4,69
34,26	4,69
34,28	4,66
34,31	4,67
34,33	4,66
34,35	4,65
34,38	4,63
34,40	4,63
34,43	4,61
34,45	4,62
34,48	4,59
34,50	4,58
34,52	4,57
34,55	4,56
34,57	4,54
34,60	4,55
34,62	4,54
34,65	4,54
34,67	4,55
34,70	4,55
34,72	4,57
34,74	4,56
34,77	4,57
34,79	4,59
34,82	4,60
34,84	4,61
34,87	4,64
34,89	4,65
34,92	4,69
34,94	4,70
34,96	4,71
34,99	4,73
35,01	4,77
35,04	4,80
35,06	4,85
35,09	4,88
35,11	4,92
35,14	4,95
35,16	4,98
35,18	5,00
35,21	5,03
35,23	5,03
35,26	5,08
35,28	5,09
35,31	5,14
35,33	5,17
35,36	5,21
35,38	5,23
35,40	5,28
35,43	5,31
35,45	5,38
35,48	5,39
35,50	5,46
35,53	5,52
35,55	5,59
35,57	5,63
35,60	5,70
35,62	5,73
35,65	5,81
35,67	5,86
35,70	5,90
35,72	5,95
35,75	6,02
35,77	6,07
35,79	6,17
35,82	6,22
35,84	6,30
35,87	6,36
35,89	6,43
35,92	6,48
35,94	6,55
35,97	6,59
35,99	6,67
36,01	6,72
36,04	6,79
36,06	6,86
36,09	6,94
36,11	6,99
36,14	7,09
36,16	7,14
36,19	7,23
36,21	7,28
36,23	7,35
36,26	7,43
36,28	7,52
36,31	7,57
36,33	7,65
36,36	7,70
36,38	7,79
36,41	7,87
36,43	7,94
36,45	8,01
36,48	8,08
36,50	8,15
36,53	8,24
36,55	8,33
36,58	8,40
36,60	8,46
36,62	8,51
36,65	8,59
36,67	8,64
36,70	8,69
36,72	8,74
36,75	8,78
36,77	8,83
36,80	8,89
36,82	8,93
36,84	9,00
36,87	9,04
36,89	9,09
36,92	9,13
36,94	9,16
36,97	9,19
36,99	9,25
37,02	9,28
37,04	9,32
37,06	9,34
37,09	9,37
37,11	9,40
37,14	9,44
37,16	9,44
37,19	9,47
37,21	9,46
37,24	9,49
37,26	9,50
37,28	9,52
37,31	9,52
37,33	9,54
37,36	9,52
37,38	9,55
37,41	9,52
37,43	9,52
37,46	9,48
37,48	9,47
37,50	9,43
37,53	9,44
37,55	9,39
37,58	9,38
37,60	9,32
37,63	9,32
37,65	9,29
37,68	9,27
37,70	9,22
37,72	9,21
37,75	9,16
37,77	9,14
37,80	9,07
37,82	9,03
37,85	8,97
37,87	8,92
37,89	8,83
37,92	8,79
37,94	8,73
37,97	8,68
37,99	8,65
38,02	8,60
38,04	8,54
38,07	8,50
38,09	8,43
38,11	8,40
38,14	8,33
38,16	8,22
38,19	8,15
38,21	8,07
38,24	7,99
38,26	7,93
38,29	7,85
38,31	7,78
38,33	7,73
38,36	7,67
38,38	7,63
38,41	7,58
38,43	7,51
38,46	7,48
38,48	7,41
38,51	7,35
38,53	7,29
38,55	7,24
38,58	7,18
38,60	7,12
38,63	7,03
38,65	6,98
38,68	6,94
38,70	6,88
38,73	6,86
38,75	6,81
38,77	6,78
38,80	6,73
38,82	6,70
38,85	6,67
38,87	6,65
38,90	6,56
38,92	6,54
38,94	6,47
38,97	6,45
38,99	6,41
39,02	6,38
39,04	6,34
39,07	6,33
39,09	6,29
39,12	6,31
39,14	6,28
39,16	6,28
39,19	6,26
39,21	6,26
39,24	6,24
39,26	6,25
39,29	6,22
39,31	6,23
39,34	6,22
39,36	6,21
39,38	6,21
39,41	6,22
39,43	6,21
39,46	6,25
39,48	6,25
39,51	6,28
39,53	6,28
39,56	6,31
39,58	6,34
39,60	6,37
39,63	6,36
39,65	6,39
39,68	6,39
39,70	6,43
39,73	6,45
39,75	6,47
39,78	6,50
39,80	6,53
39,82	6,57
39,85	6,62
39,87	6,65
39,90	6,69
39,92	6,76
39,95	6,80
39,97	6,86
39,99	6,91
40,02	6,96
40,04	7,01
40,07	7,07
40,09	7,09
40,12	7,16
40,14	7,18
40,17	7,24
40,19	7,31
40,21	7,38
40,24	7,44
40,26	7,53
40,29	7,59
40,31	7,70
40,34	7,76
40,36	7,83
40,39	7,90
40,41	7,97
40,43	8,03
40,46	8,11
40,48	8,16
40,51	8,26
40,53	8,32
40,56	8,40
40,58	8,48
40,61	8,59
40,63	8,67
40,65	8,80
40,68	8,88
40,70	9,00
40,73	9,10
40,75	9,21
40,78	9,28
40,80	9,37
40,83	9,42
40,85	9,52
40,87	9,59
40,90	9,69
40,92	9,79
40,95	9,91
40,97	10,01
41,00	10,13
41,02	10,23
41,05	10,36
41,07	10,45
41,09	10,55
41,12	10,64
41,14	10,73
41,17	10,81
41,19	10,91
41,22	10,97
41,24	11,07
41,26	11,15
41,29	11,25
41,31	11,35
41,34	11,46
41,36	11,55
41,39	11,68
41,41	11,77
41,44	11,86
41,46	11,96
41,48	12,05
41,51	12,13
41,53	12,21
41,56	12,26
41,58	12,33
41,61	12,39
41,63	12,46
41,66	12,56
41,68	12,61
41,70	12,67
41,73	12,75
41,75	12,81
41,78	12,89
41,80	12,95
41,83	12,97
41,85	13,02
41,88	13,04
41,90	13,07
41,92	13,08
41,95	13,10
41,97	13,10
42,00	13,12
42,02	13,12
42,05	13,16
42,07	13,17
42,10	13,19
42,12	13,20
42,14	13,20
42,17	13,20
42,19	13,21
42,22	13,20
42,24	13,18
42,27	13,16
42,29	13,13
42,31	13,10
42,34	13,07
42,36	13,03
42,39	13,01
42,41	12,95
42,44	12,92
42,46	12,86
42,49	12,81
42,51	12,77
42,53	12,73
42,56	12,66
42,58	12,63
42,61	12,53
42,63	12,49
42,66	12,42
42,68	12,35
42,71	12,26
42,73	12,20
42,75	12,09
42,78	12,04
42,80	11,93
42,83	11,85
42,85	11,77
42,88	11,70
42,90	11,61
42,93	11,56
42,95	11,47
42,97	11,37
43,00	11,29
43,02	11,20
43,05	11,10
43,07	11,00
43,10	10,89
43,12	10,80
43,15	10,72
43,17	10,63
43,19	10,53
43,22	10,44
43,24	10,38
43,27	10,31
43,29	10,23
43,32	10,17
43,34	10,06
43,36	9,99
43,39	9,90
43,41	9,79
43,44	9,70
43,46	9,61
43,49	9,52
43,51	9,47
43,54	9,39
43,56	9,32
43,58	9,29
43,61	9,22
43,63	9,17
43,66	9,12
43,68	9,06
43,71	9,01
43,73	8,96
43,76	8,88
43,78	8,85
43,80	8,77
43,83	8,73
43,85	8,68
43,88	8,66
43,90	8,61
43,93	8,59
43,95	8,55
43,98	8,57
44,00	8,54
44,02	8,53
44,05	8,50
44,07	8,48
44,10	8,44
44,12	8,45
44,15	8,41
44,17	8,42
44,20	8,40
44,22	8,41
44,24	8,43
44,27	8,45
44,29	8,44
44,32	8,49
44,34	8,48
44,37	8,52
44,39	8,53
44,41	8,56
44,44	8,57
44,46	8,62
44,49	8,63
44,51	8,69
44,54	8,72
44,56	8,77
44,59	8,82
44,61	8,88
44,63	8,92
44,66	8,98
44,68	9,00
44,71	9,09
44,73	9,14
44,76	9,19
44,78	9,24
44,81	9,30
44,83	9,37
44,85	9,46
44,88	9,51
44,90	9,59
44,93	9,70
44,95	9,77
44,98	9,87
45,00	9,95
45,03	10,03
45,05	10,10
45,07	10,19
45,10	10,24
45,12	10,36
45,15	10,44
45,17	10,56
45,20	10,65
45,22	10,76
45,25	10,86
45,27	10,97
45,29	11,06
45,32	11,17
45,34	11,24
45,37	11,35
45,39	11,44
45,42	11,54
45,44	11,67
45,47	11,78
45,49	11,88
45,51	12,02
45,54	12,12
45,56	12,25
45,59	12,36
45,61	12,48
45,64	12,59
45,66	12,71
45,68	12,81
45,71	12,97
45,73	13,06
45,76	13,18
45,78	13,29
45,81	13,41
45,83	13,54
45,86	13,68
45,88	13,79
45,90	13,94
45,93	14,06
45,95	14,21
45,98	14,35
46,00	14,44
46,03	14,56
46,05	14,68
46,08	14,79
46,10	14,93
46,12	15,02
46,15	15,13
46,17	15,30
46,20	15,41
46,22	15,51
46,25	15,65
46,27	15,75
46,30	15,88
46,32	15,98
46,34	16,08
46,37	16,18
46,39	16,28
46,42	16,35
46,44	16,45
46,47	16,52
46,49	16,60
46,52	16,68
46,54	16,76
46,56	16,86
46,59	16,95
46,61	17,02
46,64	17,09
46,66	17,15
46,69	17,22
46,71	17,28
46,73	17,30
46,76	17,33
46,78	17,36
46,81	17,40
46,83	17,45
46,86	17,49
46,88	17,51
46,91	17,58
46,93	17,60
46,95	17,63
46,98	17,63
47,00	17,64
47,03	17,61
47,05	17,60
47,08	17,57
47,10	17,58
47,13	17,53
47,15	17,53
47,17	17,52
47,20	17,50
47,22	17,46
47,25	17,44
47,27	17,39
47,30	17,37
47,32	17,31
47,35	17,25
47,37	17,18
47,39	17,16
47,42	17,08
47,44	17,05
47,47	16,95
47,49	16,89
47,52	16,79
47,54	16,74
47,57	16,64
47,59	16,55
47,61	16,41
47,64	16,35
47,66	16,24
47,69	16,16
47,71	16,03
47,74	15,93
47,76	15,83
47,78	15,75
47,81	15,64
47,83	15,55
47,86	15,41
47,88	15,32
47,91	15,21
47,93	15,08
47,96	14,95
47,98	14,83
48,00	14,69
48,03	14,61
48,05	14,48
48,08	14,35
48,10	14,24
48,13	14,14
48,15	14,01
48,18	13,92
48,20	13,77
48,22	13,67
48,25	13,56
48,27	13,45
48,30	13,33
48,32	13,23
48,35	13,11
48,37	13,04
48,40	12,92
48,42	12,82
48,44	12,73
48,47	12,63
48,49	12,55
48,52	12,47
48,54	12,39
48,57	12,32
48,59	12,23
48,62	12,16
48,64	12,11
48,66	12,03
48,69	11,97
48,71	11,90
48,74	11,85
48,76	11,82
48,79	11,77
48,81	11,71
48,84	11,70
48,86	11,66
48,88	11,64
48,91	11,61
48,93	11,59
48,96	11,56
48,98	11,55
49,01	11,51
49,03	11,51
49,05	11,48
49,08	11,49
49,10	11,49
49,13	11,52
49,15	11,54
49,18	11,57
49,20	11,58
49,23	11,65
49,25	11,66
49,27	11,70
49,30	11,71
49,32	11,74
49,35	11,77
49,37	11,82
49,40	11,84
49,42	11,91
49,45	11,93
49,47	12,00
49,49	12,07
49,52	12,14
49,54	12,18
49,57	12,26
49,59	12,31
49,62	12,40
49,64	12,46
49,67	12,54
49,69	12,63
49,71	12,73
49,74	12,81
49,76	12,92
49,79	13,00
49,81	13,12
49,84	13,21
49,86	13,30
49,89	13,40
49,91	13,52
49,93	13,60
49,96	13,74
49,98	13,83
50,01	13,94
50,03	14,06
50,06	14,17
50,08	14,29
50,10	14,43
50,13	14,54
50,15	14,68
50,18	14,82
50,20	14,94
50,23	15,08
50,25	15,20
50,28	15,33
50,30	15,46
50,32	15,58
50,35	15,72
50,37	15,88
50,40	16,02
50,42	16,19
50,45	16,33
50,47	16,48
50,50	16,65
50,52	16,80
50,54	16,92
50,57	17,08
50,59	17,19
50,62	17,35
50,64	17,47
50,67	17,61
50,69	17,77
50,72	17,95
50,74	18,10
50,76	18,28
50,79	18,42
50,81	18,60
50,84	18,74
50,86	18,89
50,89	19,02
50,91	19,16
50,94	19,28
50,96	19,45
50,98	19,58
51,01	19,73
51,03	19,86
51,06	20,02
51,08	20,16
51,11	20,32
51,13	20,44
51,15	20,60
51,18	20,74
51,20	20,87
51,23	21,00
51,25	21,10
51,28	21,21
51,30	21,34
51,33	21,44
51,35	21,55
51,37	21,64
51,40	21,74
51,42	21,88
51,45	21,96
51,47	22,03
51,50	22,13
51,52	22,21
51,55	22,29
51,57	22,35
51,59	22,41
51,62	22,49
51,64	22,55
51,67	22,59
51,69	22,66
51,72	22,70
51,74	22,75
51,77	22,77
51,79	22,82
51,81	22,86
51,84	22,89
51,86	22,89
51,89	22,90
51,91	22,92
51,94	22,92
51,96	22,90
51,99	22,88
52,01	22,86
52,03	22,85
52,06	22,83
52,08	22,82
52,11	22,80
52,13	22,77
52,16	22,76
52,18	22,72
52,20	22,66
52,23	22,61
52,25	22,52
52,28	22,44
52,30	22,38
52,33	22,29
52,35	22,22
52,38	22,13
52,40	22,06
52,42	22,00
52,45	21,91
52,47	21,80
52,50	21,72
52,52	21,60
52,55	21,52
52,57	21,38
52,60	21,27
52,62	21,13
52,64	21,03
52,67	20,92
52,69	20,84
52,72	20,68
52,74	20,59
52,77	20,46
52,79	20,38
52,82	20,24
52,84	20,11
52,86	19,93
52,89	19,84
52,91	19,66
52,94	19,54
52,96	19,38
52,99	19,25
53,01	19,11
53,04	19,02
53,06	18,87
53,08	18,79
53,11	18,62
53,13	18,51
53,16	18,38
53,18	18,25
53,21	18,08
53,23	17,96
53,26	17,79
53,28	17,70
53,30	17,57
53,33	17,45
53,35	17,34
53,38	17,25
53,40	17,13
53,43	17,06
53,45	16,95
53,47	16,85
53,50	16,74
53,52	16,65
53,55	16,56
53,57	16,49
53,60	16,39
53,62	16,34
53,65	16,27
53,67	16,19
53,69	16,13
53,72	16,06
53,74	16,01
53,77	15,97
53,79	15,92
53,82	15,88
53,84	15,84
53,87	15,80
53,89	15,80
53,91	15,77
53,94	15,76
53,96	15,74
53,99	15,74
54,01	15,75
54,04	15,78
54,06	15,77
54,09	15,79
54,11	15,79
54,13	15,81
54,16	15,84
54,18	15,87
54,21	15,88
54,23	15,94
54,26	15,98
54,28	16,05
54,31	16,11
54,33	16,17
54,35	16,24
54,38	16,30
54,40	16,34
54,43	16,42
54,45	16,48
54,48	16,57
54,50	16,64
54,52	16,73
54,55	16,83
54,57	16,92
54,60	17,01
54,62	17,13
54,65	17,22
54,67	17,34
54,70	17,45
54,72	17,56
54,74	17,67
54,77	17,79
54,79	17,88
54,82	18,01
54,84	18,12
54,87	18,26
54,89	18,41
54,92	18,56
54,94	18,71
54,96	18,88
54,99	19,03
55,01	19,21
55,04	19,37
55,06	19,53
55,09	19,68
55,11	19,81
55,14	19,95
55,16	20,09
55,18	20,22
55,21	20,36
55,23	20,49
55,26	20,65
55,28	20,83
55,31	20,99
55,33	21,19
55,36	21,38
55,38	21,56
55,40	21,74
55,43	21,93
55,45	22,07
55,48	22,26
55,50	22,40
55,53	22,55
55,55	22,71
55,57	22,89
55,60	23,05
55,62	23,28
55,65	23,43
55,67	23,64
55,70	23,82
55,72	24,03
55,75	24,21
55,77	24,39
55,79	24,51
55,82	24,69
55,84	24,82
55,87	24,99
55,89	25,11
55,92	25,27
55,94	25,43
55,97	25,61
55,99	25,78
56,01	25,99
56,04	26,12
56,06	26,29
56,09	26,44
56,11	26,61
56,14	26,75
56,16	26,86
56,19	26,98
56,21	27,13
56,23	27,27
56,26	27,41
56,28	27,52
56,31	27,66
56,33	27,79
56,36	27,93
56,38	28,05
56,41	28,14
56,43	28,23
56,45	28,34
56,48	28,43
56,50	28,51
56,53	28,55
56,55	28,65
56,58	28,73
56,60	28,81
56,62	28,87
56,65	28,94
56,67	28,99
56,70	29,06
56,72	29,09
56,75	29,14
56,77	29,17
56,80	29,21
56,82	29,25
56,84	29,28
56,87	29,31
56,89	29,33
56,92	29,35
56,94	29,35
56,97	29,35
56,99	29,32
57,02	29,32
57,04	29,28
57,06	29,25
57,09	29,25
57,11	29,23
57,14	29,19
57,16	29,18
57,19	29,12
57,21	29,12
57,24	29,09
57,26	29,01
57,28	28,94
57,31	28,86
57,33	28,75
57,36	28,66
57,38	28,55
57,41	28,44
57,43	28,35
57,46	28,25
57,48	28,17
57,50	28,07
57,53	27,96
57,55	27,89
57,58	27,78
57,60	27,67
57,63	27,55
57,65	27,43
57,68	27,30
57,70	27,17
57,72	27,00
57,75	26,89
57,77	26,71
57,80	26,58
57,82	26,44
57,85	26,33
57,87	26,18
57,89	26,04
57,92	25,86
57,94	25,77
57,97	25,62
57,99	25,47
58,02	25,31
58,04	25,18
58,07	25,03
58,09	24,91
58,11	24,73
58,14	24,60
58,16	24,42
58,19	24,28
58,21	24,14
58,24	24,02
58,26	23,86
58,29	23,77
58,31	23,64
58,33	23,54
58,36	23,41
58,38	23,29
58,41	23,15
58,43	23,04
58,46	22,88
58,48	22,77
58,51	22,64
58,53	22,53
58,55	22,46
58,58	22,38
58,60	22,29
58,63	22,22
58,65	22,15
58,68	22,12
58,70	22,08
58,73	21,99
58,75	21,95
58,77	21,89
58,80	21,85
58,82	21,81
58,85	21,76
58,87	21,71
58,90	21,69
58,92	21,65
58,94	21,67
58,97	21,67
58,99	21,67
59,02	21,68
59,04	21,70
59,07	21,71
59,09	21,75
59,12	21,75
59,14	21,78
59,16	21,81
59,19	21,85
59,21	21,89
59,24	21,93
59,26	21,95
59,29	22,05
59,31	22,09
59,34	22,16
59,36	22,22
59,38	22,29
59,41	22,39
59,43	22,50
59,46	22,57
59,48	22,68
59,51	22,76
59,53	22,88
59,56	23,01
59,58	23,12
59,60	23,22
59,63	23,32
59,65	23,43
59,68	23,57
59,70	23,68
59,73	23,81
59,75	23,95
59,78	24,10
59,80	24,27
59,82	24,45
59,85	24,60
59,87	24,77
59,90	24,92
59,92	25,09
59,95	25,24
59,97	25,36
59,99	25,45
