U1/V	IA/nA
0,02	0,37
0,04	0,38
0,07	0,37
0,09	0,38
0,12	0,37
0,14	0,36
0,17	0,39
0,19	0,40
0,21	0,39
0,24	0,40
0,26	0,37
0,29	0,40
0,31	0,39
0,34	0,38
0,36	0,36
0,39	0,35
0,41	0,33
0,43	0,37
0,46	0,36
0,48	0,37
0,51	0,36
0,53	0,38
0,56	0,38
0,58	0,41
0,61	0,39
0,63	0,40
0,65	0,37
0,68	0,39
0,70	0,38
0,73	0,39
0,75	0,36
0,78	0,39
0,80	0,38
0,83	0,41
0,85	0,40
0,87	0,40
0,90	0,42
0,92	0,43
0,95	0,41
0,97	0,42
1,00	0,39
1,02	0,40
1,05	0,38
1,07	0,38
1,09	0,38
1,12	0,38
1,14	0,37
1,17	0,40
1,19	0,38
1,22	0,39
1,24	0,39
1,26	0,39
1,29	0,39
1,31	0,40
1,34	0,38
1,36	0,39
1,39	0,38
1,41	0,39
1,44	0,39
1,46	0,38
1,48	0,37
1,51	0,38
1,53	0,38
1,56	0,40
1,58	0,40
1,61	0,38
1,63	0,42
1,66	0,41
1,68	0,41
1,70	0,41
1,73	0,40
1,75	0,40
1,78	0,40
1,80	0,38
1,83	0,39
1,85	0,37
1,88	0,38
1,90	0,36
1,92	0,37
1,95	0,37
1,97	0,38
2,00	0,37
2,02	0,40
2,05	0,38
2,07	0,38
2,10	0,37
2,12	0,38
2,14	0,37
2,17	0,41
2,19	0,37
2,22	0,39
2,24	0,37
2,27	0,39
2,29	0,38
2,31	0,40
2,34	0,36
2,36	0,39
2,39	0,38
2,41	0,40
2,44	0,38
2,46	0,39
2,49	0,37
2,51	0,39
2,53	0,37
2,56	0,38
2,58	0,35
2,61	0,36
2,63	0,36
2,66	0,37
2,68	0,35
2,71	0,37
2,73	0,36
2,75	0,39
2,78	0,38
2,80	0,38
2,83	0,37
2,85	0,39
2,88	0,37
2,90	0,40
2,93	0,37
2,95	0,38
2,97	0,37
3,00	0,38
3,02	0,37
3,05	0,38
3,07	0,36
3,10	0,38
3,12	0,39
3,15	0,38
3,17	0,38
3,19	0,38
3,22	0,39
3,24	0,39
3,27	0,38
3,29	0,38
3,32	0,36
3,34	0,36
3,36	0,37
3,39	0,37
3,41	0,38
3,44	0,38
3,46	0,38
3,49	0,39
3,51	0,40
3,54	0,38
3,56	0,40
3,58	0,38
3,61	0,38
3,63	0,39
3,66	0,39
3,68	0,38
3,71	0,39
3,73	0,36
3,76	0,39
3,78	0,38
3,80	0,38
3,83	0,39
3,85	0,40
3,88	0,38
3,90	0,40
3,93	0,38
3,95	0,39
3,98	0,37
4,00	0,38
4,02	0,38
4,05	0,38
4,07	0,36
4,10	0,39
4,12	0,37
4,15	0,39
4,17	0,38
4,20	0,39
4,22	0,38
4,24	0,39
4,27	0,37
4,29	0,39
4,32	0,37
4,34	0,39
4,37	0,39
4,39	0,42
4,42	0,40
4,44	0,41
4,46	0,40
4,49	0,42
4,51	0,41
4,54	0,40
4,56	0,39
4,59	0,41
4,61	0,40
4,63	0,40
4,66	0,38
4,68	0,39
4,71	0,39
4,73	0,38
4,76	0,38
4,78	0,38
4,81	0,38
4,83	0,40
4,85	0,39
4,88	0,39
4,90	0,40
4,93	0,40
4,95	0,43
4,98	0,42
5,00	0,41
5,03	0,42
5,05	0,42
5,07	0,43
5,10	0,44
5,12	0,42
5,15	0,43
5,17	0,43
5,20	0,43
5,22	0,44
5,25	0,44
5,27	0,41
5,29	0,42
5,32	0,40
5,34	0,40
5,37	0,39
5,39	0,39
5,42	0,37
5,44	0,37
5,47	0,35
5,49	0,38
5,51	0,36
5,54	0,37
5,56	0,37
5,59	0,38
5,61	0,37
5,64	0,40
5,66	0,38
5,68	0,40
5,71	0,38
5,73	0,38
5,76	0,37
5,78	0,38
5,81	0,37
5,83	0,41
5,86	0,40
5,88	0,43
5,90	0,41
5,93	0,42
5,95	0,41
5,98	0,42
6,00	0,38
6,03	0,40
6,05	0,37
6,08	0,38
6,10	0,37
6,12	0,38
6,15	0,37
6,17	0,39
6,20	0,38
6,22	0,40
6,25	0,38
6,27	0,39
6,30	0,38
6,32	0,39
6,34	0,38
6,37	0,38
6,39	0,38
6,42	0,41
6,44	0,41
6,47	0,41
6,49	0,41
6,52	0,41
6,54	0,40
6,56	0,42
6,59	0,41
6,61	0,41
6,64	0,43
6,66	0,41
6,69	0,43
6,71	0,44
6,73	0,42
6,76	0,43
6,78	0,42
6,81	0,40
6,83	0,41
6,86	0,39
6,88	0,39
6,91	0,38
6,93	0,38
6,95	0,38
6,98	0,38
7,00	0,37
7,03	0,41
7,05	0,40
7,08	0,41
7,10	0,41
7,13	0,41
7,15	0,40
7,17	0,42
7,20	0,39
7,22	0,41
7,25	0,38
7,27	0,40
7,30	0,41
7,32	0,43
7,35	0,42
7,37	0,43
7,39	0,41
7,42	0,45
7,44	0,43
7,47	0,42
7,49	0,40
7,52	0,39
7,54	0,38
7,57	0,40
7,59	0,37
7,61	0,38
7,64	0,37
7,66	0,39
7,69	0,41
7,71	0,42
7,74	0,41
7,76	0,44
7,78	0,43
7,81	0,46
7,83	0,44
7,86	0,45
7,88	0,44
7,91	0,46
7,93	0,43
7,96	0,45
7,98	0,44
8,00	0,44
8,03	0,45
8,05	0,46
8,08	0,45
8,10	0,45
8,13	0,43
8,15	0,45
8,18	0,44
8,20	0,42
8,22	0,41
8,25	0,40
8,27	0,40
8,30	0,42
8,32	0,40
8,35	0,40
8,37	0,40
8,40	0,40
8,42	0,42
8,44	0,42
8,47	0,42
8,49	0,44
8,52	0,44
8,54	0,44
8,57	0,45
8,59	0,44
8,62	0,45
8,64	0,44
8,66	0,42
8,69	0,43
8,71	0,43
8,74	0,41
8,76	0,45
8,79	0,43
8,81	0,44
8,84	0,44
8,86	0,45
8,88	0,47
8,91	0,48
8,93	0,44
8,96	0,47
8,98	0,43
9,01	0,45
9,03	0,43
9,05	0,44
9,08	0,42
9,10	0,43
9,13	0,42
9,15	0,46
9,18	0,44
9,20	0,45
9,23	0,46
9,25	0,47
9,27	0,46
9,30	0,48
9,32	0,46
9,35	0,48
9,37	0,47
9,40	0,47
9,42	0,46
9,45	0,47
9,47	0,45
9,49	0,48
9,52	0,46
9,54	0,48
9,57	0,47
9,59	0,49
9,62	0,50
9,64	0,52
9,67	0,49
9,69	0,51
9,71	0,49
9,74	0,50
9,76	0,48
9,79	0,47
9,81	0,47
9,84	0,47
9,86	0,46
9,89	0,49
9,91	0,47
9,93	0,47
9,96	0,49
9,98	0,51
10,01	0,52
10,03	0,53
10,06	0,52
10,08	0,52
10,10	0,54
10,13	0,51
10,15	0,51
10,18	0,49
10,20	0,49
10,23	0,51
10,25	0,52
10,28	0,52
10,30	0,54
10,32	0,53
10,35	0,56
10,37	0,55
10,40	0,55
10,42	0,54
10,45	0,53
10,47	0,52
10,50	0,53
10,52	0,51
10,54	0,52
10,57	0,50
10,59	0,51
10,62	0,51
10,64	0,52
10,67	0,50
10,69	0,54
10,72	0,52
10,74	0,55
10,76	0,54
10,79	0,55
10,81	0,53
10,84	0,56
10,86	0,52
10,89	0,55
10,91	0,52
10,94	0,54
10,96	0,53
10,98	0,55
11,01	0,54
11,03	0,56
11,06	0,54
11,08	0,59
11,11	0,58
11,13	0,60
11,15	0,58
11,18	0,57
11,20	0,56
11,23	0,59
11,25	0,55
11,28	0,56
11,30	0,53
11,33	0,55
11,35	0,56
11,37	0,57
11,40	0,55
11,42	0,58
11,45	0,58
11,47	0,61
11,50	0,61
11,52	0,62
11,55	0,62
11,57	0,63
11,59	0,59
11,62	0,61
11,64	0,59
11,67	0,60
11,69	0,60
11,72	0,60
11,74	0,60
11,77	0,61
11,79	0,60
11,81	0,64
11,84	0,64
11,86	0,64
11,89	0,65
11,91	0,62
11,94	0,62
11,96	0,63
11,99	0,61
12,01	0,61
12,03	0,61
12,06	0,60
12,08	0,64
12,11	0,64
12,13	0,64
12,16	0,65
12,18	0,66
12,21	0,66
12,23	0,67
12,25	0,66
12,28	0,67
12,30	0,66
12,33	0,66
12,35	0,67
12,38	0,67
12,40	0,66
12,42	0,68
12,45	0,66
12,47	0,68
12,50	0,67
12,52	0,68
12,55	0,69
12,57	0,71
12,60	0,70
12,62	0,72
12,64	0,69
12,67	0,71
12,69	0,69
12,72	0,69
12,74	0,68
12,77	0,68
12,79	0,68
12,82	0,72
12,84	0,70
12,86	0,72
12,89	0,73
12,91	0,75
12,94	0,74
12,96	0,76
12,99	0,74
13,01	0,76
13,04	0,75
13,06	0,74
13,08	0,74
13,11	0,74
13,13	0,72
13,16	0,75
13,18	0,73
13,21	0,76
13,23	0,76
13,26	0,76
13,28	0,80
13,30	0,81
13,33	0,80
13,35	0,82
13,38	0,79
13,40	0,80
13,43	0,79
13,45	0,77
13,47	0,77
13,50	0,77
13,52	0,77
13,55	0,79
13,57	0,79
13,60	0,80
13,62	0,82
13,65	0,81
13,67	0,83
13,69	0,82
13,72	0,82
13,74	0,81
13,77	0,82
13,79	0,81
13,82	0,84
13,84	0,81
13,87	0,83
13,89	0,83
13,91	0,84
13,94	0,84
13,96	0,84
13,99	0,81
14,01	0,87
14,04	0,86
14,06	0,87
14,09	0,86
14,11	0,86
14,13	0,85
14,16	0,88
14,18	0,84
14,21	0,87
14,23	0,85
14,26	0,87
14,28	0,88
14,31	0,90
14,33	0,88
14,35	0,89
14,38	0,87
14,40	0,89
14,43	0,88
14,45	0,89
14,48	0,88
14,50	0,90
14,52	0,89
14,55	0,91
14,57	0,87
14,60	0,88
14,62	0,87
14,65	0,88
14,67	0,88
14,70	0,89
14,72	0,87
14,74	0,93
14,77	0,92
14,79	0,93
14,82	0,92
14,84	0,92
14,87	0,90
14,89	0,91
14,92	0,88
14,94	0,90
14,96	0,87
14,99	0,88
15,01	0,89
15,04	0,91
15,06	0,91
15,09	0,99
15,11	0,98
15,14	1,00
15,16	1,01
15,18	1,00
15,21	1,00
15,23	0,99
15,26	0,91
15,28	0,93
15,31	0,91
15,33	0,91
15,36	0,92
15,38	0,92
15,40	0,93
15,43	0,93
15,45	0,94
15,48	0,97
15,50	0,97
15,53	0,95
15,55	0,97
15,57	0,95
15,60	0,96
15,62	0,95
15,65	0,95
15,67	0,95
15,70	0,94
15,72	0,92
15,75	0,97
15,77	0,95
15,79	0,96
15,82	0,94
15,84	0,96
15,87	0,96
15,89	0,99
15,92	0,96
15,94	0,98
15,97	0,97
15,99	0,99
16,01	0,99
16,04	1,00
16,06	0,98
16,09	1,00
16,11	0,98
16,14	1,01
16,16	1,00
16,19	1,01
16,21	1,01
16,23	1,02
16,26	1,00
16,28	1,02
16,31	1,01
16,33	1,03
16,36	1,00
16,38	1,01
16,41	1,01
16,43	1,01
16,45	1,00
16,48	1,02
16,50	1,01
16,53	1,04
16,55	1,04
16,58	1,05
16,60	1,06
16,63	1,08
16,65	1,06
16,67	1,08
16,70	1,08
16,72	1,08
16,75	1,09
16,77	1,08
16,80	1,07
16,82	1,08
16,84	1,07
16,87	1,09
16,89	1,10
16,92	1,10
16,94	1,12
16,97	1,12
16,99	1,12
17,02	1,13
17,04	1,13
17,06	1,12
17,09	1,13
17,11	1,13
17,14	1,15
17,16	1,13
17,19	1,13
17,21	1,14
17,24	1,15
17,26	1,14
17,28	1,16
17,31	1,16
17,33	1,19
17,36	1,18
17,38	1,18
17,41	1,18
17,43	1,21
17,46	1,20
17,48	1,23
17,50	1,22
17,53	1,23
17,55	1,22
17,58	1,23
17,60	1,23
17,63	1,24
17,65	1,21
17,68	1,24
17,70	1,23
17,72	1,26
17,75	1,26
17,77	1,28
17,80	1,28
17,82	1,32
17,85	1,30
17,87	1,33
17,89	1,30
17,92	1,32
17,94	1,33
17,97	1,35
17,99	1,34
18,02	1,37
18,04	1,36
18,07	1,40
18,09	1,40
18,11	1,40
18,14	1,40
18,16	1,42
18,19	1,41
18,21	1,45
18,24	1,44
18,26	1,47
18,29	1,47
18,31	1,48
18,33	1,48
18,36	1,50
18,38	1,47
18,41	1,49
18,43	1,48
18,46	1,48
18,48	1,49
18,51	1,48
18,53	1,48
18,55	1,49
18,58	1,49
18,60	1,50
18,63	1,48
18,65	1,48
18,68	1,50
18,70	1,51
18,73	1,51
18,75	1,51
18,77	1,51
18,80	1,53
18,82	1,54
18,85	1,52
18,87	1,54
18,90	1,52
18,92	1,53
18,94	1,55
18,97	1,56
18,99	1,56
19,02	1,58
19,04	1,56
19,07	1,58
19,09	1,57
19,12	1,55
19,14	1,55
19,16	1,55
19,19	1,53
19,21	1,56
19,24	1,54
19,26	1,56
19,29	1,54
19,31	1,55
19,34	1,55
19,36	1,55
19,38	1,52
19,41	1,56
19,43	1,54
19,46	1,56
19,48	1,54
19,51	1,56
19,53	1,55
19,56	1,58
19,58	1,54
19,60	1,56
19,63	1,53
19,65	1,55
19,68	1,55
19,70	1,57
19,73	1,54
19,75	1,56
19,78	1,54
19,80	1,57
19,82	1,56
19,85	1,55
19,87	1,53
19,90	1,55
19,92	1,53
19,95	1,55
19,97	1,53
19,99	1,53
20,02	1,52
20,04	1,53
20,07	1,52
20,09	1,52
20,12	1,51
20,14	1,53
20,17	1,52
20,19	1,53
20,21	1,52
20,24	1,53
20,26	1,53
20,29	1,54
20,31	1,51
20,34	1,52
20,36	1,52
20,39	1,52
20,41	1,54
20,43	1,54
20,46	1,53
20,48	1,54
20,51	1,54
20,53	1,55
20,56	1,55
20,58	1,51
20,61	1,52
20,63	1,50
20,65	1,51
20,68	1,51
20,70	1,51
20,73	1,51
20,75	1,52
20,78	1,50
20,80	1,54
20,83	1,54
20,85	1,55
20,87	1,56
20,90	1,56
20,92	1,55
20,95	1,58
20,97	1,57
21,00	1,58
21,02	1,58
21,05	1,58
21,07	1,57
21,09	1,59
21,12	1,57
21,14	1,61
21,17	1,60
21,19	1,62
21,22	1,61
21,24	1,63
21,26	1,64
21,29	1,67
21,31	1,63
21,34	1,66
21,36	1,64
21,39	1,67
21,41	1,66
21,44	1,68
21,46	1,67
21,48	1,70
21,51	1,69
21,53	1,73
21,56	1,73
21,58	1,75
21,61	1,77
21,63	1,80
21,66	1,79
21,68	1,82
21,70	1,82
21,73	1,83
21,75	1,84
21,78	1,84
21,80	1,85
21,83	1,87
21,85	1,87
21,88	1,91
21,90	1,93
21,92	1,96
21,95	1,97
21,97	1,98
22,00	2,01
22,02	2,02
22,05	2,01
22,07	2,02
22,10	2,01
22,12	2,01
22,14	2,03
22,17	2,03
22,19	2,06
22,22	2,06
22,24	2,08
22,27	2,11
22,29	2,12
22,31	2,13
22,34	2,18
22,36	2,18
22,39	2,20
22,41	2,20
22,44	2,22
22,46	2,23
22,49	2,26
22,51	2,23
22,53	2,26
22,56	2,25
22,58	2,28
22,61	2,30
22,63	2,33
22,66	2,32
22,68	2,35
22,71	2,34
22,73	2,39
22,75	2,39
22,78	2,40
22,80	2,40
22,83	2,41
22,85	2,41
22,88	2,44
22,90	2,42
22,93	2,44
22,95	2,43
22,97	2,43
23,00	2,43
23,02	2,46
23,05	2,45
23,07	2,49
23,10	2,47
23,12	2,51
23,15	2,51
23,17	2,53
23,19	2,53
23,22	2,55
23,24	2,51
23,27	2,53
23,29	2,50
23,32	2,52
23,34	2,52
23,36	2,53
23,39	2,53
23,41	2,55
23,44	2,54
23,46	2,58
23,49	2,56
23,51	2,56
23,54	2,55
23,56	2,53
23,58	2,51
23,61	2,52
23,63	2,50
23,66	2,50
23,68	2,49
23,71	2,49
23,73	2,51
23,76	2,53
23,78	2,53
23,80	2,55
23,83	2,55
23,85	2,54
23,88	2,54
23,90	2,53
23,93	2,53
23,95	2,51
23,98	2,49
24,00	2,48
24,02	2,47
24,05	2,46
24,07	2,46
24,10	2,45
24,12	2,45
24,15	2,44
24,17	2,43
24,20	2,45
24,22	2,45
24,24	2,41
24,27	2,42
24,29	2,38
24,32	2,38
24,34	2,37
24,37	2,36
24,39	2,33
24,42	2,34
24,44	2,31
24,46	2,34
24,49	2,32
24,51	2,32
24,54	2,32
24,56	2,34
24,59	2,33
24,61	2,34
24,63	2,30
24,66	2,32
24,68	2,30
24,71	2,29
24,73	2,28
24,76	2,28
24,78	2,26
24,81	2,29
24,83	2,26
24,85	2,29
24,88	2,26
24,90	2,26
24,93	2,27
24,95	2,28
24,98	2,26
25,00	2,28
25,03	2,23
25,05	2,24
25,07	2,23
25,10	2,22
25,12	2,20
25,15	2,20
25,17	2,18
25,20	2,22
25,22	2,21
25,25	2,20
25,27	2,22
25,29	2,23
25,32	2,24
25,34	2,25
25,37	2,25
25,39	2,25
25,42	2,26
25,44	2,25
25,47	2,26
25,49	2,25
25,51	2,24
25,54	2,24
25,56	2,26
25,59	2,27
25,61	2,28
25,64	2,27
25,66	2,31
25,68	2,32
25,71	2,33
25,73	2,34
25,76	2,34
25,78	2,33
25,81	2,35
25,83	2,33
25,86	2,36
25,88	2,35
25,90	2,38
25,93	2,40
25,95	2,44
25,98	2,43
26,00	2,47
26,03	2,48
26,05	2,53
26,08	2,52
26,10	2,55
26,12	2,55
26,15	2,60
26,17	2,59
26,20	2,63
26,22	2,61
26,25	2,65
26,27	2,65
26,30	2,67
26,32	2,67
26,34	2,71
26,37	2,71
26,39	2,79
26,42	2,80
26,44	2,84
26,47	2,85
26,49	2,86
26,52	2,88
26,54	2,92
26,56	2,90
26,59	2,95
26,61	2,95
26,64	2,99
26,66	3,03
26,69	3,07
26,71	3,08
26,73	3,12
26,76	3,13
26,78	3,17
26,81	3,19
26,83	3,23
26,86	3,24
26,88	3,28
26,91	3,28
26,93	3,33
26,95	3,34
26,98	3,38
27,00	3,41
27,03	3,43
27,05	3,46
27,08	3,50
27,10	3,52
27,13	3,59
27,15	3,61
27,17	3,61
27,20	3,64
27,22	3,64
27,25	3,67
27,27	3,69
27,30	3,69
27,32	3,70
27,35	3,72
27,37	3,73
27,39	3,80
27,42	3,81
27,44	3,83
27,47	3,85
27,49	3,88
27,52	3,91
27,54	3,95
27,57	3,94
27,59	3,97
27,61	3,96
27,64	3,97
27,66	3,98
27,69	3,98
27,71	3,98
27,74	4,01
27,76	4,01
27,78	4,05
27,81	4,05
27,83	4,07
27,86	4,09
27,88	4,11
27,91	4,09
27,93	4,11
27,96	4,08
27,98	4,11
28,00	4,08
28,03	4,08
28,05	4,07
28,08	4,08
28,10	4,06
28,13	4,09
28,15	4,07
28,18	4,08
28,20	4,06
28,22	4,07
28,25	4,05
28,27	4,06
28,30	4,02
28,32	4,02
28,35	4,00
28,37	4,00
28,40	3,98
28,42	3,96
28,44	3,93
28,47	3,94
28,49	3,91
28,52	3,91
28,54	3,89
28,57	3,88
28,59	3,88
28,62	3,87
28,64	3,85
28,66	3,85
28,69	3,82
28,71	3,80
28,74	3,77
28,76	3,74
28,79	3,74
28,81	3,71
28,84	3,69
28,86	3,67
28,88	3,65
28,91	3,63
28,93	3,62
28,96	3,60
28,98	3,59
29,01	3,56
29,03	3,54
29,05	3,53
29,08	3,52
29,10	3,49
29,13	3,49
29,15	3,45
29,18	3,44
29,20	3,41
29,23	3,41
29,25	3,40
29,27	3,39
29,30	3,35
29,32	3,37
29,35	3,34
29,37	3,34
29,40	3,31
29,42	3,30
29,45	3,28
29,47	3,28
29,49	3,25
29,52	3,27
29,54	3,22
29,57	3,23
29,59	3,21
29,62	3,22
29,64	3,20
29,67	3,21
29,69	3,18
29,71	3,21
29,74	3,18
29,76	3,18
29,79	3,16
29,81	3,16
29,84	3,14
29,86	3,16
29,89	3,13
29,91	3,15
29,93	3,15
29,96	3,15
29,98	3,15
30,01	3,18
30,03	3,16
30,06	3,19
30,08	3,18
30,10	3,19
30,13	3,19
30,15	3,20
30,18	3,19
30,20	3,22
30,23	3,23
30,25	3,25
30,28	3,24
30,30	3,25
30,32	3,29
30,35	3,31
30,37	3,31
30,40	3,33
30,42	3,34
30,45	3,37
30,47	3,39
30,50	3,40
30,52	3,42
30,54	3,43
30,57	3,44
30,59	3,47
30,62	3,51
30,64	3,53
30,67	3,56
30,69	3,58
30,72	3,62
30,74	3,66
30,76	3,68
30,79	3,70
30,81	3,73
30,84	3,74
30,86	3,79
30,89	3,80
30,91	3,85
30,94	3,88
30,96	3,92
30,98	3,95
31,01	3,99
31,03	4,01
31,06	4,07
31,08	4,10
31,11	4,15
31,13	4,18
31,15	4,22
31,18	4,26
31,20	4,33
31,23	4,34
31,25	4,40
31,28	4,43
31,30	4,49
31,33	4,55
31,35	4,60
31,37	4,63
31,40	4,69
31,42	4,73
31,45	4,79
31,47	4,82
31,50	4,86
31,52	4,90
31,55	4,96
31,57	4,99
31,59	5,05
31,62	5,08
31,64	5,15
31,67	5,18
31,69	5,25
31,72	5,29
31,74	5,34
31,77	5,37
31,79	5,44
31,81	5,46
31,84	5,51
31,86	5,54
31,89	5,60
31,91	5,65
31,94	5,69
31,96	5,71
31,99	5,76
32,01	5,81
32,03	5,85
32,06	5,91
32,08	5,93
32,11	5,98
32,13	6,01
32,16	6,04
32,18	6,08
32,20	6,11
32,23	6,10
32,25	6,14
32,28	6,15
32,30	6,18
32,33	6,20
32,35	6,22
32,38	6,23
32,40	6,26
32,42	6,27
32,45	6,30
32,47	6,28
32,50	6,30
32,52	6,30
32,55	6,32
32,57	6,31
32,60	6,34
32,62	6,33
32,64	6,38
32,67	6,36
32,69	6,36
32,72	6,34
32,74	6,36
32,77	6,33
32,79	6,35
32,82	6,31
32,84	6,32
32,86	6,30
32,89	6,29
32,91	6,27
32,94	6,27
32,96	6,21
32,99	6,21
33,01	6,16
33,04	6,16
33,06	6,11
33,08	6,09
33,11	6,04
33,13	6,04
33,16	5,99
33,18	5,99
33,21	5,93
33,23	5,92
33,26	5,90
33,28	5,88
33,30	5,83
33,33	5,80
33,35	5,74
33,38	5,74
33,40	5,69
33,43	5,65
33,45	5,61
33,47	5,58
33,50	5,54
33,52	5,54
33,55	5,49
33,57	5,46
33,60	5,42
33,62	5,38
33,65	5,34
33,67	5,31
33,69	5,25
33,72	5,23
33,74	5,18
33,77	5,15
33,79	5,12
33,82	5,08
33,84	5,05
33,87	5,02
33,89	4,98
33,91	4,95
33,94	4,90
33,96	4,86
33,99	4,85
34,01	4,81
34,04	4,78
34,06	4,75
34,09	4,73
34,11	4,71
34,13	4,70
34,16	4,65
34,18	4,63
34,21	4,59
34,23	4,58
34,26	4,57
34,28	4,56
34,31	4,54
34,33	4,53
34,35	4,50
34,38	4,51
34,40	4,49
34,43	4,46
34,45	4,44
34,48	4,43
34,50	4,41
34,52	4,42
34,55	4,38
34,57	4,40
34,60	4,39
34,62	4,39
34,65	4,39
34,67	4,41
34,70	4,40
34,72	4,45
34,74	4,43
34,77	4,45
34,79	4,45
34,82	4,47
34,84	4,46
34,87	4,49
34,89	4,46
34,92	4,49
34,94	4,50
34,96	4,52
34,99	4,55
35,01	4,58
35,04	4,59
35,06	4,63
35,09	4,64
35,11	4,68
35,14	4,71
35,16	4,73
35,18	4,73
35,21	4,75
35,23	4,77
35,26	4,81
35,28	4,83
35,31	4,86
35,33	4,88
35,36	4,93
35,38	4,99
35,40	5,04
35,43	5,08
35,45	5,13
35,48	5,18
35,50	5,23
35,53	5,29
35,55	5,31
35,57	5,36
35,60	5,39
35,62	5,42
35,65	5,47
35,67	5,52
35,70	5,55
35,72	5,65
35,75	5,70
35,77	5,78
35,79	5,84
35,82	5,91
35,84	5,97
35,87	6,05
35,89	6,06
35,92	6,13
35,94	6,16
35,97	6,23
35,99	6,27
36,01	6,34
36,04	6,39
36,06	6,48
36,09	6,53
36,11	6,64
36,14	6,69
36,16	6,79
36,19	6,87
36,21	6,95
36,23	7,01
36,26	7,09
36,28	7,14
36,31	7,21
36,33	7,26
36,36	7,32
36,38	7,38
36,41	7,46
36,43	7,53
36,45	7,63
36,48	7,69
36,50	7,78
36,53	7,84
36,55	7,91
36,58	8,00
36,60	8,06
36,62	8,09
36,65	8,17
36,67	8,20
36,70	8,27
36,72	8,32
36,75	8,37
36,77	8,43
36,80	8,50
36,82	8,55
36,84	8,62
36,87	8,66
36,89	8,70
36,92	8,77
36,94	8,81
36,97	8,86
36,99	8,89
37,02	8,93
37,04	8,96
37,06	9,01
37,09	9,02
37,11	9,05
37,14	9,07
37,16	9,10
37,19	9,14
37,21	9,17
37,24	9,19
37,26	9,21
37,28	9,21
37,31	9,24
37,33	9,24
37,36	9,24
37,38	9,23
37,41	9,22
37,43	9,20
37,46	9,20
37,48	9,17
37,50	9,18
37,53	9,14
37,55	9,14
37,58	9,11
37,60	9,10
37,63	9,06
37,65	9,09
37,68	9,05
37,70	9,04
37,72	8,98
37,75	8,96
37,77	8,91
37,80	8,89
37,82	8,78
37,85	8,76
37,87	8,67
37,89	8,65
37,92	8,58
37,94	8,55
37,97	8,48
37,99	8,45
38,02	8,38
38,04	8,38
38,07	8,31
38,09	8,28
38,11	8,21
38,14	8,14
38,16	8,06
38,19	8,02
38,21	7,91
38,24	7,85
38,26	7,76
38,29	7,70
38,31	7,65
38,33	7,60
38,36	7,53
38,38	7,51
38,41	7,44
38,43	7,41
38,46	7,35
38,48	7,29
38,51	7,22
38,53	7,16
38,55	7,06
38,58	7,03
38,60	6,94
38,63	6,89
38,65	6,84
38,68	6,80
38,70	6,74
38,73	6,69
38,75	6,64
38,77	6,63
38,80	6,58
38,82	6,53
38,85	6,48
38,87	6,42
38,90	6,40
38,92	6,36
38,94	6,30
38,97	6,27
38,99	6,23
39,02	6,19
39,04	6,19
39,07	6,16
39,09	6,14
39,12	6,13
39,14	6,12
39,16	6,11
39,19	6,12
39,21	6,08
39,24	6,08
39,26	6,05
39,29	6,02
39,31	6,00
39,34	6,00
39,36	5,97
39,38	6,00
39,41	5,98
39,43	6,00
39,46	6,00
39,48	6,03
39,51	6,05
39,53	6,08
39,56	6,06
39,58	6,09
39,60	6,07
39,63	6,11
39,65	6,11
39,68	6,12
39,70	6,13
39,73	6,17
39,75	6,17
39,78	6,24
39,80	6,25
39,82	6,29
39,85	6,34
39,87	6,38
39,90	6,42
39,92	6,48
39,95	6,50
39,97	6,56
39,99	6,60
40,02	6,65
40,04	6,71
40,07	6,75
40,09	6,79
40,12	6,85
40,14	6,89
40,17	6,96
40,19	6,99
40,21	7,04
40,24	7,13
40,26	7,20
40,29	7,27
40,31	7,35
40,34	7,40
40,36	7,47
40,39	7,54
40,41	7,58
40,43	7,67
40,46	7,72
40,48	7,79
40,51	7,87
40,53	7,96
40,56	8,03
40,58	8,15
40,61	8,21
40,63	8,33
40,65	8,41
40,68	8,50
40,70	8,58
40,73	8,70
40,75	8,75
40,78	8,86
40,80	8,90
40,83	9,01
40,85	9,08
40,87	9,19
40,90	9,26
40,92	9,36
40,95	9,44
40,97	9,60
41,00	9,68
41,02	9,81
41,05	9,90
41,07	9,99
41,09	10,09
41,12	10,20
41,14	10,25
41,17	10,36
41,19	10,42
41,22	10,53
41,24	10,63
41,26	10,73
41,29	10,81
41,31	10,94
41,34	11,02
41,36	11,14
41,39	11,22
41,41	11,32
41,44	11,41
41,46	11,51
41,48	11,57
41,51	11,67
41,53	11,71
41,56	11,80
41,58	11,86
41,61	11,93
41,63	11,99
41,66	12,07
41,68	12,13
41,70	12,25
41,73	12,31
41,75	12,38
41,78	12,44
41,80	12,47
41,83	12,52
41,85	12,56
41,88	12,58
41,90	12,61
41,92	12,63
41,95	12,66
41,97	12,71
42,00	12,74
42,02	12,77
42,05	12,78
42,07	12,80
42,10	12,83
42,12	12,85
42,14	12,85
42,17	12,86
42,19	12,86
42,22	12,86
42,24	12,86
42,27	12,85
42,29	12,83
42,31	12,82
42,34	12,77
42,36	12,76
42,39	12,71
42,41	12,69
42,44	12,68
42,46	12,64
42,49	12,58
42,51	12,55
42,53	12,47
42,56	12,44
42,58	12,38
42,61	12,32
42,63	12,24
42,66	12,19
42,68	12,11
42,71	12,09
42,73	12,00
42,75	11,94
42,78	11,85
42,80	11,78
42,83	11,70
42,85	11,64
42,88	11,54
42,90	11,48
42,93	11,38
42,95	11,33
42,97	11,24
43,00	11,17
43,02	11,06
43,05	10,99
43,07	10,88
43,10	10,82
43,12	10,69
43,15	10,61
43,17	10,52
43,19	10,45
43,22	10,35
43,24	10,28
43,27	10,17
43,29	10,11
43,32	10,01
43,34	9,93
43,36	9,85
43,39	9,76
43,41	9,65
43,44	9,60
43,46	9,50
43,49	9,42
43,51	9,34
43,54	9,26
43,56	9,20
43,58	9,15
43,61	9,07
43,63	9,02
43,66	8,96
43,68	8,90
43,71	8,85
43,73	8,77
43,76	8,71
43,78	8,66
43,80	8,60
43,83	8,56
43,85	8,52
43,88	8,47
43,90	8,46
43,93	8,42
43,95	8,39
43,98	8,37
44,00	8,34
44,02	8,30
44,05	8,29
44,07	8,25
44,10	8,25
44,12	8,21
44,15	8,21
44,17	8,19
44,20	8,21
44,22	8,19
44,24	8,22
44,27	8,20
44,29	8,24
44,32	8,23
44,34	8,25
44,37	8,25
44,39	8,28
44,41	8,28
44,44	8,34
44,46	8,32
44,49	8,37
44,51	8,40
44,54	8,45
44,56	8,49
44,59	8,55
44,61	8,55
44,63	8,63
44,66	8,66
44,68	8,71
44,71	8,74
44,73	8,79
44,76	8,83
44,78	8,92
44,81	8,96
44,83	9,05
44,85	9,09
44,88	9,17
44,90	9,25
44,93	9,34
44,95	9,40
44,98	9,48
45,00	9,54
45,03	9,65
45,05	9,72
45,07	9,79
45,10	9,86
45,12	9,96
45,15	10,04
45,17	10,15
45,20	10,24
45,22	10,35
45,25	10,45
45,27	10,55
45,29	10,65
45,32	10,75
45,34	10,85
45,37	10,95
45,39	11,03
45,42	11,12
45,44	11,22
45,47	11,30
45,49	11,43
45,51	11,53
45,54	11,65
45,56	11,77
45,59	11,89
45,61	12,00
45,64	12,16
45,66	12,25
45,68	12,38
45,71	12,48
45,73	12,60
45,76	12,72
45,78	12,84
45,81	12,91
45,83	13,05
45,86	13,17
45,88	13,31
45,90	13,44
45,93	13,58
45,95	13,70
45,98	13,85
46,00	13,95
46,03	14,08
46,05	14,20
46,08	14,29
46,10	14,39
46,12	14,51
46,15	14,61
46,17	14,75
46,20	14,85
46,22	14,99
46,25	15,10
46,27	15,24
46,30	15,35
46,32	15,46
46,34	15,56
46,37	15,68
46,39	15,76
46,42	15,87
46,44	15,95
46,47	16,05
46,49	16,14
46,52	16,24
46,54	16,29
46,56	16,40
46,59	16,46
46,61	16,54
46,64	16,63
46,66	16,72
46,69	16,77
46,71	16,84
46,73	16,88
46,76	16,96
46,78	17,00
46,81	17,03
46,83	17,07
46,86	17,10
46,88	17,14
46,91	17,18
46,93	17,19
46,95	17,21
46,98	17,22
47,00	17,22
47,03	17,23
47,05	17,22
47,08	17,22
47,10	17,22
47,13	17,21
47,15	17,21
47,17	17,21
47,20	17,19
47,22	17,19
47,25	17,16
47,27	17,12
47,30	17,07
47,32	17,02
47,35	16,95
47,37	16,92
47,39	16,86
47,42	16,81
47,44	16,74
47,47	16,68
47,49	16,63
47,52	16,59
47,54	16,48
47,57	16,41
47,59	16,30
47,61	16,23
47,64	16,12
47,66	16,02
47,69	15,88
47,71	15,80
47,74	15,67
47,76	15,62
47,78	15,49
47,81	15,42
47,83	15,32
47,86	15,25
47,88	15,14
47,91	15,06
47,93	14,91
47,96	14,82
47,98	14,67
48,00	14,55
48,03	14,40
48,05	14,28
48,08	14,15
48,10	14,09
48,13	13,97
48,15	13,88
48,18	13,77
48,20	13,67
48,22	13,57
48,25	13,48
48,27	13,32
48,30	13,22
48,32	13,09
48,35	12,97
48,37	12,85
48,40	12,74
48,42	12,64
48,44	12,56
48,47	12,47
48,49	12,40
48,52	12,32
48,54	12,24
48,57	12,19
48,59	12,12
48,62	12,03
48,64	11,95
48,66	11,87
48,69	11,81
48,71	11,75
48,74	11,66
48,76	11,61
48,79	11,54
48,81	11,49
48,84	11,45
48,86	11,41
48,88	11,37
48,91	11,34
48,93	11,32
48,96	11,31
48,98	11,27
49,01	11,25
49,03	11,24
49,05	11,23
49,08	11,23
49,10	11,23
49,13	11,22
49,15	11,27
49,18	11,27
49,20	11,29
49,23	11,31
49,25	11,33
49,27	11,34
49,30	11,38
49,32	11,39
49,35	11,44
49,37	11,46
49,40	11,51
49,42	11,54
49,45	11,60
49,47	11,64
49,49	11,71
49,52	11,75
49,54	11,83
49,57	11,88
49,59	11,95
49,62	12,00
49,64	12,08
49,67	12,14
49,69	12,25
49,71	12,31
49,74	12,41
49,76	12,50
49,79	12,61
49,81	12,71
49,84	12,82
49,86	12,89
49,89	13,01
49,91	13,09
49,93	13,19
49,96	13,28
49,98	13,39
50,01	13,49
50,03	13,63
50,06	13,74
50,08	13,88
50,10	13,98
50,13	14,12
50,15	14,25
50,18	14,39
50,20	14,49
50,23	14,62
50,25	14,73
50,28	14,88
50,30	15,00
50,32	15,13
50,35	15,25
50,37	15,40
50,40	15,54
50,42	15,70
50,45	15,83
50,47	15,98
50,50	16,13
50,52	16,27
50,54	16,41
50,57	16,55
50,59	16,69
50,62	16,86
50,64	17,00
50,67	17,12
50,69	17,27
50,72	17,42
50,74	17,58
50,76	17,74
50,79	17,90
50,81	18,03
50,84	18,19
50,86	18,34
50,89	18,51
50,91	18,62
50,94	18,77
50,96	18,89
50,98	19,05
51,01	19,19
51,03	19,35
51,06	19,47
51,08	19,65
51,11	19,78
51,13	19,95
51,15	20,09
51,18	20,23
51,20	20,36
51,23	20,51
51,25	20,61
51,28	20,75
51,30	20,84
51,33	20,96
51,35	21,05
51,37	21,15
51,40	21,24
51,42	21,36
51,45	21,44
51,47	21,56
51,50	21,64
51,52	21,75
51,55	21,83
51,57	21,90
51,59	21,96
51,62	22,06
51,64	22,09
51,67	22,16
51,69	22,22
51,72	22,27
51,74	22,33
51,77	22,39
51,79	22,39
51,81	22,46
51,84	22,48
51,86	22,51
51,89	22,55
51,91	22,58
51,94	22,58
51,96	22,63
51,99	22,61
52,01	22,63
52,03	22,59
52,06	22,56
52,08	22,53
52,11	22,52
52,13	22,51
52,16	22,49
52,18	22,43
52,20	22,40
52,23	22,34
52,25	22,28
52,28	22,22
52,30	22,12
52,33	22,05
52,35	22,01
52,38	21,94
52,40	21,89
52,42	21,83
52,45	21,76
52,47	21,68
52,50	21,58
52,52	21,46
52,55	21,35
52,57	21,23
52,60	21,10
52,62	20,99
52,64	20,88
52,67	20,77
52,69	20,67
52,72	20,58
52,74	20,48
52,77	20,39
52,79	20,25
52,82	20,12
52,84	19,97
52,86	19,84
52,89	19,69
52,91	19,55
52,94	19,38
52,96	19,24
52,99	19,10
53,01	19,02
53,04	18,85
53,06	18,73
53,08	18,59
53,11	18,48
53,13	18,34
53,16	18,21
53,18	18,05
53,21	17,95
53,23	17,79
53,26	17,68
53,28	17,54
53,30	17,43
53,33	17,30
53,35	17,22
53,38	17,10
53,40	17,02
53,43	16,89
53,45	16,80
53,47	16,70
53,50	16,61
53,52	16,47
53,55	16,40
53,57	16,28
53,60	16,20
53,62	16,11
53,65	16,04
53,67	15,97
53,69	15,92
53,72	15,84
53,74	15,80
53,77	15,75
53,79	15,71
53,82	15,69
53,84	15,66
53,87	15,63
53,89	15,61
53,91	15,58
53,94	15,56
53,96	15,56
53,99	15,52
54,01	15,52
54,04	15,51
54,06	15,51
54,09	15,54
54,11	15,56
54,13	15,58
54,16	15,61
54,18	15,61
54,21	15,67
54,23	15,70
54,26	15,73
54,28	15,76
54,31	15,79
54,33	15,84
54,35	15,91
54,38	15,94
54,40	16,01
54,43	16,05
54,45	16,12
54,48	16,20
54,50	16,29
54,52	16,36
54,55	16,48
54,57	16,55
54,60	16,68
54,62	16,77
54,65	16,89
54,67	16,98
54,70	17,10
54,72	17,16
54,74	17,29
54,77	17,36
54,79	17,49
54,82	17,61
54,84	17,74
54,87	17,85
54,89	18,00
54,92	18,14
54,94	18,32
54,96	18,46
54,99	18,60
55,01	18,74
55,04	18,91
55,06	19,04
55,09	19,18
55,11	19,30
55,14	19,44
55,16	19,58
55,18	19,74
55,21	19,88
55,23	20,05
55,26	20,22
55,28	20,40
55,31	20,55
55,33	20,72
55,36	20,89
55,38	21,07
55,40	21,27
55,43	21,43
55,45	21,58
55,48	21,75
55,50	21,92
55,53	22,07
55,55	22,25
55,57	22,39
55,60	22,58
55,62	22,76
55,65	22,97
55,67	23,17
55,70	23,38
55,72	23,53
55,75	23,72
55,77	23,85
55,79	24,02
55,82	24,16
55,84	24,31
55,87	24,44
55,89	24,60
55,92	24,73
55,94	24,94
55,97	25,09
55,99	25,27
56,01	25,46
56,04	25,65
56,06	25,82
56,09	26,02
56,11	26,16
56,14	26,33
56,16	26,45
56,19	26,57
56,21	26,68
56,23	26,79
56,26	26,88
56,28	27,05
56,31	27,16
56,33	27,30
56,36	27,42
56,38	27,56
56,41	27,70
56,43	27,83
56,45	27,90
56,48	28,01
56,50	28,08
56,53	28,17
56,55	28,23
56,58	28,28
56,60	28,33
56,62	28,40
56,65	28,46
56,67	28,54
56,70	28,58
56,72	28,66
56,75	28,73
56,77	28,80
56,80	28,84
56,82	28,88
56,84	28,90
56,87	28,96
56,89	28,96
56,92	28,98
56,94	28,98
56,97	28,99
56,99	28,99
57,02	29,00
57,04	28,96
57,06	28,96
57,09	28,92
57,11	28,88
57,14	28,86
57,16	28,82
57,19	28,76
57,21	28,75
57,24	28,67
57,26	28,61
57,28	28,55
57,31	28,48
57,33	28,41
57,36	28,34
57,38	28,25
57,41	28,19
57,43	28,10
57,46	28,01
57,48	27,94
57,50	27,84
57,53	27,74
57,55	27,66
57,58	27,55
57,60	27,45
57,63	27,35
57,65	27,21
57,68	27,10
57,70	26,95
57,72	26,81
57,75	26,67
57,77	26,54
57,80	26,40
57,82	26,27
57,85	26,11
57,87	26,01
57,89	25,85
57,92	25,72
57,94	25,56
57,97	25,42
57,99	25,27
58,02	25,15
58,04	24,97
58,07	24,86
58,09	24,68
58,11	24,54
58,14	24,38
58,16	24,22
58,19	24,06
58,21	23,94
58,24	23,77
58,26	23,67
58,29	23,54
58,31	23,44
58,33	23,30
58,36	23,19
58,38	23,02
58,41	22,93
58,43	22,78
58,46	22,66
58,48	22,50
58,51	22,39
58,53	22,27
58,55	22,18
58,58	22,06
58,60	22,01
58,63	21,92
58,65	21,85
58,68	21,78
58,70	21,71
58,73	21,65
58,75	21,60
58,77	21,53
58,80	21,49
58,82	21,43
58,85	21,39
58,87	21,39
58,90	21,36
58,92	21,33
58,94	21,33
58,97	21,32
58,99	21,32
59,02	21,35
59,04	21,33
59,07	21,33
59,09	21,35
59,12	21,35
59,14	21,36
59,16	21,39
59,19	21,41
59,21	21,46
59,24	21,50
59,26	21,56
59,29	21,60
59,31	21,67
59,34	21,75
59,36	21,82
59,38	21,87
59,41	21,95
59,43	22,00
59,46	22,12
59,48	22,19
59,51	22,29
59,53	22,39
59,56	22,51
59,58	22,62
59,60	22,77
59,63	22,87
59,65	22,99
59,68	23,11
59,70	23,23
59,73	23,34
59,75	23,48
59,78	23,60
59,80	23,75
59,82	23,90
59,85	24,06
59,87	24,22
59,90	24,38
59,92	24,54
59,95	24,69
59,97	24,80
59,99	24,90
