U1/V	IA/nA
0,02	0,45
0,04	0,44
0,07	0,45
0,09	0,47
0,12	0,49
0,14	0,47
0,17	0,50
0,19	0,46
0,21	0,48
0,24	0,46
0,26	0,45
0,29	0,43
0,31	0,43
0,34	0,41
0,36	0,46
0,39	0,44
0,41	0,45
0,43	0,47
0,46	0,49
0,48	0,49
0,51	0,51
0,53	0,48
0,56	0,50
0,58	0,48
0,61	0,48
0,63	0,47
0,65	0,47
0,68	0,46
0,70	0,47
0,73	0,46
0,75	0,48
0,78	0,47
0,80	0,47
0,83	0,48
0,85	0,48
0,87	0,48
0,90	0,49
0,92	0,46
0,95	0,45
0,97	0,45
1,00	0,43
1,02	0,44
1,05	0,44
1,07	0,43
1,09	0,45
1,12	0,44
1,14	0,45
1,17	0,47
1,19	0,46
1,22	0,48
1,24	0,46
1,26	0,47
1,29	0,47
1,31	0,48
1,34	0,46
1,36	0,47
1,39	0,45
1,41	0,46
1,44	0,45
1,46	0,45
1,48	0,45
1,51	0,46
1,53	0,43
1,56	0,48
1,58	0,46
1,61	0,48
1,63	0,47
1,66	0,47
1,68	0,45
1,70	0,47
1,73	0,42
1,75	0,44
1,78	0,41
1,80	0,43
1,83	0,43
1,85	0,45
1,88	0,43
1,90	0,47
1,92	0,45
1,95	0,47
1,97	0,46
2,00	0,47
2,02	0,46
2,05	0,47
2,07	0,43
2,10	0,46
2,12	0,44
2,14	0,46
2,17	0,45
2,19	0,46
2,22	0,45
2,24	0,48
2,27	0,47
2,29	0,51
2,31	0,48
2,34	0,49
2,36	0,48
2,39	0,47
2,41	0,44
2,44	0,46
2,46	0,43
2,49	0,46
2,51	0,44
2,53	0,45
2,56	0,47
2,58	0,48
2,61	0,46
2,63	0,47
2,66	0,45
2,68	0,46
2,71	0,46
2,73	0,45
2,75	0,45
2,78	0,45
2,80	0,44
2,83	0,45
2,85	0,44
2,88	0,46
2,90	0,48
2,93	0,46
2,95	0,47
2,97	0,47
3,00	0,47
3,02	0,50
3,05	0,48
3,07	0,46
3,10	0,48
3,12	0,45
3,15	0,47
3,17	0,46
3,19	0,45
3,22	0,43
3,24	0,44
3,27	0,42
3,29	0,46
3,32	0,45
3,34	0,48
3,36	0,48
3,39	0,49
3,41	0,49
3,44	0,52
3,46	0,49
3,49	0,51
3,51	0,47
3,54	0,48
3,56	0,47
3,58	0,48
3,61	0,45
3,63	0,47
3,66	0,46
3,68	0,48
3,71	0,47
3,73	0,47
3,76	0,49
3,78	0,50
3,80	0,49
3,83	0,50
3,85	0,47
3,88	0,47
3,90	0,46
3,93	0,45
3,95	0,44
3,98	0,44
4,00	0,42
4,02	0,46
4,05	0,45
4,07	0,46
4,10	0,46
4,12	0,47
4,15	0,48
4,17	0,49
4,20	0,46
4,22	0,41
4,24	0,41
4,27	0,40
4,29	0,41
4,32	0,39
4,34	0,38
4,37	0,39
4,39	0,45
4,42	0,46
4,44	0,47
4,46	0,45
4,49	0,49
4,51	0,49
4,54	0,49
4,56	0,50
4,59	0,50
4,61	0,48
4,63	0,49
4,66	0,46
4,68	0,48
4,71	0,45
4,73	0,45
4,76	0,44
4,78	0,46
4,81	0,44
4,83	0,47
4,85	0,45
4,88	0,48
4,90	0,47
4,93	0,47
4,95	0,46
4,98	0,48
5,00	0,45
5,03	0,49
5,05	0,44
5,07	0,45
5,10	0,43
5,12	0,46
5,15	0,44
5,17	0,46
5,20	0,42
5,22	0,48
5,25	0,46
5,27	0,49
5,29	0,47
5,32	0,48
5,34	0,47
5,37	0,50
5,39	0,46
5,42	0,50
5,44	0,45
5,47	0,47
5,49	0,46
5,51	0,48
5,54	0,46
5,56	0,47
5,59	0,45
5,61	0,50
5,64	0,48
5,66	0,49
5,68	0,48
5,71	0,49
5,73	0,47
5,76	0,49
5,78	0,46
5,81	0,48
5,83	0,47
5,86	0,47
5,88	0,47
5,90	0,48
5,93	0,46
5,95	0,48
5,98	0,47
6,00	0,46
6,03	0,47
6,05	0,46
6,08	0,47
6,10	0,48
6,12	0,48
6,15	0,48
6,17	0,48
6,20	0,47
6,22	0,49
6,25	0,49
6,27	0,49
6,30	0,48
6,32	0,49
6,34	0,49
6,37	0,51
6,39	0,49
6,42	0,50
6,44	0,49
6,47	0,50
6,49	0,49
6,52	0,49
6,54	0,48
6,56	0,50
6,59	0,48
6,61	0,50
6,64	0,49
6,66	0,50
6,69	0,51
6,71	0,52
6,73	0,49
6,76	0,51
6,78	0,48
6,81	0,50
6,83	0,48
6,86	0,50
6,88	0,48
6,91	0,49
6,93	0,47
6,95	0,51
6,98	0,48
7,00	0,50
7,03	0,49
7,05	0,51
7,08	0,50
7,10	0,53
7,13	0,50
7,15	0,53
7,17	0,51
7,20	0,53
7,22	0,54
7,25	0,54
7,27	0,52
7,30	0,54
7,32	0,52
7,35	0,54
7,37	0,53
7,39	0,52
7,42	0,53
7,44	0,53
7,47	0,52
7,49	0,54
7,52	0,54
7,54	0,54
7,57	0,53
7,59	0,53
7,61	0,56
7,64	0,55
7,66	0,55
7,69	0,54
7,71	0,55
7,74	0,55
7,76	0,56
7,78	0,56
7,81	0,58
7,83	0,58
7,86	0,58
7,88	0,57
7,91	0,59
7,93	0,58
7,96	0,60
7,98	0,57
8,00	0,59
8,03	0,58
8,05	0,61
8,08	0,60
8,10	0,63
8,13	0,59
8,15	0,63
8,18	0,61
8,20	0,62
8,22	0,60
8,25	0,61
8,27	0,59
8,30	0,61
8,32	0,59
8,35	0,62
8,37	0,60
8,40	0,62
8,42	0,61
8,44	0,64
8,47	0,62
8,49	0,65
8,52	0,62
8,54	0,66
8,57	0,64
8,59	0,64
8,62	0,63
8,64	0,64
8,66	0,62
8,69	0,66
8,71	0,65
8,74	0,68
8,76	0,67
8,79	0,69
8,81	0,68
8,84	0,69
8,86	0,66
8,88	0,68
8,91	0,66
8,93	0,67
8,96	0,66
8,98	0,67
9,01	0,67
9,03	0,69
9,05	0,68
9,08	0,70
9,10	0,67
9,13	0,68
9,15	0,69
9,18	0,69
9,20	0,70
9,23	0,69
9,25	0,68
9,27	0,71
9,30	0,72
9,32	0,72
9,35	0,73
9,37	0,71
9,40	0,72
9,42	0,75
9,45	0,76
9,47	0,74
9,49	0,75
9,52	0,73
9,54	0,76
9,57	0,76
9,59	0,74
9,62	0,73
9,64	0,74
9,67	0,73
9,69	0,75
9,71	0,73
9,74	0,74
9,76	0,73
9,79	0,74
9,81	0,74
9,84	0,75
9,86	0,73
9,89	0,77
9,91	0,76
9,93	0,79
9,96	0,78
9,98	0,80
10,01	0,79
10,03	0,82
10,06	0,78
10,08	0,81
10,10	0,78
10,13	0,80
10,15	0,80
10,18	0,81
10,20	0,79
10,23	0,81
10,25	0,79
10,28	0,84
10,30	0,82
10,32	0,82
10,35	0,81
10,37	0,82
10,40	0,80
10,42	0,82
10,45	0,79
10,47	0,81
10,50	0,79
10,52	0,80
10,54	0,81
10,57	0,82
10,59	0,82
10,62	0,85
10,64	0,84
10,67	0,85
10,69	0,84
10,72	0,85
10,74	0,84
10,76	0,84
10,79	0,81
10,81	0,83
10,84	0,82
10,86	0,84
10,89	0,86
10,91	0,86
10,94	0,87
10,96	0,87
10,98	0,88
11,01	0,91
11,03	0,91
11,06	0,88
11,08	0,89
11,11	0,88
11,13	0,90
11,15	0,90
11,18	0,89
11,20	0,88
11,23	0,89
11,25	0,89
11,28	0,92
11,30	0,91
11,33	0,93
11,35	0,94
11,37	0,96
11,40	0,96
11,42	0,98
11,45	0,97
11,47	0,98
11,50	0,97
11,52	0,97
11,55	0,95
11,57	0,97
11,59	0,95
11,62	0,99
11,64	0,98
11,67	1,01
11,69	0,99
11,72	1,02
11,74	1,03
11,77	1,05
11,79	1,01
11,81	1,04
11,84	1,01
11,86	1,03
11,89	1,02
11,91	1,03
11,94	1,02
11,96	1,05
11,99	1,03
12,01	1,08
12,03	1,06
12,06	1,08
12,08	1,09
12,11	1,11
12,13	1,11
12,16	1,13
12,18	1,11
12,21	1,14
12,23	1,13
12,25	1,13
12,28	1,13
12,30	1,13
12,33	1,12
12,35	1,16
12,38	1,15
12,40	1,18
12,42	1,18
12,45	1,18
12,47	1,21
12,50	1,22
12,52	1,20
12,55	1,21
12,57	1,20
12,60	1,21
12,62	1,21
12,64	1,19
12,67	1,21
12,69	1,21
12,72	1,22
12,74	1,22
12,77	1,23
12,79	1,24
12,82	1,28
12,84	1,28
12,86	1,30
12,89	1,29
12,91	1,31
12,94	1,31
12,96	1,32
12,99	1,30
13,01	1,31
13,04	1,29
13,06	1,31
13,08	1,31
13,11	1,33
13,13	1,32
13,16	1,34
13,18	1,33
13,21	1,37
13,23	1,35
13,26	1,37
13,28	1,37
13,30	1,37
13,33	1,35
13,35	1,37
13,38	1,35
13,40	1,38
13,43	1,35
13,45	1,37
13,47	1,38
13,50	1,40
13,52	1,39
13,55	1,44
13,57	1,40
13,60	1,44
13,62	1,42
13,65	1,45
13,67	1,44
13,69	1,45
13,72	1,41
13,74	1,44
13,77	1,41
13,79	1,44
13,82	1,42
13,84	1,44
13,87	1,43
13,89	1,45
13,91	1,43
13,94	1,48
13,96	1,47
13,99	1,47
14,01	1,46
14,04	1,46
14,06	1,46
14,09	1,47
14,11	1,45
14,13	1,46
14,16	1,44
14,18	1,43
14,21	1,46
14,23	1,46
14,26	1,46
14,28	1,47
14,31	1,46
14,33	1,47
14,35	1,49
14,38	1,49
14,40	1,50
14,43	1,50
14,45	1,48
14,48	1,50
14,50	1,50
14,52	1,49
14,55	1,50
14,57	1,47
14,60	1,50
14,62	1,50
14,65	1,50
14,67	1,52
14,70	1,54
14,72	1,53
14,74	1,54
14,77	1,50
14,79	1,50
14,82	1,49
14,84	1,48
14,87	1,46
14,89	1,47
14,92	1,45
14,94	1,50
14,96	1,49
14,99	1,51
15,01	1,51
15,04	1,52
15,06	1,51
15,09	1,53
15,11	1,50
15,14	1,52
15,16	1,50
15,18	1,51
15,21	1,50
15,23	1,51
15,26	1,50
15,28	1,52
15,31	1,51
15,33	1,54
15,36	1,53
15,38	1,53
15,40	1,56
15,43	1,57
15,45	1,56
15,48	1,58
15,50	1,54
15,53	1,57
15,55	1,56
15,57	1,56
15,60	1,57
15,62	1,58
15,65	1,57
15,67	1,61
15,70	1,59
15,72	1,60
15,75	1,60
15,77	1,61
15,79	1,62
15,82	1,63
15,84	1,63
15,87	1,65
15,89	1,66
15,92	1,68
15,94	1,70
15,97	1,68
15,99	1,69
16,01	1,69
16,04	1,72
16,06	1,73
16,09	1,74
16,11	1,72
16,14	1,79
16,16	1,79
16,19	1,82
16,21	1,81
16,23	1,81
16,26	1,80
16,28	1,83
16,31	1,80
16,33	1,82
16,36	1,81
16,38	1,84
16,41	1,86
16,43	1,90
16,45	1,90
16,48	1,94
16,50	1,94
16,53	1,98
16,55	1,98
16,58	2,00
16,60	2,00
16,63	2,03
16,65	2,03
16,67	2,08
16,70	2,05
16,72	2,09
16,75	2,09
16,77	2,12
16,80	2,12
16,82	2,15
16,84	2,13
16,87	2,22
16,89	2,21
16,92	2,24
16,94	2,25
16,97	2,26
16,99	2,27
17,02	2,31
17,04	2,29
17,06	2,33
17,09	2,32
17,11	2,35
17,14	2,39
17,16	2,42
17,19	2,43
17,21	2,45
17,24	2,45
17,26	2,49
17,28	2,50
17,31	2,53
17,33	2,54
17,36	2,56
17,38	2,57
17,41	2,60
17,43	2,60
17,46	2,62
17,48	2,63
17,50	2,63
17,53	2,64
17,55	2,65
17,58	2,66
17,60	2,70
17,63	2,71
17,65	2,71
17,68	2,74
17,70	2,75
17,72	2,77
17,75	2,77
17,77	2,77
17,80	2,77
17,82	2,77
17,85	2,76
17,87	2,78
17,89	2,78
17,92	2,79
17,94	2,79
17,97	2,81
17,99	2,82
18,02	2,85
18,04	2,83
18,07	2,85
18,09	2,84
18,11	2,85
18,14	2,86
18,16	2,85
18,19	2,84
18,21	2,86
18,24	2,84
18,26	2,87
18,29	2,85
18,31	2,86
18,33	2,86
18,36	2,87
18,38	2,84
18,41	2,86
18,43	2,81
18,46	2,84
18,48	2,81
18,51	2,82
18,53	2,81
18,55	2,80
18,58	2,78
18,60	2,80
18,63	2,77
18,65	2,77
18,68	2,75
18,70	2,75
18,73	2,75
18,75	2,76
18,77	2,73
18,80	2,74
18,82	2,72
18,85	2,73
18,87	2,73
18,90	2,72
18,92	2,70
18,94	2,71
18,97	2,69
18,99	2,70
19,02	2,69
19,04	2,66
19,07	2,66
19,09	2,63
19,12	2,61
19,14	2,62
19,16	2,60
19,19	2,59
19,21	2,59
19,24	2,57
19,26	2,60
19,29	2,58
19,31	2,56
19,34	2,55
19,36	2,54
19,38	2,53
19,41	2,54
19,43	2,52
19,46	2,53
19,48	2,52
19,51	2,52
19,53	2,51
19,56	2,52
19,58	2,50
19,60	2,52
19,63	2,49
19,65	2,49
19,68	2,48
19,70	2,49
19,73	2,49
19,75	2,49
19,78	2,46
19,80	2,49
19,82	2,46
19,85	2,47
19,87	2,46
19,90	2,46
19,92	2,44
19,95	2,46
19,97	2,44
19,99	2,48
20,02	2,46
20,04	2,47
20,07	2,46
20,09	2,49
20,12	2,48
20,14	2,51
20,17	2,48
20,19	2,52
20,21	2,51
20,24	2,52
20,26	2,53
20,29	2,54
20,31	2,54
20,34	2,58
20,36	2,58
20,39	2,61
20,41	2,61
20,43	2,62
20,46	2,64
20,48	2,66
20,51	2,65
20,53	2,68
20,56	2,68
20,58	2,70
20,61	2,70
20,63	2,71
20,65	2,72
20,68	2,74
20,70	2,76
20,73	2,79
20,75	2,78
20,78	2,81
20,80	2,85
20,83	2,88
20,85	2,91
20,87	2,92
20,90	2,94
20,92	2,99
20,95	3,03
20,97	3,03
21,00	3,06
21,02	3,07
21,05	3,11
21,07	3,16
21,09	3,19
21,12	3,21
21,14	3,26
21,17	3,28
21,19	3,35
21,22	3,37
21,24	3,39
21,26	3,41
21,29	3,44
21,31	3,47
21,34	3,51
21,36	3,51
21,39	3,56
21,41	3,59
21,44	3,64
21,46	3,68
21,48	3,72
21,51	3,75
21,53	3,83
21,56	3,86
21,58	3,91
21,61	3,94
21,63	3,99
21,66	4,03
21,68	4,08
21,70	4,09
21,73	4,14
21,75	4,17
21,78	4,22
21,80	4,27
21,83	4,33
21,85	4,36
21,88	4,42
21,90	4,45
21,92	4,51
21,95	4,53
21,97	4,56
22,00	4,58
22,02	4,62
22,05	4,63
22,07	4,68
22,10	4,68
22,12	4,73
22,14	4,75
22,17	4,78
22,19	4,81
22,22	4,83
22,24	4,85
22,27	4,91
22,29	4,92
22,31	4,94
22,34	4,98
22,36	5,00
22,39	5,04
22,41	5,06
22,44	5,05
22,46	5,07
22,49	5,09
22,51	5,09
22,53	5,12
22,56	5,12
22,58	5,14
22,61	5,15
22,63	5,16
22,66	5,18
22,68	5,21
22,71	5,18
22,73	5,19
22,75	5,17
22,78	5,17
22,80	5,16
22,83	5,14
22,85	5,11
22,88	5,11
22,90	5,09
22,93	5,10
22,95	5,08
22,97	5,07
23,00	5,07
23,02	5,06
23,05	5,04
23,07	5,04
23,10	5,00
23,12	5,00
23,15	4,97
23,17	4,95
23,19	4,92
23,22	4,90
23,24	4,86
23,27	4,88
23,29	4,84
23,32	4,82
23,34	4,78
23,36	4,77
23,39	4,75
23,41	4,73
23,44	4,66
23,46	4,65
23,49	4,60
23,51	4,58
23,54	4,52
23,56	4,50
23,58	4,46
23,61	4,44
23,63	4,40
23,66	4,39
23,68	4,35
23,71	4,33
23,73	4,32
23,76	4,30
23,78	4,27
23,80	4,25
23,83	4,22
23,85	4,21
23,88	4,18
23,90	4,13
23,93	4,10
23,95	4,07
23,98	4,03
24,00	4,03
24,02	4,01
24,05	3,99
24,07	3,98
24,10	3,96
24,12	3,96
24,15	3,95
24,17	3,92
24,20	3,91
24,22	3,88
24,24	3,85
24,27	3,84
24,29	3,80
24,32	3,79
24,34	3,77
24,37	3,75
24,39	3,74
24,42	3,73
24,44	3,71
24,46	3,74
24,49	3,72
24,51	3,74
24,54	3,73
24,56	3,74
24,59	3,73
24,61	3,75
24,63	3,71
24,66	3,72
24,68	3,70
24,71	3,71
24,73	3,73
24,76	3,75
24,78	3,75
24,81	3,79
24,83	3,78
24,85	3,83
24,88	3,83
24,90	3,83
24,93	3,83
24,95	3,84
24,98	3,83
25,00	3,87
25,03	3,85
25,05	3,89
25,07	3,89
25,10	3,92
25,12	3,95
25,15	3,99
25,17	4,00
25,20	4,06
25,22	4,07
25,25	4,12
25,27	4,14
25,29	4,18
25,32	4,21
25,34	4,26
25,37	4,26
25,39	4,31
25,42	4,33
25,44	4,37
25,47	4,43
25,49	4,47
25,51	4,49
25,54	4,54
25,56	4,57
25,59	4,65
25,61	4,68
25,64	4,71
25,66	4,75
25,68	4,79
25,71	4,85
25,73	4,91
25,76	4,94
25,78	5,00
25,81	5,04
25,83	5,09
25,86	5,17
25,88	5,22
25,90	5,28
25,93	5,34
25,95	5,42
25,98	5,48
26,00	5,57
26,03	5,61
26,05	5,69
26,08	5,74
26,10	5,81
26,12	5,86
26,15	5,92
26,17	5,96
26,20	6,06
26,22	6,10
26,25	6,19
26,27	6,24
26,30	6,33
26,32	6,42
26,34	6,51
26,37	6,56
26,39	6,65
26,42	6,70
26,44	6,77
26,47	6,83
26,49	6,89
26,52	6,95
26,54	7,03
26,56	7,07
26,59	7,17
26,61	7,22
26,64	7,31
26,66	7,39
26,69	7,47
26,71	7,53
26,73	7,61
26,76	7,66
26,78	7,74
26,81	7,80
26,83	7,84
26,86	7,90
26,88	7,95
26,91	8,00
26,93	8,06
26,95	8,09
26,98	8,14
27,00	8,18
27,03	8,23
27,05	8,30
27,08	8,34
27,10	8,37
27,13	8,43
27,15	8,45
27,17	8,49
27,20	8,51
27,22	8,50
27,25	8,52
27,27	8,53
27,30	8,54
27,32	8,55
27,35	8,55
27,37	8,56
27,39	8,60
27,42	8,60
27,44	8,60
27,47	8,59
27,49	8,59
27,52	8,58
27,54	8,58
27,57	8,53
27,59	8,53
27,61	8,48
27,64	8,46
27,66	8,44
27,69	8,41
27,71	8,37
27,74	8,35
27,76	8,29
27,78	8,30
27,81	8,24
27,83	8,21
27,86	8,16
27,88	8,10
27,91	8,03
27,93	7,99
27,96	7,91
27,98	7,88
28,00	7,80
28,03	7,77
28,05	7,71
28,08	7,67
28,10	7,59
28,13	7,56
28,15	7,47
28,18	7,43
28,20	7,33
28,22	7,29
28,25	7,21
28,27	7,17
28,30	7,07
28,32	7,03
28,35	6,94
28,37	6,91
28,40	6,83
28,42	6,79
28,44	6,72
28,47	6,67
28,49	6,59
28,52	6,58
28,54	6,50
28,57	6,45
28,59	6,38
28,62	6,33
28,64	6,28
28,66	6,24
28,69	6,17
28,71	6,13
28,74	6,06
28,76	6,02
28,79	5,99
28,81	5,95
28,84	5,90
28,86	5,87
28,88	5,82
28,91	5,81
28,93	5,78
28,96	5,76
28,98	5,73
29,01	5,70
29,03	5,65
29,05	5,63
29,08	5,58
29,10	5,55
29,13	5,54
29,15	5,51
29,18	5,49
29,20	5,48
29,23	5,48
29,25	5,50
29,27	5,50
29,30	5,48
29,32	5,49
29,35	5,46
29,37	5,48
29,40	5,47
29,42	5,46
29,45	5,45
29,47	5,47
29,49	5,46
29,52	5,52
29,54	5,51
29,57	5,54
29,59	5,56
29,62	5,60
29,64	5,62
29,67	5,65
29,69	5,65
29,71	5,70
29,74	5,71
29,76	5,74
29,79	5,77
29,81	5,81
29,84	5,83
29,86	5,89
29,89	5,91
29,91	5,98
29,93	6,01
29,96	6,06
29,98	6,13
30,01	6,19
30,03	6,22
30,06	6,28
30,08	6,30
30,10	6,36
30,13	6,42
30,15	6,46
30,18	6,52
30,20	6,59
30,23	6,64
30,25	6,75
30,28	6,81
30,30	6,87
30,32	6,92
30,35	7,00
30,37	7,08
30,40	7,16
30,42	7,21
30,45	7,29
30,47	7,38
30,50	7,48
30,52	7,58
30,54	7,64
30,57	7,73
30,59	7,83
30,62	7,93
30,64	8,02
30,67	8,12
30,69	8,17
30,72	8,31
30,74	8,38
30,76	8,49
30,79	8,57
30,81	8,66
30,84	8,74
30,86	8,83
30,89	8,90
30,91	9,04
30,94	9,12
30,96	9,24
30,98	9,35
31,01	9,47
31,03	9,59
31,06	9,72
31,08	9,79
31,11	9,92
31,13	10,00
31,15	10,12
31,18	10,22
31,20	10,36
31,23	10,44
31,25	10,58
31,28	10,67
31,30	10,80
31,33	10,91
31,35	11,03
31,37	11,11
31,40	11,24
31,42	11,32
31,45	11,48
31,47	11,56
31,50	11,67
31,52	11,77
31,55	11,89
31,57	11,99
31,59	12,13
31,62	12,20
31,64	12,31
31,67	12,39
31,69	12,49
31,72	12,58
31,74	12,66
31,77	12,71
31,79	12,79
31,81	12,85
31,84	12,93
31,86	12,99
31,89	13,04
31,91	13,11
31,94	13,18
31,96	13,22
31,99	13,29
32,01	13,32
32,03	13,35
32,06	13,38
32,08	13,39
32,11	13,41
32,13	13,41
32,16	13,40
32,18	13,44
32,20	13,44
32,23	13,42
32,25	13,42
32,28	13,41
32,30	13,40
32,33	13,39
32,35	13,34
32,38	13,29
32,40	13,26
32,42	13,22
32,45	13,20
32,47	13,15
32,50	13,11
32,52	13,06
32,55	13,02
32,57	12,97
32,60	12,91
32,62	12,82
32,64	12,76
32,67	12,67
32,69	12,58
32,72	12,50
32,74	12,41
32,77	12,33
32,79	12,27
32,82	12,16
32,84	12,08
32,86	11,98
32,89	11,89
32,91	11,79
32,94	11,70
32,96	11,55
32,99	11,46
33,01	11,33
33,04	11,24
33,06	11,10
33,08	11,01
33,11	10,88
33,13	10,79
33,16	10,66
33,18	10,61
33,21	10,48
33,23	10,40
33,26	10,28
33,28	10,20
33,30	10,09
33,33	10,01
33,35	9,87
33,38	9,79
33,40	9,68
33,43	9,61
33,45	9,51
33,47	9,43
33,50	9,33
33,52	9,27
33,55	9,19
33,57	9,13
33,60	9,04
33,62	8,96
33,65	8,89
33,67	8,82
33,69	8,74
33,72	8,68
33,74	8,60
33,77	8,55
33,79	8,49
33,82	8,45
33,84	8,42
33,87	8,36
33,89	8,33
33,91	8,31
33,94	8,27
33,96	8,24
33,99	8,22
34,01	8,20
34,04	8,20
34,06	8,17
34,09	8,15
34,11	8,15
34,13	8,15
34,16	8,14
34,18	8,17
34,21	8,15
34,23	8,17
34,26	8,17
34,28	8,19
34,31	8,20
34,33	8,23
34,35	8,22
34,38	8,27
34,40	8,28
34,43	8,33
34,45	8,35
34,48	8,40
34,50	8,41
34,52	8,48
34,55	8,51
34,57	8,58
34,60	8,59
34,62	8,66
34,65	8,71
34,67	8,80
34,70	8,85
34,72	8,94
34,74	8,99
34,77	9,10
34,79	9,18
34,82	9,27
34,84	9,34
34,87	9,42
34,89	9,48
34,92	9,59
34,94	9,66
34,96	9,75
34,99	9,82
35,01	9,93
35,04	10,04
35,06	10,15
35,09	10,22
35,11	10,36
35,14	10,46
35,16	10,58
35,18	10,67
35,21	10,77
35,23	10,87
35,26	10,99
35,28	11,09
35,31	11,20
35,33	11,29
35,36	11,41
35,38	11,55
35,40	11,68
35,43	11,84
35,45	11,97
35,48	12,10
35,50	12,25
35,53	12,43
35,55	12,52
35,57	12,67
35,60	12,75
35,62	12,89
35,65	13,03
35,67	13,17
35,70	13,28
35,72	13,46
35,75	13,57
35,77	13,76
35,79	13,88
35,82	14,05
35,84	14,19
35,87	14,35
35,89	14,45
35,92	14,63
35,94	14,74
35,97	14,92
35,99	15,03
36,01	15,19
36,04	15,31
36,06	15,50
36,09	15,63
36,11	15,83
36,14	15,98
36,16	16,16
36,19	16,32
36,21	16,51
36,23	16,64
36,26	16,80
36,28	16,90
36,31	17,04
36,33	17,16
36,36	17,30
36,38	17,44
36,41	17,60
36,43	17,73
36,45	17,90
36,48	18,05
36,50	18,22
36,53	18,33
36,55	18,46
36,58	18,58
36,60	18,70
36,62	18,78
36,65	18,88
36,67	18,95
36,70	19,06
36,72	19,12
36,75	19,20
36,77	19,30
36,80	19,38
36,82	19,45
36,84	19,54
36,87	19,58
36,89	19,64
36,92	19,68
36,94	19,71
36,97	19,75
36,99	19,76
37,02	19,76
37,04	19,75
37,06	19,76
37,09	19,76
37,11	19,79
37,14	19,75
37,16	19,73
37,19	19,70
37,21	19,70
37,24	19,68
37,26	19,64
37,28	19,56
37,31	19,53
37,33	19,46
37,36	19,41
37,38	19,34
37,41	19,25
37,43	19,16
37,46	19,08
37,48	18,98
37,50	18,91
37,53	18,80
37,55	18,70
37,58	18,60
37,60	18,49
37,63	18,37
37,65	18,28
37,68	18,14
37,70	18,03
37,72	17,88
37,75	17,75
37,77	17,61
37,80	17,48
37,82	17,31
37,85	17,20
37,87	17,02
37,89	16,89
37,92	16,71
37,94	16,57
37,97	16,41
37,99	16,28
38,02	16,09
38,04	15,98
38,07	15,80
38,09	15,67
38,11	15,50
38,14	15,36
38,16	15,17
38,19	15,02
38,21	14,82
38,24	14,70
38,26	14,52
38,29	14,38
38,31	14,24
38,33	14,13
38,36	13,99
38,38	13,88
38,41	13,74
38,43	13,64
38,46	13,52
38,48	13,40
38,51	13,28
38,53	13,16
38,55	13,03
38,58	12,95
38,60	12,84
38,63	12,76
38,65	12,67
38,68	12,58
38,70	12,53
38,73	12,49
38,75	12,42
38,77	12,36
38,80	12,29
38,82	12,24
38,85	12,20
38,87	12,13
38,90	12,10
38,92	12,05
38,94	12,04
38,97	12,02
38,99	12,01
39,02	11,99
39,04	12,03
39,07	12,01
39,09	12,03
39,12	12,02
39,14	12,04
39,16	12,03
39,19	12,07
39,21	12,05
39,24	12,10
39,26	12,11
39,29	12,17
39,31	12,23
39,34	12,30
39,36	12,35
39,38	12,43
39,41	12,47
39,43	12,57
39,46	12,61
39,48	12,66
39,51	12,71
39,53	12,77
39,56	12,84
39,58	12,94
39,60	13,00
39,63	13,11
39,65	13,20
39,68	13,32
39,70	13,44
39,73	13,55
39,75	13,65
39,78	13,78
39,80	13,87
39,82	14,00
39,85	14,11
39,87	14,24
39,90	14,35
39,92	14,49
39,95	14,61
39,97	14,76
39,99	14,89
40,02	15,04
40,04	15,20
40,07	15,34
40,09	15,47
40,12	15,61
40,14	15,74
40,17	15,92
40,19	16,05
40,21	16,17
40,24	16,35
40,26	16,49
40,29	16,67
40,31	16,84
40,34	17,02
40,36	17,20
40,39	17,38
40,41	17,55
40,43	17,75
40,46	17,90
40,48	18,09
40,51	18,25
40,53	18,42
40,56	18,57
40,58	18,77
40,61	18,92
40,63	19,15
40,65	19,32
40,68	19,51
40,70	19,72
40,73	19,94
40,75	20,13
40,78	20,33
40,80	20,49
40,83	20,71
40,85	20,87
40,87	21,07
40,90	21,26
40,92	21,46
40,95	21,67
40,97	21,92
41,00	22,09
41,02	22,33
41,05	22,51
41,07	22,71
41,09	22,92
41,12	23,10
41,14	23,24
41,17	23,43
41,19	23,57
41,22	23,75
41,24	23,95
41,26	24,11
41,29	24,30
41,31	24,49
41,34	24,64
41,36	24,84
41,39	25,02
41,41	25,18
41,44	25,36
41,46	25,52
41,48	25,66
41,51	25,82
41,53	25,95
41,56	26,10
41,58	26,22
41,61	26,33
41,63	26,45
41,66	26,57
41,68	26,66
41,70	26,79
41,73	26,83
41,75	26,92
41,78	26,99
41,80	27,05
41,83	27,10
41,85	27,17
41,88	27,21
41,90	27,28
41,92	27,31
41,95	27,33
41,97	27,39
42,00	27,41
42,02	27,42
42,05	27,42
42,07	27,42
42,10	27,41
42,12	27,41
42,14	27,35
42,17	27,32
42,19	27,28
42,22	27,24
42,24	27,19
42,27	27,13
42,29	27,05
42,31	26,99
42,34	26,91
42,36	26,85
42,39	26,75
42,41	26,67
42,44	26,55
42,46	26,43
42,49	26,29
42,51	26,19
42,53	26,04
42,56	25,93
42,58	25,78
42,61	25,67
42,63	25,54
42,66	25,41
42,68	25,23
42,71	25,12
42,73	24,92
42,75	24,77
42,78	24,56
42,80	24,38
42,83	24,17
42,85	24,00
42,88	23,78
42,90	23,64
42,93	23,43
42,95	23,29
42,97	23,11
43,00	22,96
43,02	22,76
43,05	22,58
43,07	22,36
43,10	22,23
43,12	21,99
43,15	21,80
43,17	21,57
43,19	21,36
43,22	21,17
43,24	21,00
43,27	20,78
43,29	20,64
43,32	20,46
43,34	20,32
43,36	20,19
43,39	20,04
43,41	19,87
43,44	19,73
43,46	19,55
43,49	19,42
43,51	19,27
43,54	19,12
43,56	19,00
43,58	18,88
43,61	18,75
43,63	18,67
43,66	18,54
43,68	18,46
43,71	18,37
43,73	18,27
43,76	18,19
43,78	18,10
43,80	18,03
43,83	18,00
43,85	17,94
43,88	17,89
43,90	17,86
43,93	17,78
43,95	17,77
43,98	17,74
44,00	17,71
44,02	17,68
44,05	17,68
44,07	17,66
44,10	17,72
44,12	17,72
44,15	17,75
44,17	17,76
44,20	17,82
44,22	17,85
44,24	17,91
44,27	17,93
44,29	18,00
44,32	18,04
44,34	18,13
44,37	18,18
44,39	18,25
44,41	18,31
44,44	18,43
44,46	18,51
44,49	18,62
44,51	18,71
44,54	18,82
44,56	18,96
44,59	19,09
44,61	19,17
44,63	19,30
44,66	19,39
44,68	19,53
44,71	19,64
44,73	19,77
44,76	19,89
44,78	20,05
44,81	20,19
44,83	20,38
44,85	20,55
44,88	20,74
44,90	20,92
44,93	21,11
44,95	21,29
44,98	21,47
45,00	21,63
45,03	21,80
45,05	21,97
45,07	22,13
45,10	22,32
45,12	22,50
45,15	22,69
45,17	22,90
45,20	23,11
45,22	23,33
45,25	23,57
45,27	23,76
45,29	24,03
45,32	24,21
45,34	24,44
45,37	24,63
45,39	24,81
45,42	24,98
45,44	25,20
45,47	25,36
45,49	25,64
45,51	25,83
45,54	26,07
45,56	26,29
45,59	26,57
45,61	26,80
45,64	27,09
45,66	27,27
45,68	27,52
45,71	27,73
45,73	27,98
45,76	28,16
45,78	28,40
45,81	28,58
45,83	28,86
45,86	29,08
45,88	29,36
45,90	29,60
45,93	29,86
45,95	30,10
45,98	30,37
46,00	30,58
46,03	30,83
46,05	31,01
46,08	31,22
46,10	31,43
46,12	31,65
46,15	31,86
46,17	32,10
46,20	32,31
46,22	32,57
46,25	32,79
46,27	33,03
46,30	33,26
46,32	33,49
46,34	33,68
46,37	33,89
46,39	34,06
46,42	34,24
46,44	34,41
46,47	34,56
46,49	34,70
46,52	34,86
46,54	35,01
46,56	35,19
46,59	35,33
46,61	35,49
46,64	35,64
46,66	35,77
46,69	35,89
46,71	35,99
46,73	36,07
46,76	36,20
46,78	36,28
46,81	36,37
46,83	36,47
46,86	36,55
46,88	36,66
46,91	36,75
46,93	36,82
46,95	36,87
46,98	36,90
47,00	36,94
47,03	37,01
47,05	37,04
47,08	37,07
47,10	37,09
47,13	37,10
47,15	37,13
47,17	37,13
47,20	37,09
47,22	37,08
47,25	37,02
47,27	37,00
47,30	36,97
47,32	36,92
47,35	36,88
47,37	36,85
47,39	36,77
47,42	36,71
47,44	36,61
47,47	36,52
47,49	36,42
47,52	36,32
47,54	36,18
47,57	36,09
47,59	35,92
47,61	35,82
47,64	35,68
47,66	35,55
47,69	35,34
47,71	35,16
47,74	34,97
47,76	34,85
47,78	34,66
47,81	34,50
47,83	34,29
47,86	34,15
47,88	33,95
47,91	33,77
47,93	33,53
47,96	33,32
47,98	33,09
48,00	32,88
48,03	32,65
48,05	32,42
48,08	32,15
48,10	31,93
48,13	31,71
48,15	31,52
48,18	31,29
48,20	31,06
48,22	30,85
48,25	30,64
48,27	30,41
48,30	30,19
48,32	29,93
48,35	29,70
48,37	29,46
48,40	29,23
48,42	29,03
48,44	28,82
48,47	28,62
48,49	28,44
48,52	28,27
48,54	28,10
48,57	27,98
48,59	27,83
48,62	27,68
48,64	27,50
48,66	27,33
48,69	27,17
48,71	27,03
48,74	26,87
48,76	26,77
48,79	26,64
48,81	26,57
48,84	26,49
48,86	26,41
48,88	26,34
48,91	26,27
48,93	26,18
48,96	26,14
48,98	26,07
49,01	26,03
49,03	25,99
49,05	25,97
49,08	25,98
49,10	25,98
49,13	25,97
49,15	25,99
49,18	25,97
49,20	26,01
49,23	26,03
49,25	26,04
49,27	26,07
49,30	26,14
49,32	26,18
49,35	26,30
49,37	26,34
49,40	26,43
49,42	26,50
49,45	26,59
49,47	26,67
49,49	26,77
49,52	26,84
49,54	26,98
49,57	27,09
49,59	27,23
49,62	27,37
49,64	27,50
49,67	27,65
49,69	27,82
49,71	27,96
49,74	28,14
49,76	28,30
49,79	28,46
49,81	28,67
49,84	28,83
49,86	29,00
49,89	29,19
49,91	29,33
49,93	29,51
49,96	29,70
49,98	29,86
50,01	30,08
50,03	30,29
50,06	30,51
50,08	30,75
50,10	30,99
50,13	31,23
50,15	31,48
50,18	31,72
50,20	31,96
50,23	32,19
50,25	32,41
50,28	32,65
50,30	32,87
50,32	33,10
50,35	33,35
50,37	33,58
50,40	33,84
50,42	34,12
50,45	34,40
50,47	34,68
50,50	34,99
50,52	35,24
50,54	35,52
50,57	35,74
50,59	36,02
50,62	36,26
50,64	36,51
50,67	36,73
50,69	37,02
50,72	37,29
50,74	37,64
50,76	37,90
50,79	38,22
50,81	38,49
50,84	38,79
50,86	39,06
50,89	39,37
50,91	39,59
50,94	39,87
50,96	40,09
50,98	40,40
51,01	40,66
51,03	40,92
51,06	41,17
51,08	41,48
51,11	41,72
51,13	42,04
51,15	42,30
51,18	42,58
51,20	42,84
51,23	43,12
51,25	43,34
51,28	43,66
51,30	43,88
51,33	44,09
51,35	44,30
51,37	44,52
51,40	44,74
51,42	44,98
51,45	45,17
51,47	45,41
51,50	45,63
51,52	45,90
51,55	46,15
51,57	46,35
51,59	46,56
51,62	46,75
51,64	46,91
51,67	47,11
51,69	47,25
51,72	47,38
51,74	47,53
51,77	47,70
51,79	47,87
51,81	48,04
51,84	48,16
51,86	48,28
51,89	48,44
51,91	48,56
51,94	48,67
51,96	48,80
51,99	48,90
52,01	49,02
52,03	49,12
52,06	49,18
52,08	49,25
52,11	49,30
52,13	49,34
52,16	49,38
52,18	49,40
52,20	49,41
52,23	49,44
52,25	49,44
52,28	49,47
52,30	49,47
52,33	49,45
52,35	49,44
52,38	49,44
52,40	49,43
52,42	49,41
52,45	49,36
52,47	49,33
52,50	49,29
52,52	49,24
52,55	49,17
52,57	49,06
52,60	48,94
52,62	48,85
52,64	48,74
52,67	48,64
52,69	48,50
52,72	48,38
52,74	48,25
52,77	48,14
52,79	47,93
52,82	47,74
52,84	47,51
52,86	47,36
52,89	47,14
52,91	46,96
52,94	46,72
52,96	46,54
52,99	46,32
53,01	46,15
53,04	45,93
53,06	45,75
53,08	45,49
53,11	45,29
53,13	45,07
53,16	44,85
53,18	44,54
53,21	44,29
53,23	44,01
53,26	43,79
53,28	43,51
53,30	43,23
53,33	42,99
53,35	42,80
53,38	42,57
53,40	42,38
53,43	42,14
53,45	41,92
53,47	41,71
53,50	41,49
53,52	41,24
53,55	41,01
53,57	40,76
53,60	40,54
53,62	40,31
53,65	40,10
53,67	39,90
53,69	39,70
53,72	39,52
53,74	39,38
53,77	39,21
53,79	39,07
53,82	38,96
53,84	38,84
53,87	38,74
53,89	38,59
53,91	38,43
53,94	38,31
53,96	38,22
53,99	38,11
54,01	38,05
54,04	37,94
54,06	37,90
54,09	37,84
54,11	37,82
54,13	37,76
54,16	37,73
54,18	37,66
54,21	37,68
54,23	37,64
54,26	37,64
54,28	37,64
54,31	37,65
54,33	37,66
54,35	37,73
54,38	37,73
54,40	37,80
54,43	37,82
54,45	37,92
54,48	38,01
54,50	38,12
54,52	38,19
54,55	38,35
54,57	38,45
54,60	38,64
54,62	38,75
54,65	38,88
54,67	38,99
54,70	39,14
54,72	39,26
54,74	39,44
54,77	39,56
54,79	39,74
54,82	39,91
54,84	40,10
54,87	40,28
54,89	40,51
54,92	40,72
54,94	40,95
54,96	41,15
54,99	41,38
55,01	41,61
55,04	41,84
55,06	42,10
55,09	42,32
55,11	42,53
55,14	42,75
55,16	42,97
55,18	43,19
55,21	43,46
55,23	43,68
55,26	43,96
55,28	44,25
55,31	44,56
55,33	44,84
55,36	45,17
55,38	45,46
55,40	45,80
55,43	46,03
55,45	46,30
55,48	46,56
55,50	46,89
55,53	47,12
55,55	47,43
55,57	47,65
55,60	48,04
55,62	48,36
55,65	48,73
55,67	49,02
55,70	49,32
55,72	49,53
55,75	49,75
55,77	49,85
55,79	49,96
55,82	49,98
55,84	50,00
55,87	50,00
55,89	50,00
55,92	50,00
55,94	50,00
55,97	50,00
55,99	50,00
56,01	50,00
56,04	50,00
56,06	50,00
56,09	50,00
56,11	50,00
56,14	50,00
56,16	50,00
56,19	50,00
56,21	50,00
56,23	50,00
56,26	50,00
56,28	50,00
56,31	50,00
56,33	50,00
56,36	50,00
56,38	50,00
56,41	50,00
56,43	50,00
56,45	50,00
56,48	50,00
56,50	50,00
56,53	50,00
56,55	50,00
56,58	50,00
56,60	50,00
56,62	50,00
56,65	50,00
56,67	50,00
56,70	50,00
56,72	50,00
56,75	50,00
56,77	50,00
56,80	50,00
56,82	50,00
56,84	50,00
56,87	50,00
56,89	50,00
56,92	50,00
56,94	50,00
56,97	50,00
56,99	50,00
57,02	50,00
57,04	50,00
57,06	50,00
57,09	50,00
57,11	50,00
57,14	50,00
57,16	50,00
57,19	50,00
57,21	50,00
57,24	50,00
57,26	50,00
57,28	50,00
57,31	50,00
57,33	50,00
57,36	50,00
57,38	50,00
57,41	50,00
57,43	50,00
57,46	50,00
57,48	50,00
57,50	50,00
57,53	50,00
57,55	50,00
57,58	50,00
57,60	50,00
57,63	50,00
57,65	50,00
57,68	50,00
57,70	50,00
57,72	50,00
57,75	50,00
57,77	50,00
57,80	50,00
57,82	50,00
57,85	50,00
57,87	50,00
57,89	50,00
57,92	50,00
57,94	50,00
57,97	50,00
57,99	50,00
58,02	50,00
58,04	50,00
58,07	50,00
58,09	50,00
58,11	50,00
58,14	50,00
58,16	50,00
58,19	50,00
58,21	50,00
58,24	50,00
58,26	50,00
58,29	50,00
58,31	50,00
58,33	50,00
58,36	50,00
58,38	50,00
58,41	50,00
58,43	50,00
58,46	50,00
58,48	50,00
58,51	50,00
58,53	50,00
58,55	50,00
58,58	50,00
58,60	50,00
58,63	50,00
58,65	50,00
58,68	50,00
58,70	50,00
58,73	50,00
58,75	50,00
58,77	50,00
58,80	50,00
58,82	50,00
58,85	50,00
58,87	50,00
58,90	50,00
58,92	50,00
58,94	50,00
58,97	50,00
58,99	50,00
59,02	50,00
59,04	50,00
59,07	50,00
59,09	50,00
59,12	50,00
59,14	50,00
59,16	50,00
59,19	50,00
59,21	50,00
59,24	50,00
59,26	50,00
59,29	50,00
59,31	50,00
59,34	50,00
59,36	50,00
59,38	50,00
59,41	50,00
59,43	50,00
59,46	50,00
59,48	50,00
59,51	50,00
59,53	50,00
59,56	50,00
59,58	50,00
59,60	50,00
59,63	50,00
59,65	50,00
59,68	50,00
59,70	50,00
59,73	50,00
59,75	50,00
59,78	50,00
59,80	50,00
59,82	50,00
59,85	50,00
59,87	50,00
59,90	50,00
59,92	50,00
59,95	50,00
59,97	50,00
59,99	50,00
