U1/V	IA/nA
0,02	0,50
0,04	0,51
0,07	0,49
0,09	0,49
0,12	0,48
0,14	0,49
0,17	0,48
0,19	0,48
0,21	0,45
0,24	0,48
0,26	0,45
0,29	0,46
0,31	0,44
0,34	0,45
0,36	0,44
0,39	0,44
0,41	0,43
0,43	0,46
0,46	0,45
0,48	0,47
0,51	0,47
0,53	0,48
0,56	0,48
0,58	0,49
0,61	0,45
0,63	0,47
0,65	0,45
0,68	0,46
0,70	0,47
0,73	0,48
0,75	0,47
0,78	0,49
0,80	0,48
0,83	0,50
0,85	0,50
0,87	0,49
0,90	0,47
0,92	0,47
0,95	0,48
0,97	0,48
1,00	0,47
1,02	0,47
1,05	0,46
1,07	0,46
1,09	0,47
1,12	0,45
1,14	0,45
1,17	0,45
1,19	0,45
1,22	0,45
1,24	0,47
1,26	0,46
1,29	0,49
1,31	0,47
1,34	0,47
1,36	0,46
1,39	0,47
1,41	0,46
1,44	0,49
1,46	0,47
1,48	0,50
1,51	0,48
1,53	0,50
1,56	0,50
1,58	0,52
1,61	0,48
1,63	0,50
1,66	0,47
1,68	0,49
1,70	0,47
1,73	0,47
1,75	0,44
1,78	0,46
1,80	0,44
1,83	0,47
1,85	0,43
1,88	0,45
1,90	0,45
1,92	0,47
1,95	0,46
1,97	0,48
2,00	0,46
2,02	0,49
2,05	0,48
2,07	0,48
2,10	0,47
2,12	0,48
2,14	0,46
2,17	0,50
2,19	0,48
2,22	0,49
2,24	0,48
2,27	0,49
2,29	0,49
2,31	0,51
2,34	0,48
2,36	0,50
2,39	0,49
2,41	0,48
2,44	0,48
2,46	0,47
2,49	0,46
2,51	0,46
2,53	0,46
2,56	0,46
2,58	0,45
2,61	0,45
2,63	0,47
2,66	0,47
2,68	0,47
2,71	0,46
2,73	0,47
2,75	0,48
2,78	0,49
2,80	0,48
2,83	0,48
2,85	0,47
2,88	0,47
2,90	0,48
2,93	0,48
2,95	0,47
2,97	0,49
3,00	0,47
3,02	0,50
3,05	0,50
3,07	0,49
3,10	0,48
3,12	0,49
3,15	0,46
3,17	0,47
3,19	0,44
3,22	0,45
3,24	0,44
3,27	0,45
3,29	0,45
3,32	0,46
3,34	0,45
3,36	0,50
3,39	0,47
3,41	0,49
3,44	0,47
3,46	0,49
3,49	0,47
3,51	0,49
3,54	0,45
3,56	0,47
3,58	0,44
3,61	0,46
3,63	0,46
3,66	0,48
3,68	0,46
3,71	0,49
3,73	0,48
3,76	0,52
3,78	0,50
3,80	0,49
3,83	0,48
3,85	0,47
3,88	0,46
3,90	0,47
3,93	0,45
3,95	0,46
3,98	0,45
4,00	0,46
4,02	0,48
4,05	0,49
4,07	0,48
4,10	0,49
4,12	0,48
4,15	0,49
4,17	0,49
4,20	0,49
4,22	0,49
4,24	0,49
4,27	0,46
4,29	0,47
4,32	0,47
4,34	0,47
4,37	0,48
4,39	0,47
4,42	0,48
4,44	0,47
4,46	0,48
4,49	0,50
4,51	0,51
4,54	0,48
4,56	0,49
4,59	0,48
4,61	0,50
4,63	0,48
4,66	0,47
4,68	0,46
4,71	0,47
4,73	0,44
4,76	0,48
4,78	0,46
4,81	0,48
4,83	0,49
4,85	0,51
4,88	0,49
4,90	0,51
4,93	0,49
4,95	0,51
4,98	0,49
5,00	0,49
5,03	0,48
5,05	0,50
5,07	0,48
5,10	0,52
5,12	0,50
5,15	0,51
5,17	0,50
5,20	0,51
5,22	0,51
5,25	0,53
5,27	0,48
5,29	0,50
5,32	0,48
5,34	0,49
5,37	0,47
5,39	0,47
5,42	0,46
5,44	0,47
5,47	0,45
5,49	0,48
5,51	0,47
5,54	0,48
5,56	0,49
5,59	0,51
5,61	0,50
5,64	0,51
5,66	0,49
5,68	0,51
5,71	0,50
5,73	0,48
5,76	0,48
5,78	0,47
5,81	0,46
5,83	0,48
5,86	0,48
5,88	0,50
5,90	0,50
5,93	0,49
5,95	0,51
5,98	0,51
6,00	0,51
6,03	0,51
6,05	0,49
6,08	0,49
6,10	0,49
6,12	0,47
6,15	0,49
6,17	0,47
6,20	0,47
6,22	0,48
6,25	0,48
6,27	0,47
6,30	0,51
6,32	0,50
6,34	0,52
6,37	0,52
6,39	0,52
6,42	0,51
6,44	0,54
6,47	0,50
6,49	0,53
6,52	0,49
6,54	0,50
6,56	0,49
6,59	0,51
6,61	0,50
6,64	0,51
6,66	0,49
6,69	0,54
6,71	0,52
6,73	0,54
6,76	0,52
6,78	0,51
6,81	0,49
6,83	0,51
6,86	0,48
6,88	0,51
6,91	0,49
6,93	0,51
6,95	0,52
6,98	0,54
7,00	0,53
7,03	0,56
7,05	0,54
7,08	0,56
7,10	0,54
7,13	0,56
7,15	0,55
7,17	0,57
7,20	0,54
7,22	0,56
7,25	0,54
7,27	0,55
7,30	0,54
7,32	0,55
7,35	0,54
7,37	0,56
7,39	0,55
7,42	0,59
7,44	0,59
7,47	0,59
7,49	0,59
7,52	0,57
7,54	0,58
7,57	0,58
7,59	0,56
7,61	0,56
7,64	0,55
7,66	0,54
7,69	0,57
7,71	0,56
7,74	0,56
7,76	0,58
7,78	0,58
7,81	0,59
7,83	0,62
7,86	0,61
7,88	0,62
7,91	0,61
7,93	0,59
7,96	0,60
7,98	0,60
8,00	0,58
8,03	0,59
8,05	0,57
8,08	0,60
8,10	0,60
8,13	0,61
8,15	0,63
8,18	0,65
8,20	0,64
8,22	0,66
8,25	0,61
8,27	0,63
8,30	0,62
8,32	0,61
8,35	0,60
8,37	0,62
8,40	0,60
8,42	0,66
8,44	0,64
8,47	0,65
8,49	0,65
8,52	0,67
8,54	0,66
8,57	0,68
8,59	0,65
8,62	0,67
8,64	0,66
8,66	0,67
8,69	0,67
8,71	0,67
8,74	0,65
8,76	0,67
8,79	0,66
8,81	0,68
8,84	0,66
8,86	0,66
8,88	0,68
8,91	0,69
8,93	0,68
8,96	0,71
8,98	0,69
9,01	0,70
9,03	0,69
9,05	0,68
9,08	0,69
9,10	0,68
9,13	0,67
9,15	0,69
9,18	0,68
9,20	0,68
9,23	0,69
9,25	0,70
9,27	0,73
9,30	0,73
9,32	0,73
9,35	0,74
9,37	0,76
9,40	0,75
9,42	0,75
9,45	0,73
9,47	0,75
9,49	0,74
9,52	0,76
9,54	0,75
9,57	0,77
9,59	0,76
9,62	0,81
9,64	0,79
9,67	0,80
9,69	0,79
9,71	0,77
9,74	0,74
9,76	0,76
9,79	0,73
9,81	0,74
9,84	0,73
9,86	0,74
9,89	0,76
9,91	0,78
9,93	0,76
9,96	0,80
9,98	0,78
10,01	0,81
10,03	0,79
10,06	0,81
10,08	0,80
10,10	0,83
10,13	0,80
10,15	0,83
10,18	0,80
10,20	0,82
10,23	0,80
10,25	0,82
10,28	0,81
10,30	0,83
10,32	0,81
10,35	0,87
10,37	0,86
10,40	0,88
10,42	0,86
10,45	0,86
10,47	0,85
10,50	0,86
10,52	0,83
10,54	0,85
10,57	0,82
10,59	0,83
10,62	0,84
10,64	0,86
10,67	0,85
10,69	0,86
10,72	0,84
10,74	0,87
10,76	0,87
10,79	0,88
10,81	0,89
10,84	0,89
10,86	0,89
10,89	0,91
10,91	0,90
10,94	0,89
10,96	0,89
10,98	0,88
11,01	0,88
11,03	0,89
11,06	0,89
11,08	0,92
11,11	0,94
11,13	0,93
11,15	0,95
11,18	0,94
11,20	0,96
11,23	0,95
11,25	0,94
11,28	0,93
11,30	0,93
11,33	0,92
11,35	0,95
11,37	0,94
11,40	0,96
11,42	0,95
11,45	0,97
11,47	0,97
11,50	0,99
11,52	0,97
11,55	0,99
11,57	0,98
11,59	1,00
11,62	1,00
11,64	1,00
11,67	0,99
11,69	1,03
11,72	1,02
11,74	1,04
11,77	1,02
11,79	1,03
11,81	1,04
11,84	1,05
11,86	1,02
11,89	1,05
11,91	1,03
11,94	1,06
11,96	1,05
11,99	1,07
12,01	1,08
12,03	1,08
12,06	1,07
12,08	1,10
12,11	1,09
12,13	1,09
12,16	1,09
12,18	1,11
12,21	1,11
12,23	1,13
12,25	1,11
12,28	1,14
12,30	1,14
12,33	1,15
12,35	1,17
12,38	1,17
12,40	1,16
12,42	1,17
12,45	1,17
12,47	1,19
12,50	1,20
12,52	1,18
12,55	1,21
12,57	1,21
12,60	1,22
12,62	1,22
12,64	1,22
12,67	1,22
12,69	1,23
12,72	1,23
12,74	1,26
12,77	1,25
12,79	1,26
12,82	1,27
12,84	1,29
12,86	1,29
12,89	1,32
12,91	1,31
12,94	1,34
12,96	1,34
12,99	1,34
13,01	1,32
13,04	1,34
13,06	1,33
13,08	1,36
13,11	1,33
13,13	1,36
13,16	1,35
13,18	1,38
13,21	1,37
13,23	1,40
13,26	1,36
13,28	1,40
13,30	1,37
13,33	1,39
13,35	1,38
13,38	1,39
13,40	1,38
13,43	1,41
13,45	1,40
13,47	1,43
13,50	1,39
13,52	1,41
13,55	1,42
13,57	1,44
13,60	1,43
13,62	1,45
13,65	1,43
13,67	1,47
13,69	1,46
13,72	1,46
13,74	1,45
13,77	1,46
13,79	1,45
13,82	1,48
13,84	1,47
13,87	1,49
13,89	1,48
13,91	1,48
13,94	1,49
13,96	1,50
13,99	1,48
14,01	1,49
14,04	1,48
14,06	1,49
14,09	1,49
14,11	1,48
14,13	1,48
14,16	1,49
14,18	1,47
14,21	1,47
14,23	1,46
14,26	1,45
14,28	1,47
14,31	1,47
14,33	1,47
14,35	1,47
14,38	1,47
14,40	1,48
14,43	1,51
14,45	1,49
14,48	1,50
14,50	1,48
14,52	1,49
14,55	1,50
14,57	1,51
14,60	1,50
14,62	1,52
14,65	1,50
14,67	1,52
14,70	1,51
14,72	1,51
14,74	1,50
14,77	1,51
14,79	1,49
14,82	1,51
14,84	1,50
14,87	1,51
14,89	1,49
14,92	1,51
14,94	1,51
14,96	1,50
14,99	1,48
15,01	1,52
15,04	1,50
15,06	1,52
15,09	1,51
15,11	1,53
15,14	1,54
15,16	1,56
15,18	1,52
15,21	1,55
15,23	1,53
15,26	1,55
15,28	1,56
15,31	1,58
15,33	1,57
15,36	1,59
15,38	1,58
15,40	1,61
15,43	1,60
15,45	1,59
15,48	1,57
15,50	1,59
15,53	1,57
15,55	1,60
15,57	1,59
15,60	1,60
15,62	1,59
15,65	1,61
15,67	1,61
15,70	1,61
15,72	1,61
15,75	1,63
15,77	1,63
15,79	1,64
15,82	1,65
15,84	1,66
15,87	1,69
15,89	1,69
15,92	1,69
15,94	1,70
15,97	1,71
15,99	1,72
16,01	1,76
16,04	1,75
16,06	1,77
16,09	1,77
16,11	1,79
16,14	1,82
16,16	1,83
16,19	1,80
16,21	1,83
16,23	1,82
16,26	1,84
16,28	1,84
16,31	1,85
16,33	1,85
16,36	1,87
16,38	1,86
16,41	1,90
16,43	1,90
16,45	1,92
16,48	1,94
16,50	1,96
16,53	1,97
16,55	2,02
16,58	2,01
16,60	2,05
16,63	2,05
16,65	2,08
16,67	2,08
16,70	2,10
16,72	2,11
16,75	2,16
16,77	2,16
16,80	2,19
16,82	2,20
16,84	2,23
16,87	2,25
16,89	2,27
16,92	2,25
16,94	2,30
16,97	2,29
16,99	2,32
17,02	2,33
17,04	2,36
17,06	2,38
17,09	2,40
17,11	2,40
17,14	2,44
17,16	2,44
17,19	2,46
17,21	2,48
17,24	2,51
17,26	2,52
17,28	2,55
17,31	2,55
17,33	2,58
17,36	2,60
17,38	2,61
17,41	2,62
17,43	2,63
17,46	2,63
17,48	2,67
17,50	2,69
17,53	2,70
17,55	2,71
17,58	2,71
17,60	2,75
17,63	2,76
17,65	2,77
17,68	2,78
17,70	2,78
17,72	2,78
17,75	2,80
17,77	2,78
17,80	2,81
17,82	2,78
17,85	2,80
17,87	2,80
17,89	2,81
17,92	2,81
17,94	2,86
17,97	2,84
17,99	2,88
18,02	2,87
18,04	2,89
18,07	2,88
18,09	2,89
18,11	2,85
18,14	2,88
18,16	2,86
18,19	2,88
18,21	2,88
18,24	2,90
18,26	2,89
18,29	2,91
18,31	2,88
18,33	2,92
18,36	2,90
18,38	2,89
18,41	2,87
18,43	2,86
18,46	2,83
18,48	2,85
18,51	2,81
18,53	2,82
18,55	2,80
18,58	2,81
18,60	2,80
18,63	2,81
18,65	2,78
18,68	2,82
18,70	2,79
18,73	2,80
18,75	2,78
18,77	2,79
18,80	2,78
18,82	2,79
18,85	2,73
18,87	2,74
18,90	2,72
18,92	2,71
18,94	2,71
18,97	2,71
18,99	2,69
19,02	2,69
19,04	2,68
19,07	2,71
19,09	2,69
19,12	2,66
19,14	2,65
19,16	2,62
19,19	2,63
19,21	2,63
19,24	2,59
19,26	2,59
19,29	2,58
19,31	2,57
19,34	2,58
19,36	2,56
19,38	2,56
19,41	2,57
19,43	2,57
19,46	2,56
19,48	2,57
19,51	2,55
19,53	2,57
19,56	2,54
19,58	2,52
19,60	2,52
19,63	2,51
19,65	2,49
19,68	2,51
19,70	2,49
19,73	2,50
19,75	2,49
19,78	2,50
19,80	2,51
19,82	2,53
19,85	2,50
19,87	2,52
19,90	2,47
19,92	2,50
19,95	2,48
19,97	2,48
19,99	2,46
20,02	2,48
20,04	2,47
20,07	2,52
20,09	2,51
20,12	2,53
20,14	2,54
20,17	2,56
20,19	2,55
20,21	2,58
20,24	2,56
20,26	2,58
20,29	2,57
20,31	2,57
20,34	2,57
20,36	2,59
20,39	2,58
20,41	2,61
20,43	2,61
20,46	2,64
20,48	2,65
20,51	2,67
20,53	2,70
20,56	2,72
20,58	2,72
20,61	2,75
20,63	2,74
20,65	2,77
20,68	2,78
20,70	2,78
20,73	2,81
20,75	2,84
20,78	2,86
20,80	2,90
20,83	2,91
20,85	2,94
20,87	3,00
20,90	3,02
20,92	3,05
20,95	3,07
20,97	3,08
21,00	3,11
21,02	3,15
21,05	3,14
21,07	3,19
21,09	3,18
21,12	3,24
21,14	3,26
21,17	3,31
21,19	3,34
21,22	3,39
21,24	3,41
21,26	3,49
21,29	3,49
21,31	3,54
21,34	3,57
21,36	3,58
21,39	3,59
21,41	3,65
21,44	3,66
21,46	3,72
21,48	3,74
21,51	3,80
21,53	3,85
21,56	3,91
21,58	3,93
21,61	3,99
21,63	4,02
21,66	4,09
21,68	4,11
21,70	4,16
21,73	4,19
21,75	4,25
21,78	4,26
21,80	4,32
21,83	4,33
21,85	4,40
21,88	4,42
21,90	4,47
21,92	4,50
21,95	4,57
21,97	4,59
22,00	4,67
22,02	4,68
22,05	4,72
22,07	4,74
22,10	4,76
22,12	4,78
22,14	4,82
22,17	4,82
22,19	4,86
22,22	4,88
22,24	4,90
22,27	4,95
22,29	4,98
22,31	5,01
22,34	5,05
22,36	5,07
22,39	5,10
22,41	5,14
22,44	5,16
22,46	5,17
22,49	5,17
22,51	5,17
22,53	5,18
22,56	5,18
22,58	5,18
22,61	5,19
22,63	5,18
22,66	5,20
22,68	5,20
22,71	5,20
22,73	5,22
22,75	5,22
22,78	5,20
22,80	5,21
22,83	5,17
22,85	5,18
22,88	5,15
22,90	5,14
22,93	5,11
22,95	5,10
22,97	5,07
23,00	5,10
23,02	5,07
23,05	5,07
23,07	5,04
23,10	5,04
23,12	5,00
23,15	5,00
23,17	4,95
23,19	4,95
23,22	4,90
23,24	4,90
23,27	4,86
23,29	4,84
23,32	4,79
23,34	4,78
23,36	4,73
23,39	4,73
23,41	4,68
23,44	4,66
23,46	4,65
23,49	4,64
23,51	4,59
23,54	4,59
23,56	4,52
23,58	4,50
23,61	4,45
23,63	4,42
23,66	4,38
23,68	4,35
23,71	4,31
23,73	4,32
23,76	4,28
23,78	4,27
23,80	4,24
23,83	4,22
23,85	4,19
23,88	4,17
23,90	4,13
23,93	4,11
23,95	4,08
23,98	4,06
24,00	4,04
24,02	4,00
24,05	3,97
24,07	3,96
24,10	3,93
24,12	3,92
24,15	3,91
24,17	3,88
24,20	3,89
24,22	3,87
24,24	3,85
24,27	3,84
24,29	3,83
24,32	3,81
24,34	3,80
24,37	3,77
24,39	3,78
24,42	3,75
24,44	3,74
24,46	3,73
24,49	3,74
24,51	3,72
24,54	3,74
24,56	3,72
24,59	3,75
24,61	3,73
24,63	3,74
24,66	3,74
24,68	3,76
24,71	3,75
24,73	3,79
24,76	3,76
24,78	3,79
24,81	3,79
24,83	3,81
24,85	3,81
24,88	3,84
24,90	3,82
24,93	3,87
24,95	3,87
24,98	3,90
25,00	3,91
25,03	3,93
25,05	3,94
25,07	3,98
25,10	3,98
25,12	4,03
25,15	4,02
25,17	4,05
25,20	4,07
25,22	4,11
25,25	4,12
25,27	4,17
25,29	4,19
25,32	4,25
25,34	4,28
25,37	4,32
25,39	4,35
25,42	4,39
25,44	4,41
25,47	4,48
25,49	4,49
25,51	4,55
25,54	4,58
25,56	4,62
25,59	4,67
25,61	4,72
25,64	4,77
25,66	4,84
25,68	4,89
25,71	4,92
25,73	4,98
25,76	5,04
25,78	5,09
25,81	5,14
25,83	5,20
25,86	5,24
25,88	5,30
25,90	5,34
25,93	5,42
25,95	5,47
25,98	5,54
26,00	5,59
26,03	5,67
26,05	5,74
26,08	5,84
26,10	5,88
26,12	5,96
26,15	6,01
26,17	6,08
26,20	6,15
26,22	6,22
26,25	6,26
26,27	6,34
26,30	6,40
26,32	6,51
26,34	6,57
26,37	6,64
26,39	6,72
26,42	6,80
26,44	6,85
26,47	6,94
26,49	6,98
26,52	7,06
26,54	7,11
26,56	7,19
26,59	7,25
26,61	7,31
26,64	7,37
26,66	7,48
26,69	7,52
26,71	7,61
26,73	7,67
26,76	7,75
26,78	7,82
26,81	7,90
26,83	7,93
26,86	8,00
26,88	8,04
26,91	8,10
26,93	8,15
26,95	8,20
26,98	8,23
27,00	8,29
27,03	8,33
27,05	8,39
27,08	8,43
27,10	8,46
27,13	8,51
27,15	8,54
27,17	8,56
27,20	8,59
27,22	8,60
27,25	8,61
27,27	8,62
27,30	8,62
27,32	8,64
27,35	8,64
27,37	8,63
27,39	8,64
27,42	8,64
27,44	8,63
27,47	8,64
27,49	8,63
27,52	8,64
27,54	8,63
27,57	8,61
27,59	8,59
27,61	8,58
27,64	8,54
27,66	8,54
27,69	8,49
27,71	8,47
27,74	8,42
27,76	8,39
27,78	8,34
27,81	8,31
27,83	8,23
27,86	8,20
27,88	8,14
27,91	8,10
27,93	8,05
27,96	8,01
27,98	7,93
28,00	7,90
28,03	7,82
28,05	7,79
28,08	7,68
28,10	7,63
28,13	7,55
28,15	7,50
28,18	7,40
28,20	7,37
28,22	7,29
28,25	7,27
28,27	7,19
28,30	7,14
28,32	7,07
28,35	7,04
28,37	6,95
28,40	6,92
28,42	6,83
28,44	6,79
28,47	6,71
28,49	6,66
28,52	6,58
28,54	6,55
28,57	6,46
28,59	6,43
28,62	6,36
28,64	6,31
28,66	6,25
28,69	6,21
28,71	6,15
28,74	6,11
28,76	6,03
28,79	6,00
28,81	5,93
28,84	5,88
28,86	5,85
28,88	5,82
28,91	5,78
28,93	5,77
28,96	5,72
28,98	5,72
29,01	5,71
29,03	5,66
29,05	5,64
29,08	5,61
29,10	5,58
29,13	5,58
29,15	5,58
29,18	5,55
29,20	5,56
29,23	5,53
29,25	5,54
29,27	5,54
29,30	5,52
29,32	5,51
29,35	5,50
29,37	5,48
29,40	5,50
29,42	5,47
29,45	5,49
29,47	5,49
29,49	5,51
29,52	5,52
29,54	5,54
29,57	5,54
29,59	5,61
29,62	5,60
29,64	5,64
29,67	5,65
29,69	5,69
29,71	5,72
29,74	5,77
29,76	5,77
29,79	5,84
29,81	5,86
29,84	5,92
29,86	5,97
29,89	6,04
29,91	6,07
29,93	6,13
29,96	6,15
29,98	6,24
30,01	6,26
30,03	6,30
30,06	6,34
30,08	6,39
30,10	6,43
30,13	6,52
30,15	6,55
30,18	6,63
30,20	6,68
30,23	6,76
30,25	6,82
30,28	6,90
30,30	6,94
30,32	7,04
30,35	7,09
30,37	7,18
30,40	7,25
30,42	7,33
30,45	7,41
30,47	7,51
30,50	7,57
30,52	7,67
30,54	7,75
30,57	7,85
30,59	7,98
30,62	8,08
30,64	8,17
30,67	8,27
30,69	8,36
30,72	8,47
30,74	8,57
30,76	8,61
30,79	8,71
30,81	8,77
30,84	8,89
30,86	8,97
30,89	9,07
30,91	9,17
30,94	9,29
30,96	9,39
30,98	9,55
31,01	9,63
31,03	9,75
31,06	9,85
31,08	9,96
31,11	10,06
31,13	10,18
31,15	10,26
31,18	10,39
31,20	10,49
31,23	10,61
31,25	10,71
31,28	10,84
31,30	10,94
31,33	11,09
31,35	11,19
31,37	11,31
31,40	11,40
31,42	11,51
31,45	11,61
31,47	11,73
31,50	11,80
31,52	11,94
31,55	12,02
31,57	12,14
31,59	12,23
31,62	12,33
31,64	12,41
31,67	12,51
31,69	12,59
31,72	12,70
31,74	12,76
31,77	12,85
31,79	12,94
31,81	13,02
31,84	13,08
31,86	13,14
31,89	13,19
31,91	13,26
31,94	13,31
31,96	13,35
31,99	13,40
32,01	13,44
32,03	13,46
32,06	13,51
32,08	13,53
32,11	13,56
32,13	13,56
32,16	13,57
32,18	13,58
32,20	13,60
32,23	13,57
32,25	13,57
32,28	13,54
32,30	13,52
32,33	13,48
32,35	13,44
32,38	13,42
32,40	13,38
32,42	13,35
32,45	13,31
32,47	13,27
32,50	13,22
32,52	13,19
32,55	13,14
32,57	13,08
32,60	13,00
32,62	12,94
32,64	12,86
32,67	12,79
32,69	12,67
32,72	12,59
32,74	12,48
32,77	12,41
32,79	12,33
32,82	12,25
32,84	12,15
32,86	12,08
32,89	11,97
32,91	11,90
32,94	11,78
32,96	11,66
32,99	11,54
33,01	11,43
33,04	11,29
33,06	11,19
33,08	11,04
33,11	10,96
33,13	10,83
33,16	10,75
33,18	10,64
33,21	10,56
33,23	10,44
33,26	10,38
33,28	10,25
33,30	10,17
33,33	10,03
33,35	9,94
33,38	9,83
33,40	9,75
33,43	9,61
33,45	9,55
33,47	9,43
33,50	9,38
33,52	9,30
33,55	9,24
33,57	9,16
33,60	9,12
33,62	9,02
33,65	9,00
33,67	8,91
33,69	8,84
33,72	8,77
33,74	8,70
33,77	8,64
33,79	8,61
33,82	8,53
33,84	8,50
33,87	8,44
33,89	8,41
33,91	8,39
33,94	8,37
33,96	8,33
33,99	8,33
34,01	8,30
34,04	8,28
34,06	8,27
34,09	8,26
34,11	8,25
34,13	8,23
34,16	8,20
34,18	8,21
34,21	8,22
34,23	8,22
34,26	8,24
34,28	8,24
34,31	8,28
34,33	8,30
34,35	8,33
34,38	8,37
34,40	8,41
34,43	8,42
34,45	8,48
34,48	8,49
34,50	8,54
34,52	8,57
34,55	8,62
34,57	8,66
34,60	8,72
34,62	8,76
34,65	8,85
34,67	8,89
34,70	8,98
34,72	9,07
34,74	9,15
34,77	9,23
34,79	9,34
34,82	9,41
34,84	9,51
34,87	9,57
34,89	9,64
34,92	9,71
34,94	9,80
34,96	9,86
34,99	9,96
35,01	10,04
35,04	10,17
35,06	10,26
35,09	10,38
35,11	10,52
35,14	10,64
35,16	10,75
35,18	10,87
35,21	10,94
35,23	11,05
35,26	11,15
35,28	11,24
35,31	11,34
35,33	11,45
35,36	11,57
35,38	11,72
35,40	11,85
35,43	11,99
35,45	12,16
35,48	12,31
35,50	12,46
35,53	12,61
35,55	12,73
35,57	12,84
35,60	12,98
35,62	13,08
35,65	13,22
35,67	13,30
35,70	13,42
35,72	13,56
35,75	13,74
35,77	13,89
35,79	14,05
35,82	14,18
35,84	14,39
35,87	14,54
35,89	14,70
35,92	14,81
35,94	14,94
35,97	15,05
35,99	15,21
36,01	15,33
36,04	15,49
36,06	15,63
36,09	15,82
36,11	15,99
36,14	16,20
36,16	16,35
36,19	16,56
36,21	16,70
36,23	16,86
36,26	16,99
36,28	17,15
36,31	17,26
36,33	17,40
36,36	17,48
36,38	17,64
36,41	17,77
36,43	17,92
36,45	18,07
36,48	18,22
36,50	18,36
36,53	18,51
36,55	18,62
36,58	18,79
36,60	18,88
36,62	18,98
36,65	19,06
36,67	19,14
36,70	19,23
36,72	19,34
36,75	19,38
36,77	19,49
36,80	19,53
36,82	19,62
36,84	19,70
36,87	19,78
36,89	19,80
36,92	19,86
36,94	19,89
36,97	19,95
36,99	19,98
37,02	20,01
37,04	20,01
37,06	20,04
37,09	20,02
37,11	20,03
37,14	20,00
37,16	19,97
37,19	19,94
37,21	19,90
37,24	19,84
37,26	19,80
37,28	19,75
37,31	19,76
37,33	19,70
37,36	19,63
37,38	19,57
37,41	19,49
37,43	19,42
37,46	19,32
37,48	19,19
37,50	19,09
37,53	18,98
37,55	18,86
37,58	18,77
37,60	18,65
37,63	18,54
37,65	18,41
37,68	18,29
37,70	18,17
37,72	18,04
37,75	17,89
37,77	17,77
37,80	17,61
37,82	17,47
37,85	17,32
37,87	17,15
37,89	16,99
37,92	16,86
37,94	16,68
37,97	16,52
37,99	16,35
38,02	16,22
38,04	16,09
38,07	15,96
38,09	15,77
38,11	15,64
38,14	15,46
38,16	15,34
38,19	15,15
38,21	14,98
38,24	14,80
38,26	14,65
38,29	14,48
38,31	14,36
38,33	14,19
38,36	14,07
38,38	13,94
38,41	13,84
38,43	13,72
38,46	13,62
38,48	13,49
38,51	13,40
38,53	13,27
38,55	13,17
38,58	13,06
38,60	12,96
38,63	12,85
38,65	12,78
38,68	12,69
38,70	12,64
38,73	12,56
38,75	12,49
38,77	12,47
38,80	12,42
38,82	12,38
38,85	12,33
38,87	12,27
38,90	12,24
38,92	12,21
38,94	12,18
38,97	12,17
38,99	12,15
39,02	12,14
39,04	12,14
39,07	12,14
39,09	12,14
39,12	12,15
39,14	12,15
39,16	12,19
39,19	12,20
39,21	12,24
39,24	12,26
39,26	12,32
39,29	12,36
39,31	12,43
39,34	12,45
39,36	12,52
39,38	12,56
39,41	12,64
39,43	12,68
39,46	12,76
39,48	12,80
39,51	12,91
39,53	12,97
39,56	13,08
39,58	13,15
39,60	13,27
39,63	13,35
39,65	13,46
39,68	13,55
39,70	13,68
39,73	13,74
39,75	13,85
39,78	13,95
39,80	14,06
39,82	14,16
39,85	14,29
39,87	14,39
39,90	14,55
39,92	14,68
39,95	14,82
39,97	14,98
39,99	15,13
40,02	15,27
40,04	15,45
40,07	15,56
40,09	15,71
40,12	15,85
40,14	15,98
40,17	16,12
40,19	16,29
40,21	16,40
40,24	16,60
40,26	16,76
40,29	16,93
40,31	17,11
40,34	17,27
40,36	17,44
40,39	17,64
40,41	17,83
40,43	17,98
40,46	18,13
40,48	18,30
40,51	18,50
40,53	18,67
40,56	18,85
40,58	19,01
40,61	19,20
40,63	19,40
40,65	19,63
40,68	19,80
40,70	20,02
40,73	20,19
40,75	20,42
40,78	20,61
40,80	20,80
40,83	20,95
40,85	21,16
40,87	21,31
40,90	21,54
40,92	21,69
40,95	21,92
40,97	22,13
41,00	22,37
41,02	22,54
41,05	22,78
41,07	22,96
41,09	23,20
41,12	23,34
41,14	23,52
41,17	23,66
41,19	23,85
41,22	24,01
41,24	24,20
41,26	24,34
41,29	24,54
41,31	24,72
41,34	24,93
41,36	25,11
41,39	25,29
41,41	25,43
41,44	25,61
41,46	25,79
41,48	25,95
41,51	26,09
41,53	26,23
41,56	26,35
41,58	26,49
41,61	26,59
41,63	26,71
41,66	26,81
41,68	26,90
41,70	26,99
41,73	27,09
41,75	27,18
41,78	27,30
41,80	27,36
41,83	27,44
41,85	27,49
41,88	27,55
41,90	27,59
41,92	27,60
41,95	27,61
41,97	27,66
42,00	27,67
42,02	27,68
42,05	27,70
42,07	27,70
42,10	27,70
42,12	27,67
42,14	27,62
42,17	27,59
42,19	27,56
42,22	27,52
42,24	27,48
42,27	27,42
42,29	27,38
42,31	27,31
42,34	27,23
42,36	27,14
42,39	27,05
42,41	26,94
42,44	26,85
42,46	26,72
42,49	26,61
42,51	26,51
42,53	26,40
42,56	26,29
42,58	26,18
42,61	26,03
42,63	25,92
42,66	25,76
42,68	25,61
42,71	25,44
42,73	25,27
42,75	25,06
42,78	24,89
42,80	24,68
42,83	24,53
42,85	24,30
42,88	24,13
42,90	23,95
42,93	23,81
42,95	23,61
42,97	23,48
43,00	23,26
43,02	23,10
43,05	22,88
43,07	22,69
43,10	22,48
43,12	22,30
43,15	22,04
43,17	21,89
43,19	21,67
43,22	21,52
43,24	21,31
43,27	21,13
43,29	20,94
43,32	20,79
43,34	20,60
43,36	20,47
43,39	20,25
43,41	20,11
43,44	19,97
43,46	19,83
43,49	19,66
43,51	19,51
43,54	19,35
43,56	19,26
43,58	19,14
43,61	19,02
43,63	18,91
43,66	18,81
43,68	18,71
43,71	18,66
43,73	18,57
43,76	18,47
43,78	18,40
43,80	18,36
43,83	18,30
43,85	18,24
43,88	18,17
43,90	18,12
43,93	18,08
43,95	18,01
43,98	17,97
44,00	17,93
44,02	17,94
44,05	17,92
44,07	17,93
44,10	17,94
44,12	17,97
44,15	17,98
44,17	18,06
44,20	18,09
44,22	18,14
44,24	18,18
44,27	18,24
44,29	18,29
44,32	18,35
44,34	18,37
44,37	18,45
44,39	18,51
44,41	18,60
44,44	18,70
44,46	18,82
44,49	18,90
44,51	19,03
44,54	19,11
44,56	19,26
44,59	19,38
44,61	19,49
44,63	19,60
44,66	19,74
44,68	19,85
44,71	20,01
44,73	20,11
44,76	20,23
44,78	20,38
44,81	20,54
44,83	20,70
44,85	20,89
44,88	21,05
44,90	21,26
44,93	21,46
44,95	21,62
44,98	21,78
45,00	21,95
45,03	22,11
45,05	22,29
45,07	22,44
45,10	22,62
45,12	22,83
45,15	23,02
45,17	23,26
45,20	23,48
45,22	23,69
45,25	23,92
45,27	24,13
45,29	24,37
45,32	24,58
45,34	24,73
45,37	24,94
45,39	25,12
45,42	25,32
45,44	25,52
45,47	25,73
45,49	25,96
45,51	26,21
45,54	26,43
45,56	26,71
45,59	26,96
45,61	27,24
45,64	27,47
45,66	27,71
45,68	27,91
45,71	28,14
45,73	28,25
45,76	28,50
45,78	28,68
45,81	28,90
45,83	29,13
45,86	29,40
45,88	29,61
45,90	29,98
45,93	30,19
45,95	30,47
45,98	30,69
46,00	30,93
46,03	31,12
46,05	31,36
46,08	31,54
46,10	31,78
46,12	31,97
46,15	32,19
46,17	32,40
46,20	32,65
46,22	32,90
46,25	33,14
46,27	33,35
46,30	33,59
46,32	33,80
46,34	34,02
46,37	34,22
46,39	34,39
46,42	34,54
46,44	34,71
46,47	34,85
46,49	35,01
46,52	35,19
46,54	35,37
46,56	35,55
46,59	35,71
46,61	35,85
46,64	36,02
46,66	36,15
46,69	36,29
46,71	36,39
46,73	36,50
46,76	36,61
46,78	36,72
46,81	36,81
46,83	36,92
46,86	36,97
46,88	37,05
46,91	37,13
46,93	37,20
46,95	37,28
46,98	37,35
47,00	37,40
47,03	37,45
47,05	37,49
47,08	37,51
47,10	37,55
47,13	37,55
47,15	37,55
47,17	37,55
47,20	37,55
47,22	37,52
47,25	37,52
47,27	37,48
47,30	37,45
47,32	37,38
47,35	37,32
47,37	37,25
47,39	37,20
47,42	37,12
47,44	37,05
47,47	36,97
47,49	36,92
47,52	36,83
47,54	36,73
47,57	36,59
47,59	36,46
47,61	36,31
47,64	36,17
47,66	35,98
47,69	35,84
47,71	35,64
47,74	35,49
47,76	35,31
47,78	35,14
47,81	34,94
47,83	34,82
47,86	34,63
47,88	34,48
47,91	34,25
47,93	34,06
47,96	33,82
47,98	33,62
48,00	33,35
48,03	33,13
48,05	32,83
48,08	32,63
48,10	32,40
48,13	32,21
48,15	31,97
48,18	31,76
48,20	31,51
48,22	31,36
48,25	31,12
48,27	30,90
48,30	30,64
48,32	30,39
48,35	30,14
48,37	29,93
48,40	29,67
48,42	29,45
48,44	29,22
48,47	29,04
48,49	28,88
48,52	28,71
48,54	28,53
48,57	28,39
48,59	28,24
48,62	28,09
48,64	27,93
48,66	27,76
48,69	27,61
48,71	27,45
48,74	27,28
48,76	27,16
48,79	27,03
48,81	26,92
48,84	26,84
48,86	26,75
48,88	26,69
48,91	26,64
48,93	26,58
48,96	26,54
48,98	26,50
49,01	26,46
49,03	26,44
49,05	26,40
49,08	26,40
49,10	26,39
49,13	26,39
49,15	26,39
49,18	26,40
49,20	26,40
49,23	26,44
49,25	26,45
49,27	26,50
49,30	26,54
49,32	26,60
49,35	26,65
49,37	26,75
49,40	26,79
49,42	26,92
49,45	26,99
49,47	27,10
49,49	27,18
49,52	27,31
49,54	27,39
49,57	27,55
49,59	27,62
49,62	27,77
49,64	27,88
49,67	28,06
49,69	28,22
49,71	28,40
49,74	28,54
49,76	28,73
49,79	28,89
49,81	29,11
49,84	29,26
49,86	29,41
49,89	29,55
49,91	29,73
49,93	29,91
49,96	30,12
49,98	30,29
50,01	30,51
50,03	30,74
50,06	30,97
50,08	31,23
50,10	31,47
50,13	31,70
50,15	31,96
50,18	32,19
50,20	32,41
50,23	32,63
50,25	32,82
50,28	33,04
50,30	33,27
50,32	33,46
50,35	33,70
50,37	33,95
50,40	34,24
50,42	34,56
50,45	34,85
50,47	35,14
50,50	35,41
50,52	35,70
50,54	35,99
50,57	36,23
50,59	36,44
50,62	36,68
50,64	36,90
50,67	37,18
50,69	37,43
50,72	37,72
50,74	38,01
50,76	38,31
50,79	38,58
50,81	38,93
50,84	39,22
50,86	39,53
50,89	39,78
50,91	40,04
50,94	40,26
50,96	40,57
50,98	40,78
51,01	41,06
51,03	41,28
51,06	41,56
51,08	41,82
51,11	42,16
51,13	42,39
51,15	42,73
51,18	42,98
51,20	43,30
51,23	43,57
51,25	43,85
51,28	44,07
51,30	44,32
51,33	44,50
51,35	44,74
51,37	44,91
51,40	45,13
51,42	45,36
51,45	45,59
51,47	45,81
51,50	46,08
51,52	46,30
51,55	46,54
51,57	46,75
51,59	46,93
51,62	47,14
51,64	47,33
51,67	47,47
51,69	47,64
51,72	47,81
51,74	47,97
51,77	48,14
51,79	48,28
51,81	48,45
51,84	48,63
51,86	48,79
51,89	48,95
51,91	49,09
51,94	49,22
51,96	49,34
51,99	49,43
52,01	49,52
52,03	49,61
52,06	49,66
52,08	49,74
52,11	49,81
52,13	49,88
52,16	49,94
52,18	49,96
52,20	49,98
52,23	50,00
52,25	50,00
52,28	50,00
52,30	50,00
52,33	50,00
52,35	50,00
52,38	50,00
52,40	49,98
52,42	49,96
52,45	49,94
52,47	49,90
52,50	49,87
52,52	49,81
52,55	49,73
52,57	49,65
52,60	49,56
52,62	49,48
52,64	49,40
52,67	49,27
52,69	49,15
52,72	49,01
52,74	48,90
52,77	48,74
52,79	48,56
52,82	48,37
52,84	48,19
52,86	47,96
52,89	47,75
52,91	47,53
52,94	47,32
52,96	47,08
52,99	46,89
53,01	46,68
53,04	46,49
53,06	46,27
53,08	46,08
53,11	45,85
53,13	45,66
53,16	45,39
53,18	45,13
53,21	44,85
53,23	44,63
53,26	44,33
53,28	44,08
53,30	43,80
53,33	43,59
53,35	43,36
53,38	43,15
53,40	42,92
53,43	42,71
53,45	42,46
53,47	42,28
53,50	42,00
53,52	41,75
53,55	41,50
53,57	41,25
53,60	41,00
53,62	40,80
53,65	40,54
53,67	40,36
53,69	40,16
53,72	40,01
53,74	39,85
53,77	39,70
53,79	39,55
53,82	39,45
53,84	39,31
53,87	39,18
53,89	39,04
53,91	38,92
53,94	38,81
53,96	38,68
53,99	38,56
54,01	38,47
54,04	38,39
54,06	38,32
54,09	38,29
54,11	38,23
54,13	38,21
54,16	38,17
54,18	38,12
54,21	38,15
54,23	38,15
54,26	38,11
54,28	38,15
54,31	38,13
54,33	38,19
54,35	38,25
54,38	38,26
54,40	38,31
54,43	38,38
54,45	38,40
54,48	38,53
54,50	38,60
54,52	38,69
54,55	38,80
54,57	38,93
54,60	39,04
54,62	39,20
54,65	39,29
54,67	39,44
54,70	39,58
54,72	39,70
54,74	39,84
54,77	40,01
54,79	40,16
54,82	40,33
54,84	40,51
54,87	40,70
54,89	40,91
54,92	41,12
54,94	41,37
54,96	41,61
54,99	41,85
55,01	42,07
55,04	42,29
55,06	42,53
55,09	42,75
55,11	42,94
55,14	43,17
55,16	43,38
55,18	43,60
55,21	43,84
55,23	44,08
55,26	44,37
55,28	44,65
55,31	44,93
55,33	45,25
55,36	45,56
55,38	45,88
55,40	46,19
55,43	46,44
55,45	46,73
55,48	47,01
55,50	47,26
55,53	47,56
55,55	47,79
55,57	48,11
55,60	48,44
55,62	48,76
55,65	49,07
55,67	49,37
55,70	49,58
55,72	49,79
55,75	49,89
55,77	49,98
55,79	50,00
55,82	50,00
55,84	50,00
55,87	50,00
55,89	50,00
55,92	50,00
55,94	50,00
55,97	50,00
55,99	50,00
56,01	50,00
56,04	50,00
56,06	50,00
56,09	50,00
56,11	50,00
56,14	50,00
56,16	50,00
56,19	50,00
56,21	50,00
56,23	50,00
56,26	50,00
56,28	50,00
56,31	50,00
56,33	50,00
56,36	50,00
56,38	50,00
56,41	50,00
56,43	50,00
56,45	50,00
56,48	50,00
56,50	50,00
56,53	50,00
56,55	50,00
56,58	50,00
56,60	50,00
56,62	50,00
56,65	50,00
56,67	50,00
56,70	50,00
56,72	50,00
56,75	50,00
56,77	50,00
56,80	50,00
56,82	50,00
56,84	50,00
56,87	50,00
56,89	50,00
56,92	50,00
56,94	50,00
56,97	50,00
56,99	50,00
57,02	50,00
57,04	50,00
57,06	50,00
57,09	50,00
57,11	50,00
57,14	50,00
57,16	50,00
57,19	50,00
57,21	50,00
57,24	50,00
57,26	50,00
57,28	50,00
57,31	50,00
57,33	50,00
57,36	50,00
57,38	50,00
57,41	50,00
57,43	50,00
57,46	50,00
57,48	50,00
57,50	50,00
57,53	50,00
57,55	50,00
57,58	50,00
57,60	50,00
57,63	50,00
57,65	50,00
57,68	50,00
57,70	50,00
57,72	50,00
57,75	50,00
57,77	50,00
57,80	50,00
57,82	50,00
57,85	50,00
57,87	50,00
57,89	50,00
57,92	50,00
57,94	50,00
57,97	50,00
57,99	50,00
58,02	50,00
58,04	50,00
58,07	50,00
58,09	50,00
58,11	50,00
58,14	50,00
58,16	50,00
58,19	50,00
58,21	50,00
58,24	50,00
58,26	50,00
58,29	50,00
58,31	50,00
58,33	50,00
58,36	50,00
58,38	50,00
58,41	50,00
58,43	50,00
58,46	50,00
58,48	50,00
58,51	50,00
58,53	50,00
58,55	50,00
58,58	50,00
58,60	50,00
58,63	50,00
58,65	50,00
58,68	50,00
58,70	50,00
58,73	50,00
58,75	50,00
58,77	50,00
58,80	50,00
58,82	50,00
58,85	50,00
58,87	50,00
58,90	50,00
58,92	50,00
58,94	50,00
58,97	50,00
58,99	50,00
59,02	50,00
59,04	50,00
59,07	50,00
59,09	50,00
59,12	50,00
59,14	50,00
59,16	50,00
59,19	50,00
59,21	50,00
59,24	50,00
59,26	50,00
59,29	50,00
59,31	50,00
59,34	50,00
59,36	50,00
59,38	50,00
59,41	50,00
59,43	50,00
59,46	50,00
59,48	50,00
59,51	50,00
59,53	50,00
59,56	50,00
59,58	50,00
59,60	50,00
59,63	50,00
59,65	50,00
59,68	50,00
59,70	50,00
59,73	50,00
59,75	50,00
59,78	50,00
59,80	50,00
59,82	50,00
59,85	50,00
59,87	50,00
59,90	50,00
59,92	50,00
59,95	50,00
59,97	50,00
59,99	50,00
