U1/V	IA/nA
0,02	0,51
0,04	0,49
0,07	0,48
0,09	0,47
0,12	0,45
0,14	0,46
0,17	0,46
0,19	0,47
0,21	0,48
0,24	0,49
0,26	0,48
0,29	0,52
0,31	0,51
0,34	0,52
0,36	0,50
0,39	0,50
0,41	0,50
0,43	0,52
0,46	0,47
0,48	0,50
0,51	0,47
0,53	0,49
0,56	0,48
0,58	0,50
0,61	0,49
0,63	0,51
0,65	0,48
0,68	0,53
0,70	0,50
0,73	0,51
0,75	0,49
0,78	0,49
0,80	0,47
0,83	0,49
0,85	0,45
0,87	0,47
0,90	0,45
0,92	0,46
0,95	0,46
0,97	0,48
1,00	0,46
1,02	0,50
1,05	0,48
1,07	0,51
1,09	0,50
1,12	0,51
1,14	0,50
1,17	0,51
1,19	0,47
1,22	0,49
1,24	0,46
1,26	0,48
1,29	0,47
1,31	0,48
1,34	0,47
1,36	0,49
1,39	0,49
1,41	0,53
1,44	0,53
1,46	0,53
1,48	0,52
1,51	0,51
1,53	0,50
1,56	0,51
1,58	0,48
1,61	0,47
1,63	0,46
1,66	0,45
1,68	0,48
1,70	0,48
1,73	0,47
1,75	0,49
1,78	0,49
1,80	0,49
1,83	0,50
1,85	0,48
1,88	0,50
1,90	0,50
1,92	0,49
1,95	0,49
1,97	0,50
2,00	0,48
2,02	0,50
2,05	0,47
2,07	0,48
2,10	0,46
2,12	0,47
2,14	0,49
2,17	0,51
2,19	0,48
2,22	0,50
2,24	0,46
2,27	0,48
2,29	0,45
2,31	0,46
2,34	0,43
2,36	0,45
2,39	0,42
2,41	0,47
2,44	0,45
2,46	0,47
2,49	0,45
2,51	0,48
2,53	0,47
2,56	0,49
2,58	0,45
2,61	0,48
2,63	0,46
2,66	0,48
2,68	0,47
2,71	0,46
2,73	0,45
2,75	0,47
2,78	0,46
2,80	0,49
2,83	0,47
2,85	0,48
2,88	0,50
2,90	0,51
2,93	0,50
2,95	0,52
2,97	0,48
3,00	0,48
3,02	0,47
3,05	0,46
3,07	0,46
3,10	0,46
3,12	0,45
3,15	0,48
3,17	0,46
3,19	0,47
3,22	0,48
3,24	0,48
3,27	0,49
3,29	0,48
3,32	0,48
3,34	0,49
3,36	0,50
3,39	0,48
3,41	0,50
3,44	0,47
3,46	0,46
3,49	0,45
3,51	0,46
3,54	0,46
3,56	0,47
3,58	0,44
3,61	0,49
3,63	0,50
3,66	0,51
3,68	0,50
3,71	0,49
3,73	0,47
3,76	0,49
3,78	0,44
3,80	0,47
3,83	0,45
3,85	0,46
3,88	0,46
3,90	0,48
3,93	0,45
3,95	0,49
3,98	0,46
4,00	0,48
4,02	0,47
4,05	0,48
4,07	0,46
4,10	0,49
4,12	0,46
4,15	0,49
4,17	0,46
4,20	0,47
4,22	0,47
4,24	0,49
4,27	0,46
4,29	0,50
4,32	0,47
4,34	0,53
4,37	0,52
4,39	0,53
4,42	0,50
4,44	0,50
4,46	0,47
4,49	0,50
4,51	0,46
4,54	0,47
4,56	0,45
4,59	0,46
4,61	0,48
4,63	0,50
4,66	0,48
4,68	0,50
4,71	0,48
4,73	0,50
4,76	0,49
4,78	0,50
4,81	0,49
4,83	0,49
4,85	0,48
4,88	0,50
4,90	0,49
4,93	0,49
4,95	0,49
4,98	0,47
5,00	0,48
5,03	0,48
5,05	0,47
5,07	0,50
5,10	0,50
5,12	0,49
5,15	0,50
5,17	0,47
5,20	0,49
5,22	0,48
5,25	0,47
5,27	0,47
5,29	0,47
5,32	0,45
5,34	0,48
5,37	0,47
5,39	0,47
5,42	0,46
5,44	0,47
5,47	0,48
5,49	0,51
5,51	0,48
5,54	0,52
5,56	0,50
5,59	0,51
5,61	0,50
5,64	0,49
5,66	0,48
5,68	0,50
5,71	0,46
5,73	0,49
5,76	0,48
5,78	0,49
5,81	0,51
5,83	0,52
5,86	0,50
5,88	0,53
5,90	0,50
5,93	0,52
5,95	0,50
5,98	0,51
6,00	0,50
6,03	0,50
6,05	0,48
6,08	0,51
6,10	0,49
6,12	0,50
6,15	0,48
6,17	0,50
6,20	0,50
6,22	0,51
6,25	0,49
6,27	0,51
6,30	0,50
6,32	0,52
6,34	0,51
6,37	0,50
6,39	0,49
6,42	0,49
6,44	0,49
6,47	0,51
6,49	0,51
6,52	0,50
6,54	0,52
6,56	0,52
6,59	0,53
6,61	0,53
6,64	0,53
6,66	0,52
6,69	0,53
6,71	0,53
6,73	0,55
6,76	0,52
6,78	0,52
6,81	0,52
6,83	0,52
6,86	0,51
6,88	0,53
6,91	0,51
6,93	0,54
6,95	0,53
6,98	0,54
7,00	0,54
7,03	0,56
7,05	0,54
7,08	0,58
7,10	0,54
7,13	0,56
7,15	0,55
7,17	0,57
7,20	0,55
7,22	0,58
7,25	0,54
7,27	0,58
7,30	0,55
7,32	0,58
7,35	0,56
7,37	0,58
7,39	0,55
7,42	0,56
7,44	0,54
7,47	0,58
7,49	0,54
7,52	0,56
7,54	0,55
7,57	0,58
7,59	0,57
7,61	0,60
7,64	0,58
7,66	0,62
7,69	0,60
7,71	0,61
7,74	0,60
7,76	0,61
7,78	0,58
7,81	0,62
7,83	0,59
7,86	0,61
7,88	0,60
7,91	0,62
7,93	0,62
7,96	0,64
7,98	0,62
8,00	0,65
8,03	0,63
8,05	0,62
8,08	0,62
8,10	0,61
8,13	0,61
8,15	0,62
8,18	0,61
8,20	0,62
8,22	0,60
8,25	0,60
8,27	0,63
8,30	0,64
8,32	0,64
8,35	0,64
8,37	0,64
8,40	0,67
8,42	0,68
8,44	0,67
8,47	0,68
8,49	0,67
8,52	0,69
8,54	0,70
8,57	0,72
8,59	0,70
8,62	0,73
8,64	0,70
8,66	0,73
8,69	0,72
8,71	0,72
8,74	0,72
8,76	0,73
8,79	0,71
8,81	0,74
8,84	0,71
8,86	0,73
8,88	0,70
8,91	0,73
8,93	0,71
8,96	0,70
8,98	0,67
9,01	0,72
9,03	0,70
9,05	0,73
9,08	0,71
9,10	0,74
9,13	0,75
9,15	0,79
9,18	0,74
9,20	0,77
9,23	0,75
9,25	0,78
9,27	0,78
9,30	0,79
9,32	0,78
9,35	0,81
9,37	0,79
9,40	0,83
9,42	0,81
9,45	0,82
9,47	0,80
9,49	0,81
9,52	0,80
9,54	0,81
9,57	0,80
9,59	0,81
9,62	0,79
9,64	0,80
9,67	0,81
9,69	0,81
9,71	0,80
9,74	0,82
9,76	0,80
9,79	0,81
9,81	0,82
9,84	0,83
9,86	0,84
9,89	0,85
9,91	0,84
9,93	0,85
9,96	0,86
9,98	0,86
10,01	0,89
10,03	0,88
10,06	0,88
10,08	0,88
10,10	0,89
10,13	0,90
10,15	0,91
10,18	0,87
10,20	0,89
10,23	0,88
10,25	0,90
10,28	0,89
10,30	0,89
10,32	0,88
10,35	0,89
10,37	0,86
10,40	0,90
10,42	0,87
10,45	0,88
10,47	0,89
10,50	0,91
10,52	0,90
10,54	0,94
10,57	0,91
10,59	0,96
10,62	0,93
10,64	0,94
10,67	0,93
10,69	0,95
10,72	0,92
10,74	0,96
10,76	0,93
10,79	0,96
10,81	0,95
10,84	0,97
10,86	0,97
10,89	0,99
10,91	0,96
10,94	1,00
10,96	0,97
10,98	0,99
11,01	0,97
11,03	0,99
11,06	0,97
11,08	0,99
11,11	0,97
11,13	1,00
11,15	0,98
11,18	1,00
11,20	1,02
11,23	1,04
11,25	1,03
11,28	1,04
11,30	1,03
11,33	1,05
11,35	1,05
11,37	1,04
11,40	1,04
11,42	1,03
11,45	1,03
11,47	1,06
11,50	1,07
11,52	1,08
11,55	1,08
11,57	1,08
11,59	1,12
11,62	1,12
11,64	1,11
11,67	1,11
11,69	1,11
11,72	1,10
11,74	1,11
11,77	1,09
11,79	1,12
11,81	1,10
11,84	1,12
11,86	1,13
11,89	1,14
11,91	1,14
11,94	1,19
11,96	1,18
11,99	1,21
12,01	1,21
12,03	1,22
12,06	1,22
12,08	1,25
12,11	1,21
12,13	1,24
12,16	1,21
12,18	1,23
12,21	1,25
12,23	1,28
12,25	1,27
12,28	1,30
12,30	1,28
12,33	1,34
12,35	1,32
12,38	1,33
12,40	1,31
12,42	1,31
12,45	1,31
12,47	1,33
12,50	1,31
12,52	1,34
12,55	1,31
12,57	1,35
12,60	1,35
12,62	1,37
12,64	1,36
12,67	1,41
12,69	1,40
12,72	1,43
12,74	1,42
12,77	1,45
12,79	1,44
12,82	1,45
12,84	1,43
12,86	1,44
12,89	1,43
12,91	1,45
12,94	1,46
12,96	1,47
12,99	1,46
13,01	1,48
13,04	1,48
13,06	1,51
13,08	1,51
13,11	1,52
13,13	1,53
13,16	1,52
13,18	1,53
13,21	1,53
13,23	1,52
13,26	1,52
13,28	1,50
13,30	1,49
13,33	1,54
13,35	1,53
13,38	1,54
13,40	1,55
13,43	1,57
13,45	1,57
13,47	1,59
13,50	1,58
13,52	1,60
13,55	1,60
13,57	1,59
13,60	1,57
13,62	1,57
13,65	1,53
13,67	1,55
13,69	1,52
13,72	1,53
13,74	1,51
13,77	1,52
13,79	1,55
13,82	1,57
13,84	1,54
13,87	1,58
13,89	1,54
13,91	1,57
13,94	1,56
13,96	1,55
13,99	1,54
14,01	1,56
14,04	1,54
14,06	1,57
14,09	1,56
14,11	1,57
14,13	1,59
14,16	1,62
14,18	1,63
14,21	1,66
14,23	1,65
14,26	1,67
14,28	1,67
14,31	1,67
14,33	1,67
14,35	1,66
14,38	1,64
14,40	1,66
14,43	1,65
14,45	1,66
14,48	1,65
14,50	1,65
14,52	1,67
14,55	1,68
14,57	1,66
14,60	1,67
14,62	1,64
14,65	1,65
14,67	1,64
14,70	1,63
14,72	1,63
14,74	1,64
14,77	1,63
14,79	1,65
14,82	1,64
14,84	1,63
14,87	1,67
14,89	1,66
14,92	1,67
14,94	1,66
14,96	1,66
14,99	1,66
15,01	1,69
15,04	1,66
15,06	1,67
15,09	1,65
15,11	1,66
15,14	1,66
15,16	1,68
15,18	1,67
15,21	1,68
15,23	1,66
15,26	1,72
15,28	1,70
15,31	1,72
15,33	1,71
15,36	1,71
15,38	1,69
15,40	1,72
15,43	1,69
15,45	1,71
15,48	1,70
15,50	1,72
15,53	1,71
15,55	1,74
15,57	1,72
15,60	1,77
15,62	1,75
15,65	1,79
15,67	1,77
15,70	1,80
15,72	1,79
15,75	1,82
15,77	1,79
15,79	1,82
15,82	1,78
15,84	1,82
15,87	1,82
15,89	1,84
15,92	1,83
15,94	1,86
15,97	1,85
15,99	1,92
16,01	1,91
16,04	1,92
16,06	1,92
16,09	1,92
16,11	1,91
16,14	1,94
16,16	1,92
16,19	1,93
16,21	1,93
16,23	1,95
16,26	1,99
16,28	2,02
16,31	2,03
16,33	2,05
16,36	2,06
16,38	2,09
16,41	2,11
16,43	2,12
16,45	2,14
16,48	2,15
16,50	2,15
16,53	2,18
16,55	2,19
16,58	2,20
16,60	2,23
16,63	2,23
16,65	2,27
16,67	2,29
16,70	2,30
16,72	2,35
16,75	2,37
16,77	2,37
16,80	2,40
16,82	2,38
16,84	2,42
16,87	2,43
16,89	2,43
16,92	2,44
16,94	2,46
16,97	2,46
16,99	2,53
17,02	2,53
17,04	2,58
17,06	2,58
17,09	2,62
17,11	2,63
17,14	2,68
17,16	2,66
17,19	2,70
17,21	2,69
17,24	2,74
17,26	2,75
17,28	2,77
17,31	2,77
17,33	2,82
17,36	2,82
17,38	2,87
17,41	2,87
17,43	2,90
17,46	2,94
17,48	2,96
17,50	2,96
17,53	2,98
17,55	2,95
17,58	2,97
17,60	2,96
17,63	2,97
17,65	2,98
17,68	3,00
17,70	3,00
17,72	3,04
17,75	3,04
17,77	3,06
17,80	3,07
17,82	3,08
17,85	3,08
17,87	3,10
17,89	3,09
17,92	3,11
17,94	3,11
17,97	3,12
17,99	3,13
18,02	3,12
18,04	3,12
18,07	3,13
18,09	3,14
18,11	3,15
18,14	3,16
18,16	3,15
18,19	3,18
18,21	3,17
18,24	3,18
18,26	3,18
18,29	3,17
18,31	3,15
18,33	3,16
18,36	3,14
18,38	3,16
18,41	3,13
18,43	3,13
18,46	3,12
18,48	3,13
18,51	3,11
18,53	3,12
18,55	3,09
18,58	3,11
18,60	3,09
18,63	3,09
18,65	3,07
18,68	3,09
18,70	3,06
18,73	3,09
18,75	3,03
18,77	3,04
18,80	3,01
18,82	3,02
18,85	3,00
18,87	3,02
18,90	2,97
18,92	3,02
18,94	2,98
18,97	3,00
18,99	2,97
19,02	2,96
19,04	2,93
19,07	2,94
19,09	2,90
19,12	2,91
19,14	2,86
19,16	2,87
19,19	2,86
19,21	2,87
19,24	2,84
19,26	2,86
19,29	2,83
19,31	2,85
19,34	2,84
19,36	2,83
19,38	2,80
19,41	2,80
19,43	2,77
19,46	2,79
19,48	2,76
19,51	2,77
19,53	2,76
19,56	2,75
19,58	2,75
19,60	2,75
19,63	2,73
19,65	2,76
19,68	2,75
19,70	2,72
19,73	2,72
19,75	2,71
19,78	2,71
19,80	2,71
19,82	2,71
19,85	2,71
19,87	2,70
19,90	2,69
19,92	2,72
19,95	2,72
19,97	2,72
19,99	2,70
20,02	2,71
20,04	2,73
20,07	2,76
20,09	2,74
20,12	2,77
20,14	2,76
20,17	2,78
20,19	2,79
20,21	2,80
20,24	2,79
20,26	2,82
20,29	2,80
20,31	2,84
20,34	2,83
20,36	2,85
20,39	2,87
20,41	2,89
20,43	2,88
20,46	2,91
20,48	2,90
20,51	2,94
20,53	2,94
20,56	2,97
20,58	2,97
20,61	2,99
20,63	2,98
20,65	3,04
20,68	3,03
20,70	3,07
20,73	3,08
20,75	3,12
20,78	3,15
20,80	3,19
20,83	3,18
20,85	3,24
20,87	3,25
20,90	3,29
20,92	3,32
20,95	3,36
20,97	3,37
21,00	3,43
21,02	3,44
21,05	3,50
21,07	3,53
21,09	3,55
21,12	3,59
21,14	3,63
21,17	3,65
21,19	3,70
21,22	3,71
21,24	3,74
21,26	3,77
21,29	3,80
21,31	3,85
21,34	3,87
21,36	3,91
21,39	3,96
21,41	4,00
21,44	4,05
21,46	4,11
21,48	4,15
21,51	4,22
21,53	4,26
21,56	4,31
21,58	4,35
21,61	4,42
21,63	4,44
21,66	4,50
21,68	4,52
21,70	4,58
21,73	4,61
21,75	4,67
21,78	4,70
21,80	4,77
21,83	4,79
21,85	4,86
21,88	4,88
21,90	4,95
21,92	4,99
21,95	5,04
21,97	5,06
22,00	5,11
22,02	5,13
22,05	5,19
22,07	5,18
22,10	5,23
22,12	5,26
22,14	5,32
22,17	5,33
22,19	5,39
22,22	5,40
22,24	5,48
22,27	5,49
22,29	5,52
22,31	5,53
22,34	5,57
22,36	5,57
22,39	5,64
22,41	5,64
22,44	5,68
22,46	5,69
22,49	5,72
22,51	5,73
22,53	5,76
22,56	5,73
22,58	5,77
22,61	5,75
22,63	5,76
22,66	5,75
22,68	5,75
22,71	5,74
22,73	5,75
22,75	5,73
22,78	5,75
22,80	5,71
22,83	5,72
22,85	5,72
22,88	5,71
22,90	5,69
22,93	5,69
22,95	5,67
22,97	5,67
23,00	5,66
23,02	5,63
23,05	5,61
23,07	5,58
23,10	5,55
23,12	5,54
23,15	5,53
23,17	5,51
23,19	5,50
23,22	5,46
23,24	5,46
23,27	5,42
23,29	5,39
23,32	5,34
23,34	5,30
23,36	5,25
23,39	5,23
23,41	5,18
23,44	5,17
23,46	5,12
23,49	5,10
23,51	5,06
23,54	5,02
23,56	4,98
23,58	4,98
23,61	4,93
23,63	4,93
23,66	4,89
23,68	4,86
23,71	4,83
23,73	4,83
23,76	4,76
23,78	4,76
23,80	4,69
23,83	4,67
23,85	4,64
23,88	4,63
23,90	4,57
23,93	4,56
23,95	4,50
23,98	4,52
24,00	4,48
24,02	4,46
24,05	4,42
24,07	4,40
24,10	4,36
24,12	4,37
24,15	4,32
24,17	4,32
24,20	4,28
24,22	4,29
24,24	4,27
24,27	4,26
24,29	4,23
24,32	4,24
24,34	4,20
24,37	4,20
24,39	4,19
24,42	4,18
24,44	4,17
24,46	4,18
24,49	4,14
24,51	4,16
24,54	4,15
24,56	4,14
24,59	4,17
24,61	4,17
24,63	4,17
24,66	4,18
24,68	4,20
24,71	4,23
24,73	4,24
24,76	4,21
24,78	4,22
24,81	4,21
24,83	4,24
24,85	4,24
24,88	4,24
24,90	4,24
24,93	4,27
24,95	4,27
24,98	4,32
25,00	4,32
25,03	4,36
25,05	4,38
25,07	4,43
25,10	4,43
25,12	4,48
25,15	4,48
25,17	4,53
25,20	4,53
25,22	4,55
25,25	4,58
25,27	4,63
25,29	4,65
25,32	4,74
25,34	4,76
25,37	4,82
25,39	4,86
25,42	4,90
25,44	4,94
25,47	4,99
25,49	4,99
25,51	5,04
25,54	5,05
25,56	5,11
25,59	5,15
25,61	5,20
25,64	5,24
25,66	5,32
25,68	5,37
25,71	5,46
25,73	5,50
25,76	5,58
25,78	5,64
25,81	5,71
25,83	5,76
25,86	5,82
25,88	5,86
25,90	5,93
25,93	5,98
25,95	6,04
25,98	6,10
26,00	6,18
26,03	6,24
26,05	6,35
26,08	6,43
26,10	6,52
26,12	6,58
26,15	6,64
26,17	6,72
26,20	6,79
26,22	6,83
26,25	6,91
26,27	6,98
26,30	7,06
26,32	7,13
26,34	7,20
26,37	7,29
26,39	7,36
26,42	7,45
26,44	7,53
26,47	7,61
26,49	7,68
26,52	7,80
26,54	7,87
26,56	7,96
26,59	8,01
26,61	8,09
26,64	8,17
26,66	8,27
26,69	8,30
26,71	8,40
26,73	8,45
26,76	8,54
26,78	8,62
26,81	8,72
26,83	8,76
26,86	8,85
26,88	8,88
26,91	8,99
26,93	9,02
26,95	9,07
26,98	9,11
27,00	9,17
27,03	9,20
27,05	9,27
27,08	9,28
27,10	9,35
27,13	9,37
27,15	9,43
27,17	9,46
27,20	9,50
27,22	9,51
27,25	9,58
27,27	9,57
27,30	9,61
27,32	9,61
27,35	9,64
27,37	9,63
27,39	9,66
27,42	9,62
27,44	9,65
27,47	9,62
27,49	9,64
27,52	9,64
27,54	9,64
27,57	9,61
27,59	9,62
27,61	9,58
27,64	9,60
27,66	9,56
27,69	9,52
27,71	9,48
27,74	9,44
27,76	9,38
27,78	9,36
27,81	9,28
27,83	9,24
27,86	9,18
27,88	9,14
27,91	9,11
27,93	9,07
27,96	9,01
27,98	8,97
28,00	8,90
28,03	8,84
28,05	8,77
28,08	8,70
28,10	8,63
28,13	8,55
28,15	8,47
28,18	8,41
28,20	8,33
28,22	8,27
28,25	8,20
28,27	8,12
28,30	8,06
28,32	8,00
28,35	7,93
28,37	7,89
28,40	7,82
28,42	7,74
28,44	7,68
28,47	7,58
28,49	7,52
28,52	7,44
28,54	7,36
28,57	7,28
28,59	7,23
28,62	7,16
28,64	7,15
28,66	7,08
28,69	7,04
28,71	7,01
28,74	6,95
28,76	6,88
28,79	6,85
28,81	6,78
28,84	6,75
28,86	6,67
28,88	6,61
28,91	6,56
28,93	6,54
28,96	6,47
28,98	6,46
29,01	6,40
29,03	6,40
29,05	6,37
29,08	6,35
29,10	6,33
29,13	6,32
29,15	6,27
29,18	6,28
29,20	6,22
29,23	6,22
29,25	6,19
29,27	6,18
29,30	6,16
29,32	6,17
29,35	6,16
29,37	6,20
29,40	6,19
29,42	6,20
29,45	6,22
29,47	6,24
29,49	6,25
29,52	6,26
29,54	6,26
29,57	6,29
29,59	6,32
29,62	6,33
29,64	6,35
29,67	6,36
29,69	6,39
29,71	6,42
29,74	6,45
29,76	6,48
29,79	6,52
29,81	6,54
29,84	6,62
29,86	6,66
29,89	6,72
29,91	6,77
29,93	6,82
29,96	6,85
29,98	6,90
30,01	6,92
30,03	7,00
30,06	7,03
30,08	7,10
30,10	7,16
30,13	7,24
30,15	7,31
30,18	7,41
30,20	7,47
30,23	7,56
30,25	7,63
30,28	7,72
30,30	7,78
30,32	7,87
30,35	7,89
30,37	7,99
30,40	8,03
30,42	8,13
30,45	8,19
30,47	8,30
30,50	8,38
30,52	8,51
30,54	8,58
30,57	8,73
30,59	8,80
30,62	8,91
30,64	9,01
30,67	9,09
30,69	9,17
30,72	9,28
30,74	9,34
30,76	9,46
30,79	9,54
30,81	9,64
30,84	9,78
30,86	9,90
30,89	10,01
30,91	10,15
30,94	10,27
30,96	10,40
30,98	10,53
31,01	10,63
31,03	10,73
31,06	10,84
31,08	10,93
31,11	11,05
31,13	11,15
31,15	11,26
31,18	11,39
31,20	11,52
31,23	11,64
31,25	11,77
31,28	11,90
31,30	12,07
31,33	12,20
31,35	12,30
31,37	12,43
31,40	12,52
31,42	12,65
31,45	12,76
31,47	12,86
31,50	12,96
31,52	13,07
31,55	13,17
31,57	13,34
31,59	13,45
31,62	13,57
31,64	13,66
31,67	13,79
31,69	13,90
31,72	14,03
31,74	14,09
31,77	14,19
31,79	14,25
31,81	14,34
31,84	14,40
31,86	14,48
31,89	14,54
31,91	14,62
31,94	14,68
31,96	14,76
31,99	14,81
32,01	14,88
32,03	14,95
32,06	15,00
32,08	15,02
32,11	15,06
32,13	15,05
32,16	15,08
32,18	15,08
32,20	15,09
32,23	15,09
32,25	15,10
32,28	15,07
32,30	15,12
32,33	15,10
32,35	15,10
32,38	15,05
32,40	15,05
32,42	15,03
32,45	15,03
32,47	14,96
32,50	14,94
32,52	14,88
32,55	14,85
32,57	14,78
32,60	14,71
32,62	14,61
32,64	14,56
32,67	14,47
32,69	14,40
32,72	14,30
32,74	14,22
32,77	14,17
32,79	14,10
32,82	14,00
32,84	13,93
32,86	13,83
32,89	13,74
32,91	13,63
32,94	13,50
32,96	13,39
32,99	13,25
33,01	13,11
33,04	13,00
33,06	12,88
33,08	12,75
33,11	12,65
33,13	12,54
33,16	12,45
33,18	12,35
33,21	12,22
33,23	12,11
33,26	12,01
33,28	11,89
33,30	11,78
33,33	11,63
33,35	11,51
33,38	11,40
33,40	11,29
33,43	11,18
33,45	11,08
33,47	10,97
33,50	10,92
33,52	10,82
33,55	10,74
33,57	10,64
33,60	10,56
33,62	10,46
33,65	10,38
33,67	10,27
33,69	10,21
33,72	10,11
33,74	10,06
33,77	9,99
33,79	9,93
33,82	9,85
33,84	9,82
33,87	9,75
33,89	9,72
33,91	9,65
33,94	9,61
33,96	9,56
33,99	9,54
34,01	9,49
34,04	9,49
34,06	9,44
34,09	9,45
34,11	9,43
34,13	9,43
34,16	9,41
34,18	9,41
34,21	9,38
34,23	9,41
34,26	9,39
34,28	9,40
34,31	9,40
34,33	9,43
34,35	9,44
34,38	9,48
34,40	9,49
34,43	9,55
34,45	9,56
34,48	9,60
34,50	9,64
34,52	9,69
34,55	9,72
34,57	9,77
34,60	9,80
34,62	9,88
34,65	9,95
34,67	10,01
34,70	10,09
34,72	10,16
34,74	10,23
34,77	10,33
34,79	10,41
34,82	10,49
34,84	10,59
34,87	10,65
34,89	10,76
34,92	10,84
34,94	10,93
34,96	11,04
34,99	11,13
35,01	11,21
35,04	11,34
35,06	11,43
35,09	11,56
35,11	11,66
35,14	11,78
35,16	11,88
35,18	12,00
35,21	12,09
35,23	12,24
35,26	12,32
35,28	12,44
35,31	12,54
35,33	12,67
35,36	12,80
35,38	12,95
35,40	13,05
35,43	13,22
35,45	13,36
35,48	13,53
35,50	13,69
35,53	13,85
35,55	13,96
35,57	14,12
35,60	14,24
35,62	14,40
35,65	14,52
35,67	14,65
35,70	14,79
35,72	14,97
35,75	15,12
35,77	15,30
35,79	15,44
35,82	15,61
35,84	15,76
35,87	15,93
35,89	16,07
35,92	16,22
35,94	16,36
35,97	16,53
35,99	16,69
36,01	16,85
36,04	17,00
36,06	17,18
36,09	17,37
36,11	17,53
36,14	17,69
36,16	17,87
36,19	18,06
36,21	18,24
36,23	18,42
36,26	18,57
36,28	18,73
36,31	18,89
36,33	19,04
36,36	19,20
36,38	19,35
36,41	19,48
36,43	19,65
36,45	19,80
36,48	19,97
36,50	20,12
36,53	20,26
36,55	20,38
36,58	20,54
36,60	20,64
36,62	20,78
36,65	20,87
36,67	20,99
36,70	21,09
36,72	21,20
36,75	21,28
36,77	21,43
36,80	21,51
36,82	21,65
36,84	21,72
36,87	21,81
36,89	21,88
36,92	21,96
36,94	21,98
36,97	22,08
36,99	22,09
37,02	22,14
37,04	22,16
37,06	22,21
37,09	22,22
37,11	22,27
37,14	22,23
37,16	22,26
37,19	22,23
37,21	22,23
37,24	22,20
37,26	22,19
37,28	22,14
37,31	22,12
37,33	22,07
37,36	22,07
37,38	21,99
37,41	21,95
37,43	21,89
37,46	21,85
37,48	21,76
37,50	21,69
37,53	21,57
37,55	21,50
37,58	21,38
37,60	21,27
37,63	21,14
37,65	21,05
37,68	20,91
37,70	20,84
37,72	20,71
37,75	20,61
37,77	20,47
37,80	20,33
37,82	20,19
37,85	20,06
37,87	19,86
37,89	19,71
37,92	19,53
37,94	19,38
37,97	19,20
37,99	19,04
38,02	18,89
38,04	18,75
38,07	18,54
38,09	18,41
38,11	18,24
38,14	18,08
38,16	17,92
38,19	17,73
38,21	17,55
38,24	17,41
38,26	17,22
38,29	17,04
38,31	16,87
38,33	16,70
38,36	16,55
38,38	16,38
38,41	16,26
38,43	16,13
38,46	16,02
38,48	15,90
38,51	15,75
38,53	15,61
38,55	15,51
38,58	15,35
38,60	15,23
38,63	15,09
38,65	14,98
38,68	14,86
38,70	14,78
38,73	14,65
38,75	14,59
38,77	14,50
38,80	14,45
38,82	14,37
38,85	14,32
38,87	14,25
38,90	14,25
38,92	14,17
38,94	14,15
38,97	14,09
38,99	14,08
39,02	14,04
39,04	14,04
39,07	13,97
39,09	13,99
39,12	13,96
39,14	13,98
39,16	13,99
39,19	14,01
39,21	14,00
39,24	14,04
39,26	14,04
39,29	14,12
39,31	14,13
39,34	14,16
39,36	14,20
39,38	14,24
39,41	14,28
39,43	14,35
39,46	14,38
39,48	14,45
39,51	14,51
39,53	14,58
39,56	14,66
39,58	14,76
39,60	14,85
39,63	14,96
39,65	15,05
39,68	15,16
39,70	15,28
39,73	15,39
39,75	15,50
39,78	15,58
39,80	15,67
39,82	15,79
39,85	15,92
39,87	16,03
39,90	16,21
39,92	16,32
39,95	16,48
39,97	16,64
39,99	16,80
40,02	16,96
40,04	17,13
40,07	17,20
40,09	17,36
40,12	17,47
40,14	17,63
40,17	17,75
40,19	17,92
40,21	18,05
40,24	18,25
40,26	18,40
40,29	18,62
40,31	18,79
40,34	18,99
40,36	19,17
40,39	19,38
40,41	19,57
40,43	19,79
40,46	19,94
40,48	20,13
40,51	20,30
40,53	20,47
40,56	20,64
40,58	20,83
40,61	21,00
40,63	21,24
40,65	21,43
40,68	21,66
40,70	21,87
40,73	22,09
40,75	22,32
40,78	22,53
40,80	22,70
40,83	22,91
40,85	23,08
40,87	23,29
40,90	23,47
40,92	23,66
40,95	23,88
40,97	24,10
41,00	24,32
41,02	24,57
41,05	24,77
41,07	25,01
41,09	25,25
41,12	25,44
41,14	25,64
41,17	25,83
41,19	26,03
41,22	26,22
41,24	26,40
41,26	26,57
41,29	26,79
41,31	26,99
41,34	27,18
41,36	27,40
41,39	27,61
41,41	27,81
41,44	27,99
41,46	28,16
41,48	28,34
41,51	28,48
41,53	28,61
41,56	28,76
41,58	28,90
41,61	29,03
41,63	29,18
41,66	29,32
41,68	29,49
41,70	29,60
41,73	29,74
41,75	29,86
41,78	29,99
41,80	30,07
41,83	30,21
41,85	30,27
41,88	30,39
41,90	30,45
41,92	30,52
41,95	30,59
41,97	30,67
42,00	30,67
42,02	30,77
42,05	30,78
42,07	30,84
42,10	30,86
42,12	30,91
42,14	30,91
42,17	30,95
42,19	30,92
42,22	30,95
42,24	30,91
42,27	30,90
42,29	30,85
42,31	30,81
42,34	30,74
42,36	30,70
42,39	30,60
42,41	30,57
42,44	30,44
42,46	30,37
42,49	30,26
42,51	30,19
42,53	30,09
42,56	30,04
42,58	29,91
42,61	29,85
42,63	29,73
42,66	29,64
42,68	29,50
42,71	29,38
42,73	29,17
42,75	29,03
42,78	28,83
42,80	28,67
42,83	28,48
42,85	28,30
42,88	28,12
42,90	27,98
42,93	27,78
42,95	27,64
42,97	27,45
43,00	27,27
43,02	27,07
43,05	26,85
43,07	26,64
43,10	26,45
43,12	26,21
43,15	26,00
43,17	25,76
43,19	25,54
43,22	25,37
43,24	25,16
43,27	24,97
43,29	24,80
43,32	24,60
43,34	24,41
43,36	24,23
43,39	24,02
43,41	23,83
43,44	23,62
43,46	23,39
43,49	23,20
43,51	23,02
43,54	22,85
43,56	22,69
43,58	22,51
43,61	22,37
43,63	22,25
43,66	22,12
43,68	22,02
43,71	21,90
43,73	21,74
43,76	21,65
43,78	21,49
43,80	21,39
43,83	21,27
43,85	21,16
43,88	21,06
43,90	21,01
43,93	20,91
43,95	20,89
43,98	20,82
44,00	20,80
44,02	20,75
44,05	20,73
44,07	20,68
44,10	20,70
44,12	20,67
44,15	20,68
44,17	20,67
44,20	20,70
44,22	20,71
44,24	20,74
44,27	20,75
44,29	20,78
44,32	20,79
44,34	20,86
44,37	20,90
44,39	20,97
44,41	21,06
44,44	21,14
44,46	21,23
44,49	21,34
44,51	21,39
44,54	21,50
44,56	21,60
44,59	21,69
44,61	21,79
44,63	21,88
44,66	21,98
44,68	22,12
44,71	22,24
44,73	22,35
44,76	22,51
44,78	22,66
44,81	22,85
44,83	23,01
44,85	23,18
44,88	23,34
44,90	23,56
44,93	23,71
44,95	23,90
44,98	24,02
45,00	24,20
45,03	24,36
45,05	24,56
45,07	24,70
45,10	24,91
45,12	25,08
45,15	25,37
45,17	25,56
45,20	25,81
45,22	26,02
45,25	26,23
45,27	26,41
45,29	26,68
45,32	26,80
45,34	27,03
45,37	27,17
45,39	27,39
45,42	27,62
45,44	27,87
45,47	28,05
45,49	28,33
45,51	28,54
45,54	28,84
45,56	29,08
45,59	29,36
45,61	29,60
45,64	29,88
45,66	30,08
45,68	30,34
45,71	30,53
45,73	30,77
45,76	30,99
45,78	31,22
45,81	31,44
45,83	31,72
45,86	32,00
45,88	32,28
45,90	32,54
45,93	32,81
45,95	33,09
45,98	33,34
46,00	33,57
46,03	33,80
46,05	34,01
46,08	34,23
46,10	34,45
46,12	34,68
46,15	34,94
46,17	35,19
46,20	35,42
46,22	35,70
46,25	35,97
46,27	36,24
46,30	36,49
46,32	36,74
46,34	36,98
46,37	37,20
46,39	37,38
46,42	37,57
46,44	37,75
46,47	37,93
46,49	38,12
46,52	38,30
46,54	38,53
46,56	38,73
46,59	38,92
46,61	39,14
46,64	39,33
46,66	39,47
46,69	39,66
46,71	39,77
46,73	39,95
46,76	40,12
46,78	40,24
46,81	40,36
46,83	40,48
46,86	40,57
46,88	40,73
46,91	40,80
46,93	40,94
46,95	41,04
46,98	41,17
47,00	41,28
47,03	41,42
47,05	41,47
47,08	41,58
47,10	41,63
47,13	41,68
47,15	41,74
47,17	41,77
47,20	41,78
47,22	41,85
47,25	41,86
47,27	41,91
47,30	41,91
47,32	41,92
47,35	41,96
47,37	41,96
47,39	41,91
47,42	41,91
47,44	41,84
47,47	41,82
47,49	41,74
47,52	41,67
47,54	41,59
47,57	41,52
47,59	41,38
47,61	41,32
47,64	41,18
47,66	41,08
47,69	40,96
47,71	40,85
47,74	40,71
47,76	40,62
47,78	40,44
47,81	40,33
47,83	40,16
47,86	40,01
47,88	39,83
47,91	39,65
47,93	39,42
47,96	39,24
47,98	39,00
48,00	38,81
48,03	38,54
48,05	38,31
48,08	38,09
48,10	37,89
48,13	37,67
48,15	37,46
48,18	37,20
48,20	36,99
48,22	36,76
48,25	36,53
48,27	36,27
48,30	35,99
48,32	35,72
48,35	35,45
48,37	35,20
48,40	34,95
48,42	34,68
48,44	34,45
48,47	34,23
48,49	34,01
48,52	33,80
48,54	33,59
48,57	33,39
48,59	33,21
48,62	33,02
48,64	32,78
48,66	32,60
48,69	32,39
48,71	32,18
48,74	31,97
48,76	31,78
48,79	31,58
48,81	31,48
48,84	31,33
48,86	31,22
48,88	31,10
48,91	30,99
48,93	30,91
48,96	30,82
48,98	30,69
49,01	30,62
49,03	30,49
49,05	30,42
49,08	30,37
49,10	30,30
49,13	30,23
49,15	30,20
49,18	30,13
49,20	30,16
49,23	30,13
49,25	30,13
49,27	30,14
49,30	30,19
49,32	30,21
49,35	30,28
49,37	30,30
49,40	30,38
49,42	30,45
49,45	30,52
49,47	30,60
49,49	30,67
49,52	30,73
49,54	30,84
49,57	30,91
49,59	31,01
49,62	31,09
49,64	31,18
49,67	31,33
49,69	31,47
49,71	31,61
49,74	31,79
49,76	31,92
49,79	32,10
49,81	32,29
49,84	32,43
49,86	32,58
49,89	32,72
49,91	32,86
49,93	33,07
49,96	33,24
49,98	33,42
50,01	33,65
50,03	33,87
50,06	34,13
50,08	34,37
50,10	34,58
50,13	34,82
50,15	35,05
50,18	35,28
50,20	35,50
50,23	35,67
50,25	35,88
50,28	36,10
50,30	36,37
50,32	36,59
50,35	36,84
50,37	37,08
50,40	37,41
50,42	37,69
50,45	38,00
50,47	38,25
50,50	38,53
50,52	38,79
50,54	39,10
50,57	39,31
50,59	39,60
50,62	39,83
50,64	40,12
50,67	40,38
50,69	40,68
50,72	40,94
50,74	41,29
50,76	41,56
50,79	41,92
50,81	42,18
50,84	42,53
50,86	42,84
50,89	43,15
50,91	43,37
50,94	43,69
50,96	43,91
50,98	44,25
51,01	44,50
51,03	44,75
51,06	45,06
51,08	45,42
51,11	45,73
51,13	46,09
51,15	46,37
51,18	46,71
51,20	47,03
51,23	47,30
51,25	47,57
51,28	47,83
51,30	48,04
51,33	48,31
51,35	48,54
51,37	48,81
51,40	49,10
51,42	49,34
51,45	49,54
51,47	49,75
51,50	49,86
51,52	49,97
51,55	50,00
51,57	50,00
51,59	50,00
51,62	50,00
51,64	50,00
51,67	50,00
51,69	50,00
51,72	50,00
51,74	50,00
51,77	50,00
51,79	50,00
51,81	50,00
51,84	50,00
51,86	50,00
51,89	50,00
51,91	50,00
51,94	50,00
51,96	50,00
51,99	50,00
52,01	50,00
52,03	50,00
52,06	50,00
52,08	50,00
52,11	50,00
52,13	50,00
52,16	50,00
52,18	50,00
52,20	50,00
52,23	50,00
52,25	50,00
52,28	50,00
52,30	50,00
52,33	50,00
52,35	50,00
52,38	50,00
52,40	50,00
52,42	50,00
52,45	50,00
52,47	50,00
52,50	50,00
52,52	50,00
52,55	50,00
52,57	50,00
52,60	50,00
52,62	50,00
52,64	50,00
52,67	50,00
52,69	50,00
52,72	50,00
52,74	50,00
52,77	50,00
52,79	50,00
52,82	50,00
52,84	50,00
52,86	50,00
52,89	50,00
52,91	50,00
52,94	50,00
52,96	50,00
52,99	50,00
53,01	50,00
53,04	50,00
53,06	50,00
53,08	50,00
53,11	50,00
53,13	50,00
53,16	50,00
53,18	50,00
53,21	50,00
53,23	50,00
53,26	50,00
53,28	50,00
53,30	50,00
53,33	50,00
53,35	49,98
53,38	49,89
53,40	49,80
53,43	49,64
53,45	49,44
53,47	49,22
53,50	48,96
53,52	48,67
53,55	48,43
53,57	48,15
53,60	47,90
53,62	47,66
53,65	47,41
53,67	47,14
53,69	46,93
53,72	46,73
53,74	46,54
53,77	46,32
53,79	46,11
53,82	45,91
53,84	45,75
53,87	45,58
53,89	45,35
53,91	45,16
53,94	45,01
53,96	44,87
53,99	44,72
54,01	44,55
54,04	44,37
54,06	44,27
54,09	44,15
54,11	44,06
54,13	43,96
54,16	43,89
54,18	43,83
54,21	43,79
54,23	43,72
54,26	43,69
54,28	43,61
54,31	43,58
54,33	43,55
54,35	43,58
54,38	43,58
54,40	43,62
54,43	43,62
54,45	43,69
54,48	43,72
54,50	43,76
54,52	43,77
54,55	43,83
54,57	43,86
54,60	43,99
54,62	44,06
54,65	44,17
54,67	44,28
54,70	44,41
54,72	44,54
54,74	44,69
54,77	44,78
54,79	44,93
54,82	45,06
54,84	45,18
54,87	45,37
54,89	45,55
54,92	45,72
54,94	45,94
54,96	46,16
54,99	46,38
55,01	46,59
55,04	46,82
55,06	47,06
55,09	47,28
55,11	47,46
55,14	47,69
55,16	47,91
55,18	48,15
55,21	48,38
55,23	48,60
55,26	48,89
55,28	49,18
55,31	49,40
55,33	49,60
55,36	49,78
55,38	49,89
55,40	49,98
55,43	50,00
55,45	50,00
55,48	50,00
55,50	50,00
55,53	50,00
55,55	50,00
55,57	50,00
55,60	50,00
55,62	50,00
55,65	50,00
55,67	50,00
55,70	50,00
55,72	50,00
55,75	50,00
55,77	50,00
55,79	50,00
55,82	50,00
55,84	50,00
55,87	50,00
55,89	50,00
55,92	50,00
55,94	50,00
55,97	50,00
55,99	50,00
56,01	50,00
56,04	50,00
56,06	50,00
56,09	50,00
56,11	50,00
56,14	50,00
56,16	50,00
56,19	50,00
56,21	50,00
56,23	50,00
56,26	50,00
56,28	50,00
56,31	50,00
56,33	50,00
56,36	50,00
56,38	50,00
56,41	50,00
56,43	50,00
56,45	50,00
56,48	50,00
56,50	50,00
56,53	50,00
56,55	50,00
56,58	50,00
56,60	50,00
56,62	50,00
56,65	50,00
56,67	50,00
56,70	50,00
56,72	50,00
56,75	50,00
56,77	50,00
56,80	50,00
56,82	50,00
56,84	50,00
56,87	50,00
56,89	50,00
56,92	50,00
56,94	50,00
56,97	50,00
56,99	50,00
57,02	50,00
57,04	50,00
57,06	50,00
57,09	50,00
57,11	50,00
57,14	50,00
57,16	50,00
57,19	50,00
57,21	50,00
57,24	50,00
57,26	50,00
57,28	50,00
57,31	50,00
57,33	50,00
57,36	50,00
57,38	50,00
57,41	50,00
57,43	50,00
57,46	50,00
57,48	50,00
57,50	50,00
57,53	50,00
57,55	50,00
57,58	50,00
57,60	50,00
57,63	50,00
57,65	50,00
57,68	50,00
57,70	50,00
57,72	50,00
57,75	50,00
57,77	50,00
57,80	50,00
57,82	50,00
57,85	50,00
57,87	50,00
57,89	50,00
57,92	50,00
57,94	50,00
57,97	50,00
57,99	50,00
58,02	50,00
58,04	50,00
58,07	50,00
58,09	50,00
58,11	50,00
58,14	50,00
58,16	50,00
58,19	50,00
58,21	50,00
58,24	50,00
58,26	50,00
58,29	50,00
58,31	50,00
58,33	50,00
58,36	50,00
58,38	50,00
58,41	50,00
58,43	50,00
58,46	50,00
58,48	50,00
58,51	50,00
58,53	50,00
58,55	50,00
58,58	50,00
58,60	50,00
58,63	50,00
58,65	50,00
58,68	50,00
58,70	50,00
58,73	50,00
58,75	50,00
58,77	50,00
58,80	50,00
58,82	50,00
58,85	50,00
58,87	50,00
58,90	50,00
58,92	50,00
58,94	50,00
58,97	50,00
58,99	50,00
59,02	50,00
59,04	50,00
59,07	50,00
59,09	50,00
59,12	50,00
59,14	50,00
59,16	50,00
59,19	50,00
59,21	50,00
59,24	50,00
59,26	50,00
59,29	50,00
59,31	50,00
59,34	50,00
59,36	50,00
59,38	50,00
59,41	50,00
59,43	50,00
59,46	50,00
59,48	50,00
59,51	50,00
59,53	50,00
59,56	50,00
59,58	50,00
59,60	50,00
59,63	50,00
59,65	50,00
59,68	50,00
59,70	50,00
59,73	50,00
59,75	50,00
59,78	50,00
59,80	50,00
59,82	50,00
59,85	50,00
59,87	50,00
59,90	50,00
59,92	50,00
59,95	50,00
59,97	50,00
59,99	50,00
