U1/V	IA/nA
0,02	0,43
0,04	0,43
0,07	0,47
0,09	0,49
0,12	0,52
0,14	0,49
0,17	0,53
0,19	0,49
0,21	0,53
0,24	0,49
0,26	0,50
0,29	0,48
0,31	0,51
0,34	0,48
0,36	0,53
0,39	0,50
0,41	0,52
0,43	0,51
0,46	0,54
0,48	0,51
0,51	0,55
0,53	0,49
0,56	0,50
0,58	0,49
0,61	0,51
0,63	0,50
0,65	0,51
0,68	0,48
0,70	0,50
0,73	0,48
0,75	0,52
0,78	0,49
0,80	0,48
0,83	0,46
0,85	0,46
0,87	0,45
0,90	0,46
0,92	0,42
0,95	0,43
0,97	0,41
1,00	0,42
1,02	0,44
1,05	0,46
1,07	0,48
1,09	0,51
1,12	0,50
1,14	0,52
1,17	0,53
1,19	0,53
1,22	0,52
1,24	0,51
1,26	0,50
1,29	0,51
1,31	0,51
1,34	0,49
1,36	0,52
1,39	0,50
1,41	0,51
1,44	0,48
1,46	0,49
1,48	0,51
1,51	0,54
1,53	0,49
1,56	0,51
1,58	0,48
1,61	0,50
1,63	0,48
1,66	0,49
1,68	0,46
1,70	0,47
1,73	0,44
1,75	0,50
1,78	0,47
1,80	0,49
1,83	0,49
1,85	0,52
1,88	0,51
1,90	0,55
1,92	0,52
1,95	0,55
1,97	0,53
2,00	0,52
2,02	0,50
2,05	0,52
2,07	0,47
2,10	0,52
2,12	0,51
2,14	0,54
2,17	0,55
2,19	0,54
2,22	0,54
2,24	0,56
2,27	0,53
2,29	0,54
2,31	0,50
2,34	0,50
2,36	0,49
2,39	0,47
2,41	0,47
2,44	0,48
2,46	0,48
2,49	0,50
2,51	0,49
2,53	0,50
2,56	0,53
2,58	0,51
2,61	0,51
2,63	0,49
2,66	0,48
2,68	0,46
2,71	0,47
2,73	0,43
2,75	0,46
2,78	0,44
2,80	0,44
2,83	0,44
2,85	0,46
2,88	0,46
2,90	0,49
2,93	0,46
2,95	0,49
2,97	0,49
3,00	0,50
3,02	0,49
3,05	0,49
3,07	0,46
3,10	0,48
3,12	0,44
3,15	0,47
3,17	0,44
3,19	0,47
3,22	0,48
3,24	0,50
3,27	0,47
3,29	0,53
3,32	0,50
3,34	0,55
3,36	0,51
3,39	0,52
3,41	0,50
3,44	0,54
3,46	0,49
3,49	0,52
3,51	0,46
3,54	0,50
3,56	0,47
3,58	0,51
3,61	0,47
3,63	0,50
3,66	0,46
3,68	0,53
3,71	0,49
3,73	0,51
3,76	0,48
3,78	0,48
3,80	0,44
3,83	0,47
3,85	0,42
3,88	0,45
3,90	0,42
3,93	0,44
3,95	0,45
3,98	0,49
4,00	0,46
4,02	0,50
4,05	0,49
4,07	0,51
4,10	0,49
4,12	0,49
4,15	0,49
4,17	0,51
4,20	0,49
4,22	0,50
4,24	0,50
4,27	0,52
4,29	0,54
4,32	0,52
4,34	0,53
4,37	0,52
4,39	0,51
4,42	0,54
4,44	0,53
4,46	0,50
4,49	0,52
4,51	0,47
4,54	0,49
4,56	0,48
4,59	0,47
4,61	0,45
4,63	0,44
4,66	0,42
4,68	0,47
4,71	0,45
4,73	0,47
4,76	0,46
4,78	0,49
4,81	0,49
4,83	0,53
4,85	0,50
4,88	0,53
4,90	0,50
4,93	0,50
4,95	0,48
4,98	0,50
5,00	0,46
5,03	0,50
5,05	0,45
5,07	0,48
5,10	0,47
5,12	0,50
5,15	0,50
5,17	0,52
5,20	0,48
5,22	0,51
5,25	0,46
5,27	0,49
5,29	0,45
5,32	0,47
5,34	0,45
5,37	0,48
5,39	0,46
5,42	0,50
5,44	0,47
5,47	0,51
5,49	0,50
5,51	0,52
5,54	0,50
5,56	0,54
5,59	0,52
5,61	0,55
5,64	0,51
5,66	0,51
5,68	0,52
5,71	0,51
5,73	0,47
5,76	0,48
5,78	0,48
5,81	0,49
5,83	0,48
5,86	0,45
5,88	0,50
5,90	0,51
5,93	0,51
5,95	0,50
5,98	0,49
6,00	0,47
6,03	0,47
6,05	0,43
6,08	0,46
6,10	0,45
6,12	0,46
6,15	0,47
6,17	0,49
6,20	0,49
6,22	0,51
6,25	0,49
6,27	0,51
6,30	0,48
6,32	0,49
6,34	0,47
6,37	0,50
6,39	0,47
6,42	0,51
6,44	0,47
6,47	0,49
6,49	0,46
6,52	0,49
6,54	0,47
6,56	0,50
6,59	0,46
6,61	0,52
6,64	0,49
6,66	0,54
6,69	0,51
6,71	0,52
6,73	0,50
6,76	0,54
6,78	0,50
6,81	0,53
6,83	0,47
6,86	0,50
6,88	0,49
6,91	0,50
6,93	0,48
6,95	0,51
6,98	0,47
7,00	0,53
7,03	0,52
7,05	0,54
7,08	0,52
7,10	0,51
7,13	0,49
7,15	0,52
7,17	0,50
7,20	0,52
7,22	0,51
7,25	0,54
7,27	0,54
7,30	0,54
7,32	0,51
7,35	0,55
7,37	0,52
7,39	0,51
7,42	0,48
7,44	0,48
7,47	0,49
7,49	0,52
7,52	0,50
7,54	0,51
7,57	0,49
7,59	0,50
7,61	0,54
7,64	0,54
7,66	0,53
7,69	0,51
7,71	0,50
7,74	0,52
7,76	0,53
7,78	0,50
7,81	0,51
7,83	0,49
7,86	0,52
7,88	0,52
7,91	0,52
7,93	0,51
7,96	0,54
7,98	0,51
8,00	0,54
8,03	0,51
8,05	0,52
8,08	0,53
8,10	0,56
8,13	0,51
8,15	0,54
8,18	0,52
8,20	0,56
8,22	0,52
8,25	0,54
8,27	0,49
8,30	0,51
8,32	0,48
8,35	0,52
8,37	0,49
8,40	0,52
8,42	0,49
8,44	0,54
8,47	0,53
8,49	0,57
8,52	0,52
8,54	0,55
8,57	0,53
8,59	0,56
8,62	0,53
8,64	0,55
8,66	0,51
8,69	0,53
8,71	0,52
8,74	0,55
8,76	0,53
8,79	0,54
8,81	0,52
8,84	0,55
8,86	0,54
8,88	0,55
8,91	0,52
8,93	0,50
8,96	0,50
8,98	0,51
9,01	0,49
9,03	0,49
9,05	0,48
9,08	0,51
9,10	0,53
9,13	0,53
9,15	0,54
9,18	0,54
9,20	0,57
9,23	0,57
9,25	0,56
9,27	0,54
9,30	0,56
9,32	0,55
9,35	0,59
9,37	0,56
9,40	0,56
9,42	0,56
9,45	0,58
9,47	0,57
9,49	0,58
9,52	0,54
9,54	0,57
9,57	0,56
9,59	0,58
9,62	0,57
9,64	0,59
9,67	0,57
9,69	0,60
9,71	0,57
9,74	0,61
9,76	0,57
9,79	0,59
9,81	0,56
9,84	0,59
9,86	0,56
9,89	0,59
9,91	0,55
9,93	0,60
9,96	0,57
9,98	0,60
10,01	0,57
10,03	0,60
10,06	0,57
10,08	0,61
10,10	0,58
10,13	0,61
10,15	0,58
10,18	0,61
10,20	0,60
10,23	0,64
10,25	0,60
10,28	0,64
10,30	0,62
10,32	0,66
10,35	0,64
10,37	0,63
10,40	0,59
10,42	0,62
10,45	0,62
10,47	0,61
10,50	0,56
10,52	0,59
10,54	0,59
10,57	0,62
10,59	0,60
10,62	0,59
10,64	0,59
10,67	0,63
10,69	0,61
10,72	0,60
10,74	0,60
10,76	0,59
10,79	0,57
10,81	0,59
10,84	0,60
10,86	0,59
10,89	0,62
10,91	0,60
10,94	0,62
10,96	0,62
10,98	0,62
11,01	0,62
11,03	0,63
11,06	0,61
11,08	0,64
11,11	0,64
11,13	0,66
11,15	0,65
11,18	0,66
11,20	0,65
11,23	0,66
11,25	0,63
11,28	0,66
11,30	0,64
11,33	0,66
11,35	0,64
11,37	0,66
11,40	0,65
11,42	0,70
11,45	0,66
11,47	0,69
11,50	0,66
11,52	0,68
11,55	0,68
11,57	0,73
11,59	0,67
11,62	0,71
11,64	0,67
11,67	0,73
11,69	0,71
11,72	0,72
11,74	0,68
11,77	0,71
11,79	0,69
11,81	0,73
11,84	0,68
11,86	0,69
11,89	0,68
11,91	0,71
11,94	0,71
11,96	0,72
11,99	0,68
12,01	0,72
12,03	0,70
12,06	0,74
12,08	0,73
12,11	0,73
12,13	0,72
12,16	0,75
12,18	0,73
12,21	0,75
12,23	0,72
12,25	0,75
12,28	0,77
12,30	0,78
12,33	0,74
12,35	0,76
12,38	0,75
12,40	0,77
12,42	0,75
12,45	0,74
12,47	0,73
12,50	0,74
12,52	0,75
12,55	0,74
12,57	0,76
12,60	0,74
12,62	0,74
12,64	0,74
12,67	0,77
12,69	0,75
12,72	0,79
12,74	0,78
12,77	0,80
12,79	0,78
12,82	0,81
12,84	0,79
12,86	0,82
12,89	0,80
12,91	0,81
12,94	0,80
12,96	0,83
12,99	0,80
13,01	0,84
13,04	0,81
13,06	0,83
13,08	0,81
13,11	0,84
13,13	0,84
13,16	0,88
13,18	0,83
13,21	0,88
13,23	0,85
13,26	0,87
13,28	0,84
13,30	0,85
13,33	0,82
13,35	0,85
13,38	0,82
13,40	0,86
13,43	0,83
13,45	0,85
13,47	0,85
13,50	0,88
13,52	0,88
13,55	0,89
13,57	0,86
13,60	0,92
13,62	0,89
13,65	0,89
13,67	0,88
13,69	0,88
13,72	0,87
13,74	0,91
13,77	0,89
13,79	0,94
13,82	0,94
13,84	0,94
13,87	0,92
13,89	0,94
13,91	0,92
13,94	0,90
13,96	0,87
13,99	0,87
14,01	0,89
14,04	0,89
14,06	0,89
14,09	0,89
14,11	0,91
14,13	0,93
14,16	0,93
14,18	0,91
14,21	0,95
14,23	0,95
14,26	0,96
14,28	0,95
14,31	0,97
14,33	0,95
14,35	0,98
14,38	0,94
14,40	0,95
14,43	0,93
14,45	0,94
14,48	0,93
14,50	0,96
14,52	0,94
14,55	0,99
14,57	0,95
14,60	1,00
14,62	0,97
14,65	0,97
14,67	0,95
14,70	0,97
14,72	0,94
14,74	0,97
14,77	0,92
14,79	0,96
14,82	0,94
14,84	0,96
14,87	0,94
14,89	0,96
14,92	0,94
14,94	1,00
14,96	0,96
14,99	0,99
15,01	0,98
15,04	1,01
15,06	0,99
15,09	1,01
15,11	0,96
15,14	1,00
15,16	0,98
15,18	1,00
15,21	0,99
15,23	1,00
15,26	0,98
15,28	1,03
15,31	1,00
15,33	1,04
15,36	1,02
15,38	1,04
15,40	1,03
15,43	1,01
15,45	0,99
15,48	1,03
15,50	0,99
15,53	1,00
15,55	0,96
15,57	0,98
15,60	1,02
15,62	1,01
15,65	1,00
15,67	1,05
15,70	1,05
15,72	1,06
15,75	1,06
15,77	1,04
15,79	1,06
15,82	1,05
15,84	1,03
15,87	1,02
15,89	1,04
15,92	1,03
15,94	1,08
15,97	1,05
15,99	1,08
16,01	1,06
16,04	1,07
16,06	1,09
16,09	1,10
16,11	1,06
16,14	1,08
16,16	1,04
16,19	1,06
16,21	1,04
16,23	1,04
16,26	1,01
16,28	1,03
16,31	1,00
16,33	1,06
16,36	1,04
16,38	1,08
16,41	1,08
16,43	1,10
16,45	1,09
16,48	1,13
16,50	1,09
16,53	1,12
16,55	1,09
16,58	1,11
16,60	1,10
16,63	1,12
16,65	1,09
16,67	1,12
16,70	1,09
16,72	1,12
16,75	1,09
16,77	1,11
16,80	1,12
16,82	1,16
16,84	1,13
16,87	1,16
16,89	1,14
16,92	1,15
16,94	1,14
16,97	1,15
16,99	1,13
17,02	1,15
17,04	1,14
17,06	1,15
17,09	1,16
17,11	1,17
17,14	1,18
17,16	1,18
17,19	1,19
17,21	1,21
17,24	1,20
17,26	1,20
17,28	1,22
17,31	1,22
17,33	1,25
17,36	1,24
17,38	1,23
17,41	1,24
17,43	1,26
17,46	1,24
17,48	1,24
17,50	1,20
17,53	1,24
17,55	1,23
17,58	1,26
17,60	1,25
17,63	1,27
17,65	1,24
17,68	1,28
17,70	1,25
17,72	1,29
17,75	1,27
17,77	1,29
17,80	1,29
17,82	1,33
17,85	1,29
17,87	1,34
17,89	1,32
17,92	1,37
17,94	1,35
17,97	1,37
17,99	1,35
18,02	1,40
18,04	1,35
18,07	1,39
18,09	1,34
18,11	1,38
18,14	1,36
18,16	1,39
18,19	1,37
18,21	1,41
18,24	1,38
18,26	1,46
18,29	1,43
18,31	1,45
18,33	1,44
18,36	1,43
18,38	1,41
18,41	1,43
18,43	1,38
18,46	1,38
18,48	1,35
18,51	1,39
18,53	1,40
18,55	1,42
18,58	1,42
18,60	1,46
18,63	1,47
18,65	1,51
18,68	1,50
18,70	1,53
18,73	1,52
18,75	1,50
18,77	1,48
18,80	1,50
18,82	1,47
18,85	1,47
18,87	1,47
18,90	1,46
18,92	1,48
18,94	1,49
18,97	1,49
18,99	1,54
19,02	1,55
19,04	1,52
19,07	1,54
19,09	1,51
19,12	1,53
19,14	1,52
19,16	1,50
19,19	1,48
19,21	1,48
19,24	1,47
19,26	1,51
19,29	1,49
19,31	1,50
19,34	1,48
19,36	1,50
19,38	1,50
19,41	1,53
19,43	1,50
19,46	1,53
19,48	1,50
19,51	1,52
19,53	1,50
19,56	1,52
19,58	1,48
19,60	1,52
19,63	1,49
19,65	1,51
19,68	1,48
19,70	1,51
19,73	1,51
19,75	1,54
19,78	1,49
19,80	1,52
19,82	1,48
19,85	1,52
19,87	1,48
19,90	1,47
19,92	1,44
19,95	1,46
19,97	1,43
19,99	1,48
20,02	1,44
20,04	1,49
20,07	1,49
20,09	1,51
20,12	1,50
20,14	1,53
20,17	1,49
20,19	1,52
20,21	1,48
20,24	1,48
20,26	1,49
20,29	1,47
20,31	1,47
20,34	1,49
20,36	1,46
20,39	1,51
20,41	1,50
20,43	1,48
20,46	1,50
20,48	1,49
20,51	1,48
20,53	1,49
20,56	1,46
20,58	1,44
20,61	1,46
20,63	1,44
20,65	1,47
20,68	1,46
20,70	1,47
20,73	1,47
20,75	1,48
20,78	1,46
20,80	1,48
20,83	1,47
20,85	1,49
20,87	1,47
20,90	1,48
20,92	1,48
20,95	1,50
20,97	1,48
21,00	1,54
21,02	1,50
21,05	1,53
21,07	1,52
21,09	1,55
21,12	1,54
21,14	1,58
21,17	1,52
21,19	1,59
21,22	1,56
21,24	1,60
21,26	1,59
21,29	1,62
21,31	1,59
21,34	1,63
21,36	1,57
21,39	1,62
21,41	1,57
21,44	1,60
21,46	1,59
21,48	1,63
21,51	1,61
21,53	1,65
21,56	1,63
21,58	1,68
21,61	1,68
21,63	1,69
21,66	1,67
21,68	1,69
21,70	1,68
21,73	1,73
21,75	1,72
21,78	1,74
21,80	1,75
21,83	1,75
21,85	1,78
21,88	1,79
21,90	1,77
21,92	1,81
21,95	1,80
21,97	1,79
22,00	1,79
22,02	1,79
22,05	1,82
22,07	1,83
22,10	1,82
22,12	1,85
22,14	1,84
22,17	1,86
22,19	1,91
22,22	1,91
22,24	1,92
22,27	1,92
22,29	1,93
22,31	1,97
22,34	2,00
22,36	1,99
22,39	2,03
22,41	2,03
22,44	2,05
22,46	2,06
22,49	2,08
22,51	2,08
22,53	2,11
22,56	2,08
22,58	2,12
22,61	2,10
22,63	2,12
22,66	2,12
22,68	2,15
22,71	2,12
22,73	2,16
22,75	2,14
22,78	2,18
22,80	2,14
22,83	2,18
22,85	2,16
22,88	2,18
22,90	2,16
22,93	2,21
22,95	2,19
22,97	2,24
23,00	2,21
23,02	2,26
23,05	2,24
23,07	2,28
23,10	2,24
23,12	2,26
23,15	2,24
23,17	2,27
23,19	2,26
23,22	2,29
23,24	2,27
23,27	2,28
23,29	2,27
23,32	2,31
23,34	2,31
23,36	2,33
23,39	2,32
23,41	2,34
23,44	2,33
23,46	2,36
23,49	2,34
23,51	2,34
23,54	2,32
23,56	2,28
23,58	2,26
23,61	2,25
23,63	2,23
23,66	2,23
23,68	2,20
23,71	2,19
23,73	2,24
23,76	2,24
23,78	2,28
23,80	2,25
23,83	2,23
23,85	2,25
23,88	2,26
23,90	2,26
23,93	2,31
23,95	2,29
23,98	2,32
24,00	2,31
24,02	2,33
24,05	2,31
24,07	2,31
24,10	2,24
24,12	2,27
24,15	2,22
24,17	2,25
24,20	2,22
24,22	2,24
24,24	2,21
24,27	2,24
24,29	2,20
24,32	2,24
24,34	2,19
24,37	2,21
24,39	2,17
24,42	2,20
24,44	2,16
24,46	2,19
24,49	2,14
24,51	2,19
24,54	2,15
24,56	2,18
24,59	2,14
24,61	2,16
24,63	2,10
24,66	2,15
24,68	2,10
24,71	2,13
24,73	2,10
24,76	2,12
24,78	2,10
24,81	2,13
24,83	2,09
24,85	2,12
24,88	2,11
24,90	2,10
24,93	2,07
24,95	2,09
24,98	2,06
25,00	2,08
25,03	2,05
25,05	2,03
25,07	2,00
25,10	2,02
25,12	2,03
25,15	2,04
25,17	2,04
25,20	2,06
25,22	2,08
25,25	2,11
25,27	2,11
25,29	2,07
25,32	2,09
25,34	2,06
25,37	2,04
25,39	2,04
25,42	2,05
25,44	2,03
25,47	2,06
25,49	2,04
25,51	2,07
25,54	2,07
25,56	2,07
25,59	2,07
25,61	2,09
25,64	2,06
25,66	2,08
25,68	2,07
25,71	2,10
25,73	2,08
25,76	2,09
25,78	2,09
25,81	2,11
25,83	2,10
25,86	2,15
25,88	2,13
25,90	2,17
25,93	2,15
25,95	2,18
25,98	2,18
26,00	2,23
26,03	2,20
26,05	2,26
26,08	2,25
26,10	2,29
26,12	2,30
26,15	2,34
26,17	2,32
26,20	2,36
26,22	2,33
26,25	2,39
26,27	2,39
26,30	2,41
26,32	2,41
26,34	2,44
26,37	2,43
26,39	2,48
26,42	2,46
26,44	2,49
26,47	2,48
26,49	2,49
26,52	2,50
26,54	2,54
26,56	2,56
26,59	2,62
26,61	2,63
26,64	2,66
26,66	2,69
26,69	2,73
26,71	2,74
26,73	2,73
26,76	2,73
26,78	2,74
26,81	2,77
26,83	2,80
26,86	2,84
26,88	2,87
26,91	2,92
26,93	2,94
26,95	2,98
26,98	3,00
27,00	3,03
27,03	2,99
27,05	3,01
27,08	2,99
27,10	3,03
27,13	3,06
27,15	3,09
27,17	3,08
27,20	3,11
27,22	3,14
27,25	3,20
27,27	3,20
27,30	3,23
27,32	3,25
27,35	3,28
27,37	3,30
27,39	3,33
27,42	3,32
27,44	3,35
27,47	3,34
27,49	3,36
27,52	3,36
27,54	3,39
27,57	3,38
27,59	3,44
27,61	3,42
27,64	3,45
27,66	3,44
27,69	3,47
27,71	3,47
27,74	3,52
27,76	3,47
27,78	3,51
27,81	3,47
27,83	3,50
27,86	3,49
27,88	3,51
27,91	3,48
27,93	3,51
27,96	3,49
27,98	3,53
28,00	3,51
28,03	3,55
28,05	3,55
28,08	3,58
28,10	3,54
28,13	3,54
28,15	3,51
28,18	3,52
28,20	3,47
28,22	3,46
28,25	3,45
28,27	3,45
28,30	3,43
28,32	3,47
28,35	3,46
28,37	3,47
28,40	3,44
28,42	3,41
28,44	3,44
28,47	3,42
28,49	3,39
28,52	3,40
28,54	3,36
28,57	3,35
28,59	3,36
28,62	3,31
28,64	3,32
28,66	3,31
28,69	3,30
28,71	3,30
28,74	3,27
28,76	3,23
28,79	3,26
28,81	3,24
28,84	3,23
28,86	3,20
28,88	3,19
28,91	3,19
28,93	3,20
28,96	3,15
28,98	3,15
29,01	3,10
29,03	3,09
29,05	3,08
29,08	3,09
29,10	3,07
29,13	3,06
29,15	3,00
29,18	3,04
29,20	3,01
29,23	3,01
29,25	2,96
29,27	2,95
29,30	2,91
29,32	2,94
29,35	2,89
29,37	2,91
29,40	2,86
29,42	2,88
29,45	2,87
29,47	2,90
29,49	2,85
29,52	2,90
29,54	2,85
29,57	2,88
29,59	2,85
29,62	2,86
29,64	2,82
29,67	2,86
29,69	2,79
29,71	2,82
29,74	2,79
29,76	2,81
29,79	2,77
29,81	2,76
29,84	2,73
29,86	2,78
29,89	2,77
29,91	2,80
29,93	2,78
29,96	2,82
29,98	2,85
30,01	2,82
30,03	2,79
30,06	2,79
30,08	2,76
30,10	2,76
30,13	2,74
30,15	2,73
30,18	2,77
30,20	2,77
30,23	2,80
30,25	2,83
30,28	2,84
30,30	2,86
30,32	2,89
30,35	2,90
30,37	2,93
30,40	2,90
30,42	2,90
30,45	2,90
30,47	2,92
30,50	2,90
30,52	2,92
30,54	2,91
30,57	2,94
30,59	2,93
30,62	2,97
30,64	3,00
30,67	3,05
30,69	3,03
30,72	3,08
30,74	3,06
30,76	3,12
30,79	3,13
30,81	3,16
30,84	3,15
30,86	3,21
30,89	3,20
30,91	3,29
30,94	3,28
30,96	3,31
30,98	3,32
31,01	3,37
31,03	3,37
31,06	3,42
31,08	3,41
31,11	3,47
31,13	3,48
31,15	3,52
31,18	3,53
31,20	3,58
31,23	3,59
31,25	3,67
31,28	3,68
31,30	3,75
31,33	3,77
31,35	3,82
31,37	3,85
31,40	3,93
31,42	3,95
31,45	4,01
31,47	3,99
31,50	4,06
31,52	4,06
31,55	4,10
31,57	4,10
31,59	4,13
31,62	4,14
31,64	4,20
31,67	4,22
31,69	4,27
31,72	4,33
31,74	4,36
31,77	4,41
31,79	4,43
31,81	4,45
31,84	4,46
31,86	4,51
31,89	4,52
31,91	4,59
31,94	4,58
31,96	4,62
31,99	4,66
32,01	4,71
32,03	4,73
32,06	4,76
32,08	4,75
32,11	4,83
32,13	4,84
32,16	4,88
32,18	4,90
32,20	4,92
32,23	4,92
32,25	4,98
32,28	4,97
32,30	5,01
32,33	5,00
32,35	5,03
32,38	5,03
32,40	5,06
32,42	5,03
32,45	5,08
32,47	5,06
32,50	5,12
32,52	5,10
32,55	5,14
32,57	5,12
32,60	5,16
32,62	5,13
32,64	5,16
32,67	5,11
32,69	5,13
32,72	5,09
32,74	5,11
32,77	5,08
32,79	5,11
32,82	5,06
32,84	5,12
32,86	5,09
32,89	5,09
32,91	5,06
32,94	5,03
32,96	4,99
32,99	5,02
33,01	4,93
33,04	4,95
33,06	4,91
33,08	4,92
33,11	4,92
33,13	4,91
33,16	4,88
33,18	4,90
33,21	4,85
33,23	4,85
33,26	4,81
33,28	4,80
33,30	4,78
33,33	4,73
33,35	4,70
33,38	4,69
33,40	4,63
33,43	4,63
33,45	4,61
33,47	4,56
33,50	4,55
33,52	4,51
33,55	4,48
33,57	4,50
33,60	4,45
33,62	4,40
33,65	4,39
33,67	4,32
33,69	4,30
33,72	4,26
33,74	4,22
33,77	4,17
33,79	4,15
33,82	4,10
33,84	4,12
33,87	4,08
33,89	4,07
33,91	4,02
33,94	4,02
33,96	3,99
33,99	3,99
34,01	3,94
34,04	3,96
34,06	3,91
34,09	3,92
34,11	3,88
34,13	3,87
34,16	3,82
34,18	3,83
34,21	3,76
34,23	3,79
34,26	3,74
34,28	3,75
34,31	3,73
34,33	3,75
34,35	3,69
34,38	3,72
34,40	3,68
34,43	3,69
34,45	3,64
34,48	3,64
34,50	3,62
34,52	3,63
34,55	3,59
34,57	3,63
34,60	3,60
34,62	3,64
34,65	3,61
34,67	3,63
34,70	3,62
34,72	3,63
34,74	3,58
34,77	3,59
34,79	3,55
34,82	3,58
34,84	3,60
34,87	3,60
34,89	3,62
34,92	3,64
34,94	3,67
34,96	3,72
34,99	3,73
35,01	3,73
35,04	3,77
35,06	3,75
35,09	3,79
35,11	3,79
35,14	3,79
35,16	3,78
35,18	3,81
35,21	3,80
35,23	3,85
35,26	3,85
35,28	3,89
35,31	3,91
35,33	3,94
35,36	3,95
35,38	4,01
35,40	4,01
35,43	4,07
35,45	4,08
35,48	4,11
35,50	4,13
35,53	4,19
35,55	4,20
35,57	4,28
35,60	4,27
35,62	4,33
35,65	4,35
35,67	4,41
35,70	4,43
35,72	4,50
35,75	4,48
35,77	4,57
35,79	4,59
35,82	4,66
35,84	4,68
35,87	4,75
35,89	4,77
35,92	4,85
35,94	4,88
35,97	4,95
35,99	4,95
36,01	5,02
36,04	5,05
36,06	5,14
36,09	5,15
36,11	5,22
36,14	5,24
36,16	5,33
36,19	5,36
36,21	5,43
36,23	5,46
36,26	5,52
36,28	5,54
36,31	5,59
36,33	5,60
36,36	5,66
36,38	5,70
36,41	5,77
36,43	5,83
36,45	5,91
36,48	5,95
36,50	6,05
36,53	6,10
36,55	6,13
36,58	6,16
36,60	6,22
36,62	6,25
36,65	6,32
36,67	6,36
36,70	6,39
36,72	6,41
36,75	6,46
36,77	6,52
36,80	6,56
36,82	6,60
36,84	6,63
36,87	6,69
36,89	6,75
36,92	6,81
36,94	6,81
36,97	6,86
36,99	6,87
37,02	6,90
37,04	6,93
37,06	6,96
37,09	6,97
37,11	7,01
37,14	7,01
37,16	7,06
37,19	7,06
37,21	7,08
37,24	7,09
37,26	7,13
37,28	7,10
37,31	7,14
37,33	7,11
37,36	7,15
37,38	7,14
37,41	7,17
37,43	7,13
37,46	7,14
37,48	7,10
37,50	7,13
37,53	7,09
37,55	7,10
37,58	7,04
37,60	7,05
37,63	7,03
37,65	7,04
37,68	6,98
37,70	6,99
37,72	6,95
37,75	6,95
37,77	6,93
37,80	6,93
37,82	6,86
37,85	6,84
37,87	6,78
37,89	6,78
37,92	6,71
37,94	6,67
37,97	6,60
37,99	6,57
38,02	6,52
38,04	6,49
38,07	6,41
38,09	6,37
38,11	6,32
38,14	6,29
38,16	6,26
38,19	6,22
38,21	6,17
38,24	6,16
38,26	6,10
38,29	6,04
38,31	5,99
38,33	5,93
38,36	5,90
38,38	5,83
38,41	5,76
38,43	5,75
38,46	5,72
38,48	5,69
38,51	5,68
38,53	5,62
38,55	5,59
38,58	5,53
38,60	5,49
38,63	5,44
38,65	5,40
38,68	5,32
38,70	5,31
38,73	5,25
38,75	5,25
38,77	5,21
38,80	5,18
38,82	5,14
38,85	5,12
38,87	5,06
38,90	5,08
38,92	5,01
38,94	4,99
38,97	4,93
38,99	4,93
39,02	4,87
39,04	4,89
39,07	4,83
39,09	4,85
39,12	4,80
39,14	4,81
39,16	4,77
39,19	4,78
39,21	4,72
39,24	4,75
39,26	4,70
39,29	4,73
39,31	4,69
39,34	4,72
39,36	4,71
39,38	4,73
39,41	4,69
39,43	4,71
39,46	4,67
39,48	4,68
39,51	4,66
39,53	4,69
39,56	4,68
39,58	4,70
39,60	4,70
39,63	4,76
39,65	4,76
39,68	4,77
39,70	4,77
39,73	4,81
39,75	4,83
39,78	4,85
39,80	4,81
39,82	4,86
39,85	4,89
39,87	4,93
39,90	4,95
39,92	4,94
39,95	4,96
39,97	5,04
39,99	5,08
40,02	5,11
40,04	5,12
40,07	5,15
40,09	5,22
40,12	5,25
40,14	5,27
40,17	5,29
40,19	5,33
40,21	5,35
40,24	5,40
40,26	5,41
40,29	5,48
40,31	5,50
40,34	5,57
40,36	5,60
40,39	5,68
40,41	5,71
40,43	5,79
40,46	5,81
40,48	5,88
40,51	5,91
40,53	5,99
40,56	6,02
40,58	6,10
40,61	6,11
40,63	6,21
40,65	6,24
40,68	6,34
40,70	6,40
40,73	6,49
40,75	6,55
40,78	6,65
40,80	6,69
40,83	6,79
40,85	6,84
40,87	6,90
40,90	6,94
40,92	7,01
40,95	7,06
40,97	7,16
41,00	7,22
41,02	7,30
41,05	7,36
41,07	7,44
41,09	7,48
41,12	7,57
41,14	7,63
41,17	7,70
41,19	7,74
41,22	7,83
41,24	7,90
41,26	8,01
41,29	8,07
41,31	8,12
41,34	8,20
41,36	8,26
41,39	8,32
41,41	8,38
41,44	8,45
41,46	8,51
41,48	8,58
41,51	8,61
41,53	8,69
41,56	8,77
41,58	8,83
41,61	8,83
41,63	8,89
41,66	8,91
41,68	8,99
41,70	9,01
41,73	9,05
41,75	9,09
41,78	9,14
41,80	9,17
41,83	9,25
41,85	9,25
41,88	9,31
41,90	9,34
41,92	9,38
41,95	9,38
41,97	9,45
42,00	9,44
42,02	9,50
42,05	9,49
42,07	9,51
42,10	9,51
42,12	9,55
42,14	9,51
42,17	9,57
42,19	9,52
42,22	9,55
42,24	9,53
42,27	9,55
42,29	9,53
42,31	9,56
42,34	9,49
42,36	9,52
42,39	9,46
42,41	9,48
42,44	9,41
42,46	9,39
42,49	9,31
42,51	9,31
42,53	9,24
42,56	9,24
42,58	9,16
42,61	9,17
42,63	9,13
42,66	9,12
42,68	9,02
42,71	9,01
42,73	8,92
42,75	8,87
42,78	8,76
42,80	8,70
42,83	8,62
42,85	8,58
42,88	8,50
42,90	8,48
42,93	8,42
42,95	8,40
42,97	8,34
43,00	8,28
43,02	8,27
43,05	8,21
43,07	8,12
43,10	8,08
43,12	8,00
43,15	7,90
43,17	7,82
43,19	7,72
43,22	7,68
43,24	7,63
43,27	7,57
43,29	7,51
43,32	7,46
43,34	7,41
43,36	7,38
43,39	7,31
43,41	7,24
43,44	7,16
43,46	7,13
43,49	7,06
43,51	7,03
43,54	6,93
43,56	6,91
43,58	6,82
43,61	6,78
43,63	6,72
43,66	6,70
43,68	6,64
43,71	6,64
43,73	6,54
43,76	6,55
43,78	6,49
43,80	6,46
43,83	6,40
43,85	6,38
43,88	6,30
43,90	6,31
43,93	6,24
43,95	6,24
43,98	6,18
44,00	6,18
44,02	6,14
44,05	6,16
44,07	6,11
44,10	6,14
44,12	6,09
44,15	6,12
44,17	6,08
44,20	6,10
44,22	6,09
44,24	6,10
44,27	6,05
44,29	6,11
44,32	6,08
44,34	6,11
44,37	6,12
44,39	6,11
44,41	6,12
44,44	6,15
44,46	6,13
44,49	6,20
44,51	6,20
44,54	6,21
44,56	6,24
44,59	6,26
44,61	6,29
44,63	6,34
44,66	6,35
44,68	6,38
44,71	6,39
44,73	6,41
44,76	6,48
44,78	6,51
44,81	6,54
44,83	6,59
44,85	6,64
44,88	6,68
44,90	6,76
44,93	6,80
44,95	6,86
44,98	6,87
45,00	6,92
45,03	6,95
45,05	7,02
45,07	7,05
45,10	7,13
45,12	7,16
45,15	7,25
45,17	7,29
45,20	7,37
45,22	7,45
45,25	7,54
45,27	7,58
45,29	7,69
45,32	7,70
45,34	7,79
45,37	7,83
45,39	7,89
45,42	7,92
45,44	8,00
45,47	8,03
45,49	8,16
45,51	8,21
45,54	8,34
45,56	8,43
45,59	8,56
45,61	8,64
45,64	8,75
45,66	8,80
45,68	8,91
45,71	8,97
45,73	9,04
45,76	9,10
45,78	9,18
45,81	9,23
45,83	9,36
45,86	9,41
45,88	9,52
45,90	9,61
45,93	9,70
45,95	9,80
45,98	9,93
46,00	9,99
46,03	10,09
46,05	10,14
46,08	10,23
46,10	10,31
46,12	10,37
46,15	10,43
46,17	10,54
46,20	10,62
46,22	10,71
46,25	10,77
46,27	10,84
46,30	10,95
46,32	11,04
46,34	11,13
46,37	11,18
46,39	11,24
46,42	11,29
46,44	11,39
46,47	11,43
46,49	11,50
46,52	11,52
46,54	11,58
46,56	11,67
46,59	11,76
46,61	11,79
46,64	11,86
46,66	11,88
46,69	11,98
46,71	12,02
46,73	12,08
46,76	12,08
46,78	12,12
46,81	12,12
46,83	12,16
46,86	12,16
46,88	12,22
46,91	12,20
46,93	12,26
46,95	12,27
46,98	12,31
47,00	12,30
47,03	12,33
47,05	12,30
47,08	12,35
47,10	12,32
47,13	12,35
47,15	12,32
47,17	12,35
47,20	12,28
47,22	12,30
47,25	12,23
47,27	12,23
47,30	12,17
47,32	12,17
47,35	12,09
47,37	12,10
47,39	12,03
47,42	12,07
47,44	12,00
47,47	11,97
47,49	11,90
47,52	11,86
47,54	11,76
47,57	11,73
47,59	11,59
47,61	11,54
47,64	11,44
47,66	11,39
47,69	11,33
47,71	11,31
47,74	11,22
47,76	11,19
47,78	11,10
47,81	11,07
47,83	11,01
47,86	10,93
47,88	10,83
47,91	10,76
47,93	10,68
47,96	10,60
47,98	10,48
48,00	10,38
48,03	10,32
48,05	10,24
48,08	10,15
48,10	10,05
48,13	9,99
48,15	9,96
48,18	9,89
48,20	9,78
48,22	9,71
48,25	9,62
48,27	9,55
48,30	9,47
48,32	9,36
48,35	9,27
48,37	9,19
48,40	9,10
48,42	9,06
48,44	8,97
48,47	8,92
48,49	8,84
48,52	8,80
48,54	8,75
48,57	8,72
48,59	8,65
48,62	8,62
48,64	8,52
48,66	8,48
48,69	8,40
48,71	8,36
48,74	8,27
48,76	8,25
48,79	8,16
48,81	8,17
48,84	8,11
48,86	8,10
48,88	8,08
48,91	8,08
48,93	8,04
48,96	8,04
48,98	7,99
49,01	8,01
49,03	7,97
49,05	7,97
49,08	7,94
49,10	7,93
49,13	7,90
49,15	7,93
49,18	7,89
49,20	7,92
49,23	7,89
49,25	7,92
49,27	7,92
49,30	7,97
49,32	7,95
49,35	8,02
49,37	8,01
49,40	8,09
49,42	8,09
49,45	8,15
49,47	8,17
49,49	8,21
49,52	8,20
49,54	8,27
49,57	8,26
49,59	8,32
49,62	8,36
49,64	8,42
49,67	8,46
49,69	8,53
49,71	8,59
49,74	8,69
49,76	8,76
49,79	8,82
49,81	8,86
49,84	8,91
49,86	8,96
49,89	9,02
49,91	9,05
49,93	9,10
49,96	9,15
49,98	9,20
50,01	9,30
50,03	9,39
50,06	9,45
50,08	9,55
50,10	9,66
50,13	9,74
50,15	9,85
50,18	9,93
50,20	10,03
50,23	10,09
50,25	10,18
50,28	10,24
50,30	10,34
50,32	10,39
50,35	10,50
50,37	10,56
50,40	10,69
50,42	10,77
50,45	10,88
50,47	10,99
50,50	11,12
50,52	11,21
50,54	11,34
50,57	11,39
50,59	11,50
50,62	11,58
50,64	11,68
50,67	11,76
50,69	11,86
50,72	11,93
50,74	12,09
50,76	12,19
50,79	12,33
50,81	12,43
50,84	12,58
50,86	12,68
50,89	12,81
50,91	12,89
50,94	12,99
50,96	13,07
50,98	13,17
51,01	13,24
51,03	13,33
51,06	13,42
51,08	13,55
51,11	13,64
51,13	13,78
51,15	13,86
51,18	13,95
51,20	14,06
51,23	14,14
51,25	14,17
51,28	14,27
51,30	14,32
51,33	14,38
51,35	14,47
51,37	14,52
51,40	14,61
51,42	14,71
51,45	14,76
51,47	14,85
51,50	14,92
51,52	14,98
51,55	15,06
51,57	15,10
51,59	15,17
51,62	15,23
51,64	15,27
51,67	15,32
51,69	15,37
51,72	15,39
51,74	15,48
51,77	15,49
51,79	15,51
51,81	15,53
51,84	15,57
51,86	15,58
51,89	15,60
51,91	15,59
51,94	15,64
51,96	15,64
51,99	15,66
52,01	15,64
52,03	15,64
52,06	15,61
52,08	15,61
52,11	15,55
52,13	15,56
52,16	15,51
52,18	15,50
52,20	15,45
52,23	15,43
52,25	15,35
52,28	15,33
52,30	15,27
52,33	15,27
52,35	15,20
52,38	15,18
52,40	15,12
52,42	15,11
52,45	15,00
52,47	14,96
52,50	14,84
52,52	14,80
52,55	14,68
52,57	14,63
52,60	14,51
52,62	14,47
52,64	14,35
52,67	14,36
52,69	14,25
52,72	14,21
52,74	14,10
52,77	13,98
52,79	13,88
52,82	13,81
52,84	13,68
52,86	13,61
52,89	13,48
52,91	13,40
52,94	13,35
52,96	13,28
52,99	13,18
53,01	13,08
53,04	12,96
53,06	12,90
53,08	12,80
53,11	12,69
53,13	12,59
53,16	12,47
53,18	12,37
53,21	12,29
53,23	12,16
53,26	12,10
53,28	12,02
53,30	11,93
53,33	11,87
53,35	11,80
53,38	11,73
53,40	11,70
53,43	11,62
53,45	11,53
53,47	11,46
53,50	11,35
53,52	11,28
53,55	11,20
53,57	11,12
53,60	11,05
53,62	11,00
53,65	10,93
53,67	10,92
53,69	10,87
53,72	10,84
53,74	10,77
53,77	10,74
53,79	10,70
53,82	10,70
53,84	10,64
53,87	10,64
53,89	10,58
53,91	10,58
53,94	10,55
53,96	10,54
53,99	10,49
54,01	10,51
54,04	10,45
54,06	10,49
54,09	10,46
54,11	10,47
54,13	10,48
54,16	10,52
54,18	10,49
54,21	10,55
54,23	10,54
54,26	10,59
54,28	10,58
54,31	10,63
54,33	10,63
54,35	10,70
54,38	10,69
54,40	10,76
54,43	10,76
54,45	10,82
54,48	10,87
54,50	10,94
54,52	10,99
54,55	11,06
54,57	11,08
54,60	11,17
54,62	11,23
54,65	11,28
54,67	11,37
54,70	11,41
54,72	11,48
54,74	11,54
54,77	11,61
54,79	11,69
54,82	11,79
54,84	11,83
54,87	11,94
54,89	12,02
54,92	12,15
54,94	12,28
54,96	12,39
54,99	12,47
55,01	12,58
55,04	12,66
55,06	12,79
55,09	12,83
55,11	12,92
55,14	12,99
55,16	13,10
55,18	13,17
55,21	13,30
55,23	13,38
55,26	13,56
55,28	13,64
55,31	13,79
55,33	13,89
55,36	14,05
55,38	14,14
55,40	14,31
55,43	14,37
55,45	14,50
55,48	14,57
55,50	14,69
55,53	14,79
55,55	14,94
55,57	15,00
55,60	15,16
55,62	15,28
55,65	15,43
55,67	15,54
55,70	15,69
55,72	15,79
55,75	15,95
55,77	16,03
55,79	16,16
55,82	16,25
55,84	16,38
55,87	16,49
55,89	16,62
55,92	16,73
55,94	16,89
55,97	16,98
55,99	17,14
56,01	17,24
56,04	17,36
56,06	17,44
56,09	17,57
56,11	17,66
56,14	17,81
56,16	17,86
56,19	17,98
56,21	18,06
56,23	18,13
56,26	18,20
56,28	18,26
56,31	18,29
56,33	18,43
56,36	18,50
56,38	18,56
56,41	18,64
56,43	18,69
56,45	18,77
56,48	18,87
56,50	18,92
56,53	18,96
56,55	19,01
56,58	19,08
56,60	19,18
56,62	19,23
56,65	19,29
56,67	19,33
56,70	19,37
56,72	19,44
56,75	19,51
56,77	19,52
56,80	19,57
56,82	19,58
56,84	19,60
56,87	19,65
56,89	19,68
56,92	19,65
56,94	19,68
56,97	19,64
56,99	19,65
57,02	19,65
57,04	19,66
57,06	19,62
57,09	19,64
57,11	19,57
57,14	19,57
57,16	19,51
57,19	19,52
57,21	19,43
57,24	19,42
57,26	19,34
57,28	19,32
57,31	19,25
57,33	19,25
57,36	19,15
57,38	19,12
57,41	19,04
57,43	18,99
57,46	18,91
57,48	18,88
57,50	18,74
57,53	18,69
57,55	18,59
57,58	18,55
57,60	18,48
57,63	18,43
57,65	18,31
57,68	18,29
57,70	18,16
57,72	18,11
57,75	17,97
57,77	17,88
57,80	17,75
57,82	17,65
57,85	17,49
57,87	17,43
57,89	17,29
57,92	17,22
57,94	17,10
57,97	17,03
57,99	16,95
58,02	16,85
58,04	16,74
58,07	16,66
58,09	16,52
58,11	16,42
58,14	16,30
58,16	16,20
58,19	16,12
58,21	16,02
58,24	15,92
58,26	15,86
58,29	15,78
58,31	15,69
58,33	15,62
58,36	15,54
58,38	15,47
58,41	15,36
58,43	15,26
58,46	15,18
58,48	15,11
58,51	14,99
58,53	14,93
58,55	14,81
58,58	14,76
58,60	14,69
58,63	14,64
58,65	14,57
58,68	14,52
58,70	14,45
58,73	14,45
58,75	14,37
58,77	14,36
58,80	14,31
58,82	14,30
58,85	14,26
58,87	14,27
58,90	14,22
58,92	14,24
58,94	14,19
58,97	14,18
58,99	14,15
59,02	14,16
59,04	14,13
59,07	14,17
59,09	14,14
59,12	14,20
59,14	14,20
59,16	14,23
59,19	14,23
59,21	14,27
59,24	14,27
59,26	14,33
59,29	14,32
59,31	14,37
59,34	14,40
59,36	14,44
59,38	14,50
59,41	14,56
59,43	14,63
59,46	14,74
59,48	14,79
59,51	14,88
59,53	14,99
59,56	15,05
59,58	15,12
59,60	15,18
59,63	15,20
59,65	15,27
59,68	15,31
59,70	15,39
59,73	15,49
59,75	15,56
59,78	15,64
59,80	15,78
59,82	15,91
59,85	16,03
59,87	16,12
59,90	16,20
59,92	16,36
59,95	16,48
59,97	16,58
59,99	16,66
