U1/V	IA/nA
0,02	0,47
0,04	0,48
0,07	0,47
0,09	0,48
0,12	0,46
0,14	0,48
0,17	0,47
0,19	0,51
0,21	0,46
0,24	0,49
0,26	0,46
0,29	0,49
0,31	0,47
0,34	0,50
0,36	0,46
0,39	0,53
0,41	0,50
0,43	0,53
0,46	0,50
0,48	0,50
0,51	0,47
0,53	0,51
0,56	0,46
0,58	0,49
0,61	0,46
0,63	0,49
0,65	0,48
0,68	0,50
0,70	0,47
0,73	0,47
0,75	0,45
0,78	0,49
0,80	0,47
0,83	0,48
0,85	0,45
0,87	0,47
0,90	0,47
0,92	0,51
0,95	0,46
0,97	0,48
1,00	0,48
1,02	0,51
1,05	0,51
1,07	0,53
1,09	0,51
1,12	0,57
1,14	0,56
1,17	0,55
1,19	0,55
1,22	0,53
1,24	0,52
1,26	0,53
1,29	0,49
1,31	0,49
1,34	0,47
1,36	0,46
1,39	0,49
1,41	0,49
1,44	0,49
1,46	0,48
1,48	0,49
1,51	0,50
1,53	0,50
1,56	0,47
1,58	0,49
1,61	0,47
1,63	0,49
1,66	0,49
1,68	0,49
1,70	0,48
1,73	0,51
1,75	0,48
1,78	0,49
1,80	0,46
1,83	0,48
1,85	0,50
1,88	0,52
1,90	0,48
1,92	0,51
1,95	0,49
1,97	0,53
2,00	0,50
2,02	0,50
2,05	0,47
2,07	0,49
2,10	0,45
2,12	0,49
2,14	0,45
2,17	0,47
2,19	0,45
2,22	0,48
2,24	0,49
2,27	0,51
2,29	0,49
2,31	0,50
2,34	0,48
2,36	0,50
2,39	0,50
2,41	0,52
2,44	0,49
2,46	0,52
2,49	0,53
2,51	0,55
2,53	0,55
2,56	0,56
2,58	0,56
2,61	0,57
2,63	0,54
2,66	0,55
2,68	0,54
2,71	0,52
2,73	0,49
2,75	0,47
2,78	0,48
2,80	0,48
2,83	0,45
2,85	0,47
2,88	0,46
2,90	0,47
2,93	0,48
2,95	0,48
2,97	0,50
3,00	0,50
3,02	0,47
3,05	0,49
3,07	0,50
3,10	0,51
3,12	0,52
3,15	0,49
3,17	0,49
3,19	0,50
3,22	0,50
3,24	0,50
3,27	0,51
3,29	0,47
3,32	0,50
3,34	0,48
3,36	0,50
3,39	0,49
3,41	0,49
3,44	0,47
3,46	0,49
3,49	0,47
3,51	0,51
3,54	0,47
3,56	0,49
3,58	0,48
3,61	0,49
3,63	0,45
3,66	0,48
3,68	0,45
3,71	0,49
3,73	0,45
3,76	0,47
3,78	0,45
3,80	0,50
3,83	0,46
3,85	0,50
3,88	0,46
3,90	0,50
3,93	0,47
3,95	0,48
3,98	0,46
4,00	0,48
4,02	0,44
4,05	0,49
4,07	0,49
4,10	0,54
4,12	0,51
4,15	0,53
4,17	0,53
4,20	0,56
4,22	0,52
4,24	0,50
4,27	0,44
4,29	0,47
4,32	0,45
4,34	0,44
4,37	0,43
4,39	0,43
4,42	0,46
4,44	0,49
4,46	0,49
4,49	0,51
4,51	0,52
4,54	0,50
4,56	0,50
4,59	0,50
4,61	0,48
4,63	0,47
4,66	0,46
4,68	0,43
4,71	0,51
4,73	0,51
4,76	0,51
4,78	0,51
4,81	0,52
4,83	0,51
4,85	0,54
4,88	0,47
4,90	0,49
4,93	0,49
4,95	0,50
4,98	0,49
5,00	0,49
5,03	0,46
5,05	0,49
5,07	0,47
5,10	0,48
5,12	0,46
5,15	0,47
5,17	0,47
5,20	0,49
5,22	0,46
5,25	0,49
5,27	0,47
5,29	0,50
5,32	0,49
5,34	0,52
5,37	0,50
5,39	0,52
5,42	0,49
5,44	0,53
5,47	0,50
5,49	0,52
5,51	0,49
5,54	0,50
5,56	0,48
5,59	0,51
5,61	0,48
5,64	0,51
5,66	0,48
5,68	0,50
5,71	0,48
5,73	0,49
5,76	0,45
5,78	0,50
5,81	0,47
5,83	0,49
5,86	0,50
5,88	0,53
5,90	0,51
5,93	0,53
5,95	0,48
5,98	0,50
6,00	0,47
6,03	0,49
6,05	0,49
6,08	0,50
6,10	0,50
6,12	0,51
6,15	0,50
6,17	0,56
6,20	0,55
6,22	0,52
6,25	0,53
6,27	0,54
6,30	0,53
6,32	0,54
6,34	0,51
6,37	0,50
6,39	0,52
6,42	0,51
6,44	0,53
6,47	0,52
6,49	0,52
6,52	0,52
6,54	0,52
6,56	0,50
6,59	0,51
6,61	0,49
6,64	0,51
6,66	0,48
6,69	0,49
6,71	0,48
6,73	0,50
6,76	0,50
6,78	0,54
6,81	0,51
6,83	0,53
6,86	0,50
6,88	0,52
6,91	0,52
6,93	0,53
6,95	0,48
6,98	0,51
7,00	0,48
7,03	0,51
7,05	0,49
7,08	0,50
7,10	0,48
7,13	0,51
7,15	0,48
7,17	0,51
7,20	0,48
7,22	0,50
7,25	0,48
7,27	0,51
7,30	0,49
7,32	0,52
7,35	0,48
7,37	0,50
7,39	0,48
7,42	0,48
7,44	0,46
7,47	0,46
7,49	0,44
7,52	0,51
7,54	0,52
7,57	0,55
7,59	0,55
7,61	0,55
7,64	0,56
7,66	0,56
7,69	0,51
7,71	0,50
7,74	0,48
7,76	0,47
7,78	0,47
7,81	0,46
7,83	0,46
7,86	0,48
7,88	0,47
7,91	0,48
7,93	0,50
7,96	0,50
7,98	0,55
8,00	0,55
8,03	0,54
8,05	0,54
8,08	0,54
8,10	0,52
8,13	0,53
8,15	0,49
8,18	0,52
8,20	0,50
8,22	0,51
8,25	0,53
8,27	0,55
8,30	0,53
8,32	0,55
8,35	0,53
8,37	0,56
8,40	0,54
8,42	0,53
8,44	0,52
8,47	0,53
8,49	0,49
8,52	0,51
8,54	0,48
8,57	0,52
8,59	0,50
8,62	0,54
8,64	0,54
8,66	0,57
8,69	0,56
8,71	0,61
8,74	0,57
8,76	0,58
8,79	0,55
8,81	0,57
8,84	0,55
8,86	0,58
8,88	0,53
8,91	0,57
8,93	0,56
8,96	0,59
8,98	0,60
9,01	0,63
9,03	0,60
9,05	0,64
9,08	0,64
9,10	0,68
9,13	0,64
9,15	0,64
9,18	0,61
9,20	0,61
9,23	0,59
9,25	0,59
9,27	0,56
9,30	0,60
9,32	0,54
9,35	0,54
9,37	0,55
9,40	0,57
9,42	0,56
9,45	0,60
9,47	0,57
9,49	0,62
9,52	0,64
9,54	0,66
9,57	0,64
9,59	0,64
9,62	0,61
9,64	0,61
9,67	0,59
9,69	0,59
9,71	0,60
9,74	0,60
9,76	0,61
9,79	0,61
9,81	0,63
9,84	0,65
9,86	0,64
9,89	0,61
9,91	0,62
9,93	0,60
9,96	0,61
9,98	0,60
10,01	0,61
10,03	0,60
10,06	0,61
10,08	0,59
10,10	0,62
10,13	0,59
10,15	0,61
10,18	0,61
10,20	0,63
10,23	0,61
10,25	0,64
10,28	0,62
10,30	0,66
10,32	0,64
10,35	0,65
10,37	0,64
10,40	0,66
10,42	0,63
10,45	0,68
10,47	0,64
10,50	0,67
10,52	0,64
10,54	0,64
10,57	0,65
10,59	0,69
10,62	0,64
10,64	0,68
10,67	0,65
10,69	0,70
10,72	0,69
10,74	0,69
10,76	0,65
10,79	0,66
10,81	0,63
10,84	0,63
10,86	0,59
10,89	0,62
10,91	0,63
10,94	0,68
10,96	0,68
10,98	0,72
11,01	0,71
11,03	0,74
11,06	0,72
11,08	0,74
11,11	0,73
11,13	0,71
11,15	0,70
11,18	0,72
11,20	0,72
11,23	0,73
11,25	0,72
11,28	0,71
11,30	0,76
11,33	0,73
11,35	0,74
11,37	0,72
11,40	0,72
11,42	0,69
11,45	0,70
11,47	0,67
11,50	0,71
11,52	0,69
11,55	0,71
11,57	0,73
11,59	0,75
11,62	0,74
11,64	0,78
11,67	0,76
11,69	0,78
11,72	0,77
11,74	0,77
11,77	0,76
11,79	0,79
11,81	0,75
11,84	0,78
11,86	0,75
11,89	0,77
11,91	0,75
11,94	0,78
11,96	0,75
11,99	0,77
12,01	0,73
12,03	0,80
12,06	0,77
12,08	0,81
12,11	0,79
12,13	0,79
12,16	0,77
12,18	0,81
12,21	0,76
12,23	0,79
12,25	0,75
12,28	0,78
12,30	0,79
12,33	0,80
12,35	0,78
12,38	0,83
12,40	0,80
12,42	0,85
12,45	0,85
12,47	0,87
12,50	0,85
12,52	0,88
12,55	0,86
12,57	0,89
12,60	0,84
12,62	0,85
12,64	0,85
12,67	0,88
12,69	0,87
12,72	0,89
12,74	0,87
12,77	0,93
12,79	0,91
12,82	0,91
12,84	0,91
12,86	0,86
12,89	0,86
12,91	0,86
12,94	0,84
12,96	0,85
12,99	0,84
13,01	0,82
13,04	0,89
13,06	0,89
13,08	0,90
13,11	0,91
13,13	0,92
13,16	0,93
13,18	0,95
13,21	0,91
13,23	0,93
13,26	0,91
13,28	0,91
13,30	0,90
13,33	0,90
13,35	0,88
13,38	0,91
13,40	0,89
13,43	0,93
13,45	0,91
13,47	0,93
13,50	0,95
13,52	0,97
13,55	0,95
13,57	0,98
13,60	0,92
13,62	0,96
13,65	0,94
13,67	0,94
13,69	0,93
13,72	0,95
13,74	0,92
13,77	0,98
13,79	0,95
13,82	0,99
13,84	0,97
13,87	0,99
13,89	0,99
13,91	1,03
13,94	1,00
13,96	1,04
13,99	1,02
14,01	1,04
14,04	1,02
14,06	1,01
14,09	0,99
14,11	0,99
14,13	0,95
14,16	0,96
14,18	0,96
14,21	1,01
14,23	1,03
14,26	1,04
14,28	1,06
14,31	1,09
14,33	1,07
14,35	1,06
14,38	1,02
14,40	1,01
14,43	1,07
14,45	1,05
14,48	1,05
14,50	1,08
14,52	1,06
14,55	1,08
14,57	1,09
14,60	1,03
14,62	1,04
14,65	1,04
14,67	1,01
14,70	1,03
14,72	1,04
14,74	1,02
14,77	1,05
14,79	1,02
14,82	1,02
14,84	1,04
14,87	1,06
14,89	1,05
14,92	1,08
14,94	1,05
14,96	1,11
14,99	1,09
15,01	1,10
15,04	1,08
15,06	1,09
15,09	1,06
15,11	1,08
15,14	1,05
15,16	1,08
15,18	1,05
15,21	1,08
15,23	1,07
15,26	1,10
15,28	1,08
15,31	1,11
15,33	1,09
15,36	1,12
15,38	1,10
15,40	1,13
15,43	1,11
15,45	1,14
15,48	1,10
15,50	1,13
15,53	1,09
15,55	1,11
15,57	1,09
15,60	1,11
15,62	1,08
15,65	1,11
15,67	1,08
15,70	1,14
15,72	1,14
15,75	1,17
15,77	1,15
15,79	1,19
15,82	1,19
15,84	1,20
15,87	1,15
15,89	1,13
15,92	1,09
15,94	1,12
15,97	1,10
15,99	1,10
16,01	1,09
16,04	1,13
16,06	1,14
16,09	1,17
16,11	1,16
16,14	1,15
16,16	1,15
16,19	1,14
16,21	1,11
16,23	1,13
16,26	1,11
16,28	1,12
16,31	1,13
16,33	1,12
16,36	1,14
16,38	1,17
16,41	1,16
16,43	1,19
16,45	1,18
16,48	1,17
16,50	1,18
16,53	1,18
16,55	1,19
16,58	1,19
16,60	1,19
16,63	1,20
16,65	1,20
16,67	1,19
16,70	1,22
16,72	1,21
16,75	1,23
16,77	1,21
16,80	1,23
16,82	1,24
16,84	1,28
16,87	1,25
16,89	1,27
16,92	1,26
16,94	1,28
16,97	1,29
16,99	1,30
17,02	1,28
17,04	1,31
17,06	1,28
17,09	1,31
17,11	1,30
17,14	1,31
17,16	1,30
17,19	1,33
17,21	1,31
17,24	1,35
17,26	1,34
17,28	1,37
17,31	1,36
17,33	1,38
17,36	1,36
17,38	1,38
17,41	1,35
17,43	1,38
17,46	1,36
17,48	1,40
17,50	1,40
17,53	1,44
17,55	1,47
17,58	1,50
17,60	1,48
17,63	1,52
17,65	1,51
17,68	1,51
17,70	1,54
17,72	1,52
17,75	1,50
17,77	1,51
17,80	1,49
17,82	1,52
17,85	1,53
17,87	1,50
17,89	1,50
17,92	1,52
17,94	1,53
17,97	1,54
17,99	1,54
18,02	1,52
18,04	1,54
18,07	1,54
18,09	1,57
18,11	1,54
18,14	1,56
18,16	1,55
18,19	1,57
18,21	1,56
18,24	1,58
18,26	1,57
18,29	1,62
18,31	1,61
18,33	1,63
18,36	1,62
18,38	1,65
18,41	1,65
18,43	1,68
18,46	1,66
18,48	1,68
18,51	1,66
18,53	1,69
18,55	1,67
18,58	1,69
18,60	1,66
18,63	1,69
18,65	1,68
18,68	1,71
18,70	1,69
18,73	1,72
18,75	1,69
18,77	1,72
18,80	1,69
18,82	1,71
18,85	1,65
18,87	1,67
18,90	1,66
18,92	1,69
18,94	1,65
18,97	1,69
18,99	1,66
19,02	1,72
19,04	1,70
19,07	1,71
19,09	1,69
19,12	1,72
19,14	1,68
19,16	1,72
19,19	1,67
19,21	1,69
19,24	1,69
19,26	1,68
19,29	1,67
19,31	1,69
19,34	1,67
19,36	1,71
19,38	1,69
19,41	1,70
19,43	1,68
19,46	1,67
19,48	1,67
19,51	1,66
19,53	1,65
19,56	1,67
19,58	1,64
19,60	1,65
19,63	1,69
19,65	1,68
19,68	1,69
19,70	1,67
19,73	1,65
19,75	1,66
19,78	1,68
19,80	1,65
19,82	1,66
19,85	1,65
19,87	1,66
19,90	1,68
19,92	1,69
19,95	1,68
19,97	1,70
19,99	1,66
20,02	1,69
20,04	1,67
20,07	1,68
20,09	1,66
20,12	1,67
20,14	1,64
20,17	1,66
20,19	1,63
20,21	1,66
20,24	1,63
20,26	1,65
20,29	1,63
20,31	1,63
20,34	1,62
20,36	1,65
20,39	1,62
20,41	1,64
20,43	1,63
20,46	1,67
20,48	1,67
20,51	1,70
20,53	1,66
20,56	1,69
20,58	1,67
20,61	1,69
20,63	1,68
20,65	1,69
20,68	1,66
20,70	1,70
20,73	1,67
20,75	1,71
20,78	1,68
20,80	1,67
20,83	1,67
20,85	1,70
20,87	1,69
20,90	1,73
20,92	1,71
20,95	1,76
20,97	1,75
21,00	1,77
21,02	1,75
21,05	1,77
21,07	1,75
21,09	1,78
21,12	1,75
21,14	1,78
21,17	1,75
21,19	1,77
21,22	1,75
21,24	1,77
21,26	1,74
21,29	1,75
21,31	1,76
21,34	1,78
21,36	1,83
21,39	1,83
21,41	1,85
21,44	1,87
21,46	1,89
21,48	1,91
21,51	1,93
21,53	1,91
21,56	1,94
21,58	1,93
21,61	1,95
21,63	1,96
21,66	1,97
21,68	1,97
21,70	1,99
21,73	1,97
21,75	2,02
21,78	2,02
21,80	2,03
21,83	2,04
21,85	2,06
21,88	2,06
21,90	2,11
21,92	2,10
21,95	2,14
21,97	2,13
22,00	2,15
22,02	2,14
22,05	2,18
22,07	2,16
22,10	2,22
22,12	2,20
22,14	2,24
22,17	2,24
22,19	2,28
22,22	2,29
22,24	2,35
22,27	2,31
22,29	2,35
22,31	2,32
22,34	2,35
22,36	2,34
22,39	2,37
22,41	2,35
22,44	2,38
22,46	2,38
22,49	2,44
22,51	2,43
22,53	2,47
22,56	2,47
22,58	2,52
22,61	2,52
22,63	2,55
22,66	2,53
22,68	2,54
22,71	2,55
22,73	2,56
22,75	2,55
22,78	2,54
22,80	2,54
22,83	2,58
22,85	2,61
22,88	2,63
22,90	2,63
22,93	2,63
22,95	2,66
22,97	2,67
23,00	2,63
23,02	2,66
23,05	2,64
23,07	2,64
23,10	2,65
23,12	2,64
23,15	2,65
23,17	2,66
23,19	2,66
23,22	2,67
23,24	2,66
23,27	2,67
23,29	2,71
23,32	2,71
23,34	2,73
23,36	2,71
23,39	2,71
23,41	2,70
23,44	2,71
23,46	2,68
23,49	2,70
23,51	2,66
23,54	2,66
23,56	2,66
23,58	2,68
23,61	2,66
23,63	2,67
23,66	2,62
23,68	2,67
23,71	2,64
23,73	2,65
23,76	2,62
23,78	2,62
23,80	2,59
23,83	2,62
23,85	2,58
23,88	2,61
23,90	2,57
23,93	2,58
23,95	2,56
23,98	2,57
24,00	2,54
24,02	2,57
24,05	2,53
24,07	2,56
24,10	2,53
24,12	2,55
24,15	2,52
24,17	2,52
24,20	2,47
24,22	2,50
24,24	2,45
24,27	2,47
24,29	2,44
24,32	2,48
24,34	2,47
24,37	2,50
24,39	2,46
24,42	2,50
24,44	2,47
24,46	2,47
24,49	2,44
24,51	2,40
24,54	2,36
24,56	2,36
24,59	2,32
24,61	2,32
24,63	2,28
24,66	2,27
24,68	2,29
24,71	2,32
24,73	2,32
24,76	2,34
24,78	2,33
24,81	2,34
24,83	2,36
24,85	2,35
24,88	2,34
24,90	2,32
24,93	2,30
24,95	2,31
24,98	2,32
25,00	2,30
25,03	2,32
25,05	2,29
25,07	2,30
25,10	2,29
25,12	2,30
25,15	2,30
25,17	2,31
25,20	2,30
25,22	2,32
25,25	2,28
25,27	2,31
25,29	2,28
25,32	2,29
25,34	2,27
25,37	2,28
25,39	2,26
25,42	2,32
25,44	2,30
25,47	2,34
25,49	2,34
25,51	2,36
25,54	2,35
25,56	2,39
25,59	2,36
25,61	2,40
25,64	2,38
25,66	2,40
25,68	2,40
25,71	2,43
25,73	2,41
25,76	2,46
25,78	2,44
25,81	2,49
25,83	2,47
25,86	2,49
25,88	2,52
25,90	2,57
25,93	2,56
25,95	2,60
25,98	2,55
26,00	2,60
26,03	2,60
26,05	2,61
26,08	2,60
26,10	2,62
26,12	2,63
26,15	2,72
26,17	2,72
26,20	2,75
26,22	2,79
26,25	2,86
26,27	2,87
26,30	2,90
26,32	2,90
26,34	2,93
26,37	2,96
26,39	2,98
26,42	2,99
26,44	3,00
26,47	3,02
26,49	3,02
26,52	3,05
26,54	3,09
26,56	3,10
26,59	3,10
26,61	3,16
26,64	3,19
26,66	3,24
26,69	3,25
26,71	3,25
26,73	3,26
26,76	3,30
26,78	3,29
26,81	3,35
26,83	3,34
26,86	3,39
26,88	3,42
26,91	3,47
26,93	3,48
26,95	3,53
26,98	3,54
27,00	3,61
27,03	3,62
27,05	3,66
27,08	3,67
27,10	3,73
27,13	3,72
27,15	3,78
27,17	3,75
27,20	3,80
27,22	3,79
27,25	3,83
27,27	3,84
27,30	3,89
27,32	3,87
27,35	3,96
27,37	3,94
27,39	3,99
27,42	3,99
27,44	3,99
27,47	3,99
27,49	4,03
27,52	4,00
27,54	4,03
27,57	4,00
27,59	4,01
27,61	4,03
27,64	4,05
27,66	4,02
27,69	4,05
27,71	4,04
27,74	4,05
27,76	4,07
27,78	4,08
27,81	4,06
27,83	4,11
27,86	4,09
27,88	4,13
27,91	4,14
27,93	4,16
27,96	4,17
27,98	4,18
28,00	4,18
28,03	4,17
28,05	4,14
28,08	4,19
28,10	4,14
28,13	4,11
28,15	4,10
28,18	4,06
28,20	4,06
28,22	4,07
28,25	4,03
28,27	4,01
28,30	3,99
28,32	3,97
28,35	3,98
28,37	3,97
28,40	3,95
28,42	3,91
28,44	3,91
28,47	3,91
28,49	3,92
28,52	3,89
28,54	3,88
28,57	3,84
28,59	3,84
28,62	3,83
28,64	3,81
28,66	3,77
28,69	3,77
28,71	3,72
28,74	3,73
28,76	3,69
28,79	3,68
28,81	3,67
28,84	3,65
28,86	3,61
28,88	3,61
28,91	3,56
28,93	3,58
28,96	3,54
28,98	3,53
29,01	3,49
29,03	3,48
29,05	3,44
29,08	3,45
29,10	3,39
29,13	3,40
29,15	3,38
29,18	3,40
29,20	3,37
29,23	3,38
29,25	3,34
29,27	3,36
29,30	3,32
29,32	3,32
29,35	3,31
29,37	3,31
29,40	3,27
29,42	3,30
29,45	3,29
29,47	3,31
29,49	3,26
29,52	3,23
29,54	3,22
29,57	3,21
29,59	3,16
29,62	3,18
29,64	3,16
29,67	3,18
29,69	3,17
29,71	3,17
29,74	3,18
29,76	3,18
29,79	3,14
29,81	3,15
29,84	3,13
29,86	3,13
29,89	3,13
29,91	3,13
29,93	3,17
29,96	3,16
29,98	3,14
30,01	3,15
30,03	3,18
30,06	3,18
30,08	3,21
30,10	3,18
30,13	3,20
30,15	3,21
30,18	3,23
30,20	3,22
30,23	3,24
30,25	3,22
30,28	3,27
30,30	3,27
30,32	3,30
30,35	3,30
30,37	3,34
30,40	3,34
30,42	3,37
30,45	3,36
30,47	3,40
30,50	3,39
30,52	3,43
30,54	3,44
30,57	3,48
30,59	3,49
30,62	3,55
30,64	3,56
30,67	3,62
30,69	3,62
30,72	3,66
30,74	3,68
30,76	3,71
30,79	3,71
30,81	3,77
30,84	3,78
30,86	3,84
30,89	3,86
30,91	3,93
30,94	3,96
30,96	4,03
30,98	4,03
31,01	4,09
31,03	4,11
31,06	4,15
31,08	4,16
31,11	4,22
31,13	4,24
31,15	4,30
31,18	4,33
31,20	4,38
31,23	4,40
31,25	4,46
31,28	4,50
31,30	4,54
31,33	4,60
31,35	4,64
31,37	4,65
31,40	4,70
31,42	4,75
31,45	4,78
31,47	4,82
31,50	4,85
31,52	4,89
31,55	4,97
31,57	5,03
31,59	5,06
31,62	5,13
31,64	5,17
31,67	5,23
31,69	5,27
31,72	5,31
31,74	5,34
31,77	5,39
31,79	5,40
31,81	5,44
31,84	5,45
31,86	5,52
31,89	5,55
31,91	5,60
31,94	5,63
31,96	5,66
31,99	5,67
32,01	5,75
32,03	5,75
32,06	5,81
32,08	5,82
32,11	5,86
32,13	5,90
32,16	5,95
32,18	5,94
32,20	5,99
32,23	5,98
32,25	6,02
32,28	6,03
32,30	6,08
32,33	6,07
32,35	6,10
32,38	6,08
32,40	6,13
32,42	6,11
32,45	6,13
32,47	6,10
32,50	6,12
32,52	6,11
32,55	6,15
32,57	6,10
32,60	6,12
32,62	6,09
32,64	6,12
32,67	6,11
32,69	6,10
32,72	6,06
32,74	6,10
32,77	6,07
32,79	6,05
32,82	6,03
32,84	6,02
32,86	6,00
32,89	6,00
32,91	5,95
32,94	5,94
32,96	5,92
32,99	5,90
33,01	5,87
33,04	5,84
33,06	5,77
33,08	5,74
33,11	5,72
33,13	5,69
33,16	5,65
33,18	5,62
33,21	5,59
33,23	5,58
33,26	5,54
33,28	5,50
33,30	5,46
33,33	5,42
33,35	5,37
33,38	5,33
33,40	5,30
33,43	5,26
33,45	5,22
33,47	5,20
33,50	5,16
33,52	5,13
33,55	5,12
33,57	5,06
33,60	5,05
33,62	4,99
33,65	4,95
33,67	4,91
33,69	4,90
33,72	4,84
33,74	4,85
33,77	4,78
33,79	4,77
33,82	4,73
33,84	4,72
33,87	4,68
33,89	4,68
33,91	4,60
33,94	4,60
33,96	4,53
33,99	4,52
34,01	4,47
34,04	4,46
34,06	4,40
34,09	4,40
34,11	4,35
34,13	4,37
34,16	4,30
34,18	4,30
34,21	4,26
34,23	4,27
34,26	4,24
34,28	4,25
34,31	4,22
34,33	4,25
34,35	4,22
34,38	4,23
34,40	4,22
34,43	4,21
34,45	4,17
34,48	4,21
34,50	4,19
34,52	4,22
34,55	4,19
34,57	4,21
34,60	4,23
34,62	4,27
34,65	4,23
34,67	4,26
34,70	4,22
34,72	4,23
34,74	4,18
34,77	4,20
34,79	4,18
34,82	4,20
34,84	4,20
34,87	4,22
34,89	4,27
34,92	4,30
34,94	4,32
34,96	4,37
34,99	4,40
35,01	4,42
35,04	4,43
35,06	4,43
35,09	4,47
35,11	4,50
35,14	4,52
35,16	4,51
35,18	4,55
35,21	4,60
35,23	4,65
35,26	4,66
35,28	4,69
35,31	4,70
35,33	4,77
35,36	4,79
35,38	4,82
35,40	4,84
35,43	4,88
35,45	4,90
35,48	4,98
35,50	4,99
35,53	5,07
35,55	5,10
35,57	5,17
35,60	5,22
35,62	5,28
35,65	5,30
35,67	5,38
35,70	5,40
35,72	5,47
35,75	5,49
35,77	5,56
35,79	5,61
35,82	5,70
35,84	5,73
35,87	5,82
35,89	5,86
35,92	5,93
35,94	5,97
35,97	6,04
35,99	6,07
36,01	6,15
36,04	6,17
36,06	6,28
36,09	6,33
36,11	6,40
36,14	6,44
36,16	6,51
36,19	6,54
36,21	6,63
36,23	6,63
36,26	6,72
36,28	6,75
36,31	6,84
36,33	6,90
36,36	6,98
36,38	7,01
36,41	7,13
36,43	7,18
36,45	7,27
36,48	7,34
36,50	7,44
36,53	7,49
36,55	7,58
36,58	7,61
36,60	7,65
36,62	7,70
36,65	7,75
36,67	7,81
36,70	7,85
36,72	7,89
36,75	7,93
36,77	7,98
36,80	8,03
36,82	8,09
36,84	8,10
36,87	8,17
36,89	8,19
36,92	8,24
36,94	8,27
36,97	8,31
36,99	8,31
37,02	8,34
37,04	8,35
37,06	8,41
37,09	8,42
37,11	8,46
37,14	8,49
37,16	8,51
37,19	8,52
37,21	8,56
37,24	8,55
37,26	8,58
37,28	8,55
37,31	8,55
37,33	8,54
37,36	8,56
37,38	8,52
37,41	8,56
37,43	8,51
37,46	8,52
37,48	8,48
37,50	8,49
37,53	8,46
37,55	8,46
37,58	8,39
37,60	8,40
37,63	8,35
37,65	8,35
37,68	8,30
37,70	8,28
37,72	8,22
37,75	8,20
37,77	8,13
37,80	8,12
37,82	8,05
37,85	8,02
37,87	7,98
37,89	7,95
37,92	7,89
37,94	7,84
37,97	7,76
37,99	7,73
38,02	7,65
38,04	7,59
38,07	7,53
38,09	7,45
38,11	7,39
38,14	7,35
38,16	7,27
38,19	7,26
38,21	7,19
38,24	7,13
38,26	7,10
38,29	7,06
38,31	7,01
38,33	6,99
38,36	6,89
38,38	6,84
38,41	6,77
38,43	6,70
38,46	6,64
38,48	6,59
38,51	6,51
38,53	6,48
38,55	6,43
38,58	6,37
38,60	6,37
38,63	6,32
38,65	6,28
38,68	6,23
38,70	6,18
38,73	6,11
38,75	6,09
38,77	6,02
38,80	6,00
38,82	5,91
38,85	5,88
38,87	5,84
38,90	5,85
38,92	5,80
38,94	5,76
38,97	5,71
38,99	5,73
39,02	5,68
39,04	5,68
39,07	5,63
39,09	5,61
39,12	5,57
39,14	5,57
39,16	5,52
39,19	5,54
39,21	5,50
39,24	5,51
39,26	5,50
39,29	5,52
39,31	5,49
39,34	5,54
39,36	5,51
39,38	5,53
39,41	5,50
39,43	5,54
39,46	5,53
39,48	5,55
39,51	5,51
39,53	5,55
39,56	5,53
39,58	5,57
39,60	5,55
39,63	5,59
39,65	5,59
39,68	5,64
39,70	5,64
39,73	5,72
39,75	5,73
39,78	5,79
39,80	5,79
39,82	5,82
39,85	5,83
39,87	5,89
39,90	5,89
39,92	5,96
39,95	5,95
39,97	6,01
39,99	6,07
40,02	6,16
40,04	6,19
40,07	6,25
40,09	6,29
40,12	6,37
40,14	6,44
40,17	6,50
40,19	6,54
40,21	6,59
40,24	6,64
40,26	6,69
40,29	6,73
40,31	6,78
40,34	6,84
40,36	6,88
40,39	6,96
40,41	7,02
40,43	7,08
40,46	7,19
40,48	7,26
40,51	7,31
40,53	7,40
40,56	7,42
40,58	7,51
40,61	7,57
40,63	7,63
40,65	7,68
40,68	7,76
40,70	7,83
40,73	7,97
40,75	8,02
40,78	8,11
40,80	8,17
40,83	8,27
40,85	8,33
40,87	8,44
40,90	8,48
40,92	8,58
40,95	8,65
40,97	8,75
41,00	8,84
41,02	8,93
41,05	8,99
41,07	9,11
41,09	9,17
41,12	9,28
41,14	9,33
41,17	9,42
41,19	9,52
41,22	9,63
41,24	9,69
41,26	9,79
41,29	9,83
41,31	9,96
41,34	10,02
41,36	10,09
41,39	10,16
41,41	10,25
41,44	10,30
41,46	10,40
41,48	10,43
41,51	10,49
41,53	10,52
41,56	10,60
41,58	10,63
41,61	10,67
41,63	10,70
41,66	10,77
41,68	10,83
41,70	10,92
41,73	10,95
41,75	10,99
41,78	11,03
41,80	11,09
41,83	11,14
41,85	11,19
41,88	11,21
41,90	11,23
41,92	11,29
41,95	11,33
41,97	11,36
42,00	11,37
42,02	11,39
42,05	11,40
42,07	11,41
42,10	11,41
42,12	11,43
42,14	11,40
42,17	11,40
42,19	11,40
42,22	11,40
42,24	11,38
42,27	11,40
42,29	11,35
42,31	11,38
42,34	11,33
42,36	11,30
42,39	11,24
42,41	11,24
42,44	11,18
42,46	11,19
42,49	11,11
42,51	11,08
42,53	11,03
42,56	11,02
42,58	10,96
42,61	10,93
42,63	10,84
42,66	10,86
42,68	10,77
42,71	10,75
42,73	10,65
42,75	10,57
42,78	10,46
42,80	10,40
42,83	10,27
42,85	10,22
42,88	10,10
42,90	10,06
42,93	9,98
42,95	9,95
42,97	9,86
43,00	9,80
43,02	9,70
43,05	9,68
43,07	9,57
43,10	9,52
43,12	9,42
43,15	9,35
43,17	9,25
43,19	9,20
43,22	9,10
43,24	9,05
43,27	8,99
43,29	8,94
43,32	8,86
43,34	8,83
43,36	8,76
43,39	8,72
43,41	8,62
43,44	8,52
43,46	8,42
43,49	8,38
43,51	8,29
43,54	8,24
43,56	8,17
43,58	8,13
43,61	8,08
43,63	8,04
43,66	8,00
43,68	7,96
43,71	7,88
43,73	7,82
43,76	7,79
43,78	7,73
43,80	7,69
43,83	7,64
43,85	7,59
43,88	7,55
43,90	7,51
43,93	7,48
43,95	7,45
43,98	7,41
44,00	7,39
44,02	7,35
44,05	7,35
44,07	7,31
44,10	7,29
44,12	7,29
44,15	7,30
44,17	7,26
44,20	7,27
44,22	7,25
44,24	7,28
44,27	7,26
44,29	7,28
44,32	7,27
44,34	7,29
44,37	7,28
44,39	7,33
44,41	7,32
44,44	7,37
44,46	7,36
44,49	7,40
44,51	7,43
44,54	7,50
44,56	7,49
44,59	7,54
44,61	7,55
44,63	7,61
44,66	7,65
44,68	7,69
44,71	7,70
44,73	7,76
44,76	7,80
44,78	7,89
44,81	7,92
44,83	7,99
44,85	8,05
44,88	8,13
44,90	8,20
44,93	8,28
44,95	8,32
44,98	8,38
45,00	8,40
45,03	8,48
45,05	8,56
45,07	8,61
45,10	8,65
45,12	8,78
45,15	8,87
45,17	8,98
45,20	9,06
45,22	9,16
45,25	9,26
45,27	9,37
45,29	9,41
45,32	9,48
45,34	9,56
45,37	9,66
45,39	9,73
45,42	9,79
45,44	9,87
45,47	9,97
45,49	10,07
45,51	10,17
45,54	10,25
45,56	10,32
45,59	10,44
45,61	10,53
45,64	10,64
45,66	10,73
45,68	10,82
45,71	10,89
45,73	11,01
45,76	11,09
45,78	11,20
45,81	11,27
45,83	11,38
45,86	11,48
45,88	11,61
45,90	11,69
45,93	11,82
45,95	11,90
45,98	12,05
46,00	12,14
46,03	12,25
46,05	12,33
46,08	12,45
46,10	12,51
46,12	12,65
46,15	12,72
46,17	12,84
46,20	12,92
46,22	13,03
46,25	13,13
46,27	13,25
46,30	13,32
46,32	13,45
46,34	13,51
46,37	13,60
46,39	13,67
46,42	13,75
46,44	13,79
46,47	13,88
46,49	13,92
46,52	14,01
46,54	14,05
46,56	14,14
46,59	14,21
46,61	14,30
46,64	14,33
46,66	14,41
46,69	14,44
46,71	14,49
46,73	14,50
46,76	14,55
46,78	14,56
46,81	14,59
46,83	14,61
46,86	14,66
46,88	14,70
46,91	14,74
46,93	14,76
46,95	14,77
46,98	14,81
47,00	14,80
47,03	14,79
47,05	14,80
47,08	14,79
47,10	14,77
47,13	14,75
47,15	14,73
47,17	14,74
47,20	14,73
47,22	14,71
47,25	14,69
47,27	14,66
47,30	14,65
47,32	14,65
47,35	14,58
47,37	14,54
47,39	14,48
47,42	14,43
47,44	14,39
47,47	14,35
47,49	14,26
47,52	14,25
47,54	14,18
47,57	14,13
47,59	14,08
47,61	14,01
47,64	13,93
47,66	13,87
47,69	13,74
47,71	13,68
47,74	13,56
47,76	13,48
47,78	13,40
47,81	13,33
47,83	13,21
47,86	13,15
47,88	13,04
47,91	12,99
47,93	12,87
47,96	12,77
47,98	12,65
48,00	12,56
48,03	12,44
48,05	12,38
48,08	12,23
48,10	12,16
48,13	12,05
48,15	11,99
48,18	11,89
48,20	11,83
48,22	11,69
48,25	11,64
48,27	11,49
48,30	11,42
48,32	11,32
48,35	11,25
48,37	11,12
48,40	11,08
48,42	10,96
48,44	10,93
48,47	10,85
48,49	10,77
48,52	10,68
48,54	10,62
48,57	10,52
48,59	10,50
48,62	10,41
48,64	10,35
48,66	10,26
48,69	10,22
48,71	10,18
48,74	10,15
48,76	10,09
48,79	10,06
48,81	9,99
48,84	10,00
48,86	9,93
48,88	9,90
48,91	9,86
48,93	9,83
48,96	9,79
48,98	9,79
49,01	9,74
49,03	9,78
49,05	9,77
49,08	9,75
49,10	9,75
49,13	9,76
49,15	9,75
49,18	9,76
49,20	9,74
49,23	9,76
49,25	9,79
49,27	9,79
49,30	9,81
49,32	9,82
49,35	9,85
49,37	9,90
49,40	9,91
49,42	9,92
49,45	9,98
49,47	10,00
49,49	10,04
49,52	10,06
49,54	10,10
49,57	10,13
49,59	10,16
49,62	10,18
49,64	10,27
49,67	10,32
49,69	10,41
49,71	10,46
49,74	10,55
49,76	10,63
49,79	10,74
49,81	10,78
49,84	10,88
49,86	10,92
49,89	11,01
49,91	11,07
49,93	11,16
49,96	11,22
49,98	11,32
50,01	11,38
50,03	11,52
50,06	11,60
50,08	11,71
50,10	11,81
50,13	11,92
50,15	12,02
50,18	12,15
50,20	12,22
50,23	12,33
50,25	12,41
50,28	12,54
50,30	12,61
50,32	12,71
50,35	12,79
50,37	12,95
50,40	13,04
50,42	13,17
50,45	13,26
50,47	13,41
50,50	13,55
50,52	13,70
50,54	13,77
50,57	13,91
50,59	14,01
50,62	14,13
50,64	14,25
50,67	14,36
50,69	14,44
50,72	14,57
50,74	14,70
50,76	14,87
50,79	15,03
50,81	15,14
50,84	15,25
50,86	15,39
50,89	15,51
50,91	15,63
50,94	15,71
50,96	15,80
50,98	15,90
51,01	16,02
51,03	16,13
51,06	16,23
51,08	16,36
51,11	16,47
51,13	16,60
51,15	16,72
51,18	16,88
51,20	16,97
51,23	17,12
51,25	17,19
51,28	17,31
51,30	17,40
51,33	17,50
51,35	17,58
51,37	17,71
51,40	17,76
51,42	17,86
51,45	17,93
51,47	18,03
51,50	18,10
51,52	18,20
51,55	18,24
51,57	18,34
51,59	18,38
51,62	18,46
51,64	18,50
51,67	18,57
51,69	18,57
51,72	18,63
51,74	18,64
51,77	18,71
51,79	18,70
51,81	18,75
51,84	18,77
51,86	18,83
51,89	18,83
51,91	18,86
51,94	18,84
51,96	18,90
51,99	18,88
52,01	18,90
52,03	18,87
52,06	18,88
52,08	18,86
52,11	18,86
52,13	18,80
52,16	18,80
52,18	18,73
52,20	18,70
52,23	18,65
52,25	18,61
52,28	18,54
52,30	18,54
52,33	18,48
52,35	18,45
52,38	18,40
52,40	18,33
52,42	18,27
52,45	18,24
52,47	18,14
52,50	18,07
52,52	17,98
52,55	17,88
52,57	17,81
52,60	17,73
52,62	17,62
52,64	17,53
52,67	17,44
52,69	17,38
52,72	17,31
52,74	17,23
52,77	17,15
52,79	17,05
52,82	16,96
52,84	16,87
52,86	16,75
52,89	16,64
52,91	16,53
52,94	16,39
52,96	16,29
52,99	16,18
53,01	16,08
53,04	15,99
53,06	15,89
53,08	15,76
53,11	15,66
53,13	15,54
53,16	15,44
53,18	15,31
53,21	15,21
53,23	15,08
53,26	14,99
53,28	14,86
53,30	14,81
53,33	14,69
53,35	14,62
53,38	14,50
53,40	14,43
53,43	14,33
53,45	14,28
53,47	14,16
53,50	14,09
53,52	13,98
53,55	13,93
53,57	13,86
53,60	13,79
53,62	13,69
53,65	13,64
53,67	13,56
53,69	13,54
53,72	13,45
53,74	13,39
53,77	13,34
53,79	13,33
53,82	13,26
53,84	13,25
53,87	13,19
53,89	13,17
53,91	13,12
53,94	13,11
53,96	13,09
53,99	13,09
54,01	13,06
54,04	13,11
54,06	13,09
54,09	13,12
54,11	13,13
54,13	13,12
54,16	13,16
54,18	13,13
54,21	13,11
54,23	13,14
54,26	13,16
54,28	13,17
54,31	13,24
54,33	13,24
54,35	13,34
54,38	13,36
54,40	13,40
54,43	13,46
54,45	13,51
54,48	13,53
54,50	13,60
54,52	13,61
54,55	13,68
54,57	13,75
54,60	13,83
54,62	13,88
54,65	13,98
54,67	14,03
54,70	14,16
54,72	14,23
54,74	14,30
54,77	14,37
54,79	14,47
54,82	14,53
54,84	14,64
54,87	14,70
54,89	14,82
54,92	14,93
54,94	15,04
54,96	15,14
54,99	15,28
55,01	15,37
55,04	15,54
55,06	15,65
55,09	15,78
55,11	15,86
55,14	15,98
55,16	16,09
55,18	16,21
55,21	16,31
55,23	16,45
55,26	16,55
55,28	16,69
55,31	16,83
55,33	16,97
55,36	17,11
55,38	17,24
55,40	17,36
55,43	17,53
55,45	17,65
55,48	17,77
55,50	17,92
55,53	18,05
55,55	18,20
55,57	18,34
55,60	18,47
55,62	18,62
55,65	18,80
55,67	18,93
55,70	19,09
55,72	19,21
55,75	19,34
55,77	19,49
55,79	19,63
55,82	19,78
55,84	19,89
55,87	20,00
55,89	20,16
55,92	20,29
55,94	20,43
55,97	20,52
55,99	20,61
56,01	20,76
56,04	20,89
56,06	21,00
56,09	21,17
56,11	21,28
56,14	21,43
56,16	21,56
56,19	21,67
56,21	21,78
56,23	21,93
56,26	22,01
56,28	22,14
56,31	22,23
56,33	22,33
56,36	22,43
56,38	22,57
56,41	22,62
56,43	22,74
56,45	22,81
56,48	22,90
56,50	23,01
56,53	23,10
56,55	23,14
56,58	23,24
56,60	23,29
56,62	23,39
56,65	23,43
56,67	23,48
56,70	23,52
56,72	23,58
56,75	23,61
56,77	23,67
56,80	23,67
56,82	23,73
56,84	23,73
56,87	23,78
56,89	23,81
56,92	23,85
56,94	23,84
56,97	23,89
56,99	23,88
57,02	23,92
57,04	23,89
57,06	23,91
57,09	23,88
57,11	23,89
57,14	23,82
57,16	23,81
57,19	23,74
57,21	23,73
57,24	23,68
57,26	23,64
57,28	23,59
57,31	23,57
57,33	23,50
57,36	23,52
57,38	23,46
57,41	23,38
57,43	23,33
57,46	23,24
57,48	23,14
57,50	23,11
57,53	23,00
57,55	22,93
57,58	22,87
57,60	22,77
57,63	22,73
57,65	22,64
57,68	22,53
57,70	22,45
57,72	22,34
57,75	22,23
57,77	22,15
57,80	22,02
57,82	21,95
57,85	21,85
57,87	21,74
57,89	21,66
57,92	21,54
57,94	21,44
57,97	21,36
57,99	21,23
58,02	21,14
58,04	21,01
58,07	20,89
58,09	20,80
58,11	20,69
58,14	20,55
58,16	20,45
58,19	20,29
58,21	20,20
58,24	20,09
58,26	19,96
58,29	19,84
58,31	19,74
58,33	19,60
58,36	19,56
58,38	19,45
58,41	19,35
58,43	19,25
58,46	19,18
58,48	19,08
58,51	19,02
58,53	18,89
58,55	18,82
58,58	18,72
58,60	18,67
58,63	18,57
58,65	18,51
58,68	18,43
58,70	18,40
58,73	18,32
58,75	18,29
58,77	18,21
58,80	18,17
58,82	18,13
58,85	18,10
58,87	18,05
58,90	18,03
58,92	17,96
58,94	17,94
58,97	17,92
58,99	17,92
59,02	17,92
59,04	17,90
59,07	17,91
59,09	17,94
59,12	17,93
59,14	17,96
59,16	17,98
59,19	17,98
59,21	18,00
59,24	18,02
59,26	18,03
59,29	18,09
59,31	18,13
59,34	18,14
59,36	18,20
59,38	18,23
59,41	18,27
59,43	18,32
59,46	18,37
59,48	18,45
59,51	18,53
59,53	18,59
59,56	18,72
59,58	18,79
59,60	18,88
59,63	18,95
59,65	19,00
59,68	19,05
59,70	19,14
59,73	19,18
59,75	19,29
59,78	19,35
59,80	19,46
59,82	19,59
59,85	19,71
59,87	19,82
59,90	19,98
59,92	20,09
59,95	20,22
59,97	20,30
59,99	20,37
