U1/V	IA/nA
0,02	0,47
0,04	0,51
0,07	0,53
0,09	0,52
0,12	0,53
0,14	0,51
0,17	0,51
0,19	0,51
0,21	0,49
0,24	0,48
0,26	0,50
0,29	0,51
0,31	0,50
0,34	0,49
0,36	0,49
0,39	0,46
0,41	0,46
0,43	0,47
0,46	0,47
0,48	0,47
0,51	0,47
0,53	0,46
0,56	0,47
0,58	0,48
0,61	0,48
0,63	0,47
0,65	0,47
0,68	0,46
0,70	0,47
0,73	0,49
0,75	0,49
0,78	0,51
0,80	0,50
0,83	0,52
0,85	0,52
0,87	0,53
0,90	0,53
0,92	0,55
0,95	0,52
0,97	0,55
1,00	0,51
1,02	0,54
1,05	0,52
1,07	0,53
1,09	0,49
1,12	0,51
1,14	0,47
1,17	0,52
1,19	0,49
1,22	0,52
1,24	0,50
1,26	0,53
1,29	0,51
1,31	0,55
1,34	0,51
1,36	0,53
1,39	0,50
1,41	0,51
1,44	0,48
1,46	0,51
1,48	0,48
1,51	0,53
1,53	0,49
1,56	0,53
1,58	0,50
1,61	0,51
1,63	0,49
1,66	0,50
1,68	0,47
1,70	0,50
1,73	0,48
1,75	0,51
1,78	0,51
1,80	0,51
1,83	0,50
1,85	0,49
1,88	0,46
1,90	0,49
1,92	0,44
1,95	0,43
1,97	0,45
2,00	0,48
2,02	0,47
2,05	0,49
2,07	0,45
2,10	0,47
2,12	0,49
2,14	0,49
2,17	0,48
2,19	0,47
2,22	0,45
2,24	0,48
2,27	0,50
2,29	0,50
2,31	0,49
2,34	0,48
2,36	0,51
2,39	0,52
2,41	0,51
2,44	0,51
2,46	0,50
2,49	0,48
2,51	0,48
2,53	0,45
2,56	0,47
2,58	0,46
2,61	0,47
2,63	0,46
2,66	0,48
2,68	0,47
2,71	0,52
2,73	0,50
2,75	0,51
2,78	0,47
2,80	0,50
2,83	0,48
2,85	0,51
2,88	0,46
2,90	0,51
2,93	0,47
2,95	0,50
2,97	0,49
3,00	0,52
3,02	0,49
3,05	0,52
3,07	0,47
3,10	0,53
3,12	0,50
3,15	0,50
3,17	0,47
3,19	0,49
3,22	0,46
3,24	0,48
3,27	0,44
3,29	0,49
3,32	0,46
3,34	0,46
3,36	0,44
3,39	0,47
3,41	0,44
3,44	0,48
3,46	0,44
3,49	0,45
3,51	0,46
3,54	0,49
3,56	0,47
3,58	0,48
3,61	0,44
3,63	0,46
3,66	0,44
3,68	0,46
3,71	0,47
3,73	0,46
3,76	0,47
3,78	0,47
3,80	0,48
3,83	0,51
3,85	0,51
3,88	0,48
3,90	0,47
3,93	0,46
3,95	0,46
3,98	0,46
4,00	0,46
4,02	0,45
4,05	0,45
4,07	0,45
4,10	0,48
4,12	0,47
4,15	0,48
4,17	0,48
4,20	0,48
4,22	0,49
4,24	0,51
4,27	0,49
4,29	0,51
4,32	0,49
4,34	0,49
4,37	0,48
4,39	0,49
4,42	0,48
4,44	0,52
4,46	0,49
4,49	0,51
4,51	0,50
4,54	0,52
4,56	0,53
4,59	0,54
4,61	0,50
4,63	0,53
4,66	0,48
4,68	0,51
4,71	0,48
4,73	0,50
4,76	0,47
4,78	0,50
4,81	0,47
4,83	0,52
4,85	0,48
4,88	0,50
4,90	0,49
4,93	0,51
4,95	0,49
4,98	0,53
5,00	0,50
5,03	0,54
5,05	0,52
5,07	0,52
5,10	0,53
5,12	0,53
5,15	0,48
5,17	0,51
5,20	0,46
5,22	0,49
5,25	0,49
5,27	0,49
5,29	0,51
5,32	0,55
5,34	0,52
5,37	0,56
5,39	0,54
5,42	0,53
5,44	0,50
5,47	0,48
5,49	0,45
5,51	0,51
5,54	0,49
5,56	0,51
5,59	0,52
5,61	0,51
5,64	0,55
5,66	0,56
5,68	0,53
5,71	0,52
5,73	0,51
5,76	0,49
5,78	0,50
5,81	0,46
5,83	0,47
5,86	0,45
5,88	0,45
5,90	0,45
5,93	0,48
5,95	0,47
5,98	0,49
6,00	0,46
6,03	0,50
6,05	0,49
6,08	0,51
6,10	0,50
6,12	0,50
6,15	0,48
6,17	0,50
6,20	0,47
6,22	0,50
6,25	0,47
6,27	0,50
6,30	0,49
6,32	0,51
6,34	0,48
6,37	0,53
6,39	0,50
6,42	0,54
6,44	0,51
6,47	0,54
6,49	0,51
6,52	0,54
6,54	0,49
6,56	0,53
6,59	0,47
6,61	0,49
6,64	0,47
6,66	0,50
6,69	0,48
6,71	0,52
6,73	0,46
6,76	0,53
6,78	0,50
6,81	0,52
6,83	0,49
6,86	0,50
6,88	0,48
6,91	0,52
6,93	0,50
6,95	0,55
6,98	0,51
7,00	0,53
7,03	0,52
7,05	0,52
7,08	0,50
7,10	0,51
7,13	0,46
7,15	0,49
7,17	0,48
7,20	0,48
7,22	0,47
7,25	0,49
7,27	0,46
7,30	0,47
7,32	0,45
7,35	0,48
7,37	0,51
7,39	0,52
7,42	0,53
7,44	0,52
7,47	0,54
7,49	0,58
7,52	0,56
7,54	0,54
7,57	0,55
7,59	0,51
7,61	0,53
7,64	0,52
7,66	0,50
7,69	0,50
7,71	0,49
7,74	0,48
7,76	0,53
7,78	0,52
7,81	0,53
7,83	0,52
7,86	0,52
7,88	0,52
7,91	0,55
7,93	0,51
7,96	0,54
7,98	0,51
8,00	0,53
8,03	0,52
8,05	0,54
8,08	0,51
8,10	0,55
8,13	0,51
8,15	0,55
8,18	0,51
8,20	0,53
8,22	0,54
8,25	0,56
8,27	0,52
8,30	0,57
8,32	0,53
8,35	0,57
8,37	0,55
8,40	0,55
8,42	0,53
8,44	0,54
8,47	0,50
8,49	0,53
8,52	0,49
8,54	0,49
8,57	0,48
8,59	0,51
8,62	0,51
8,64	0,55
8,66	0,54
8,69	0,56
8,71	0,54
8,74	0,55
8,76	0,53
8,79	0,50
8,81	0,48
8,84	0,49
8,86	0,49
8,88	0,51
8,91	0,51
8,93	0,51
8,96	0,57
8,98	0,57
9,01	0,57
9,03	0,56
9,05	0,56
9,08	0,56
9,10	0,57
9,13	0,54
9,15	0,54
9,18	0,53
9,20	0,56
9,23	0,58
9,25	0,59
9,27	0,56
9,30	0,58
9,32	0,58
9,35	0,61
9,37	0,60
9,40	0,60
9,42	0,58
9,45	0,62
9,47	0,60
9,49	0,63
9,52	0,58
9,54	0,59
9,57	0,56
9,59	0,59
9,62	0,57
9,64	0,59
9,67	0,55
9,69	0,61
9,71	0,59
9,74	0,63
9,76	0,60
9,79	0,63
9,81	0,60
9,84	0,63
9,86	0,59
9,89	0,63
9,91	0,59
9,93	0,62
9,96	0,59
9,98	0,63
10,01	0,61
10,03	0,64
10,06	0,62
10,08	0,67
10,10	0,65
10,13	0,68
10,15	0,66
10,18	0,68
10,20	0,65
10,23	0,69
10,25	0,64
10,28	0,66
10,30	0,64
10,32	0,63
10,35	0,60
10,37	0,62
10,40	0,61
10,42	0,65
10,45	0,63
10,47	0,63
10,50	0,65
10,52	0,67
10,54	0,65
10,57	0,65
10,59	0,63
10,62	0,62
10,64	0,59
10,67	0,59
10,69	0,60
10,72	0,62
10,74	0,63
10,76	0,63
10,79	0,65
10,81	0,67
10,84	0,69
10,86	0,68
10,89	0,67
10,91	0,67
10,94	0,68
10,96	0,68
10,98	0,67
11,01	0,67
11,03	0,68
11,06	0,67
11,08	0,67
11,11	0,66
11,13	0,68
11,15	0,69
11,18	0,69
11,20	0,66
11,23	0,68
11,25	0,67
11,28	0,70
11,30	0,69
11,33	0,72
11,35	0,71
11,37	0,71
11,40	0,69
11,42	0,73
11,45	0,70
11,47	0,73
11,50	0,69
11,52	0,72
11,55	0,71
11,57	0,75
11,59	0,71
11,62	0,75
11,64	0,71
11,67	0,75
11,69	0,73
11,72	0,76
11,74	0,73
11,77	0,77
11,79	0,74
11,81	0,79
11,84	0,77
11,86	0,78
11,89	0,76
11,91	0,78
11,94	0,76
11,96	0,78
11,99	0,73
12,01	0,74
12,03	0,73
12,06	0,77
12,08	0,76
12,11	0,77
12,13	0,77
12,16	0,81
12,18	0,79
12,21	0,79
12,23	0,78
12,25	0,79
12,28	0,78
12,30	0,79
12,33	0,75
12,35	0,77
12,38	0,78
12,40	0,79
12,42	0,79
12,45	0,80
12,47	0,78
12,50	0,81
12,52	0,84
12,55	0,86
12,57	0,87
12,60	0,87
12,62	0,88
12,64	0,90
12,67	0,89
12,69	0,89
12,72	0,89
12,74	0,86
12,77	0,86
12,79	0,84
12,82	0,86
12,84	0,85
12,86	0,86
12,89	0,85
12,91	0,88
12,94	0,87
12,96	0,90
12,99	0,88
13,01	0,90
13,04	0,88
13,06	0,89
13,08	0,87
13,11	0,89
13,13	0,87
13,16	0,92
13,18	0,90
13,21	0,94
13,23	0,92
13,26	0,96
13,28	0,95
13,30	0,98
13,33	0,93
13,35	0,96
13,38	0,93
13,40	0,96
13,43	0,93
13,45	0,95
13,47	0,93
13,50	0,97
13,52	0,93
13,55	0,96
13,57	0,92
13,60	0,94
13,62	0,93
13,65	0,95
13,67	0,93
13,69	0,97
13,72	0,94
13,74	0,99
13,77	0,99
13,79	1,00
13,82	1,00
13,84	1,02
13,87	1,00
13,89	1,06
13,91	1,03
13,94	1,05
13,96	1,06
13,99	1,06
14,01	1,06
14,04	1,07
14,06	1,04
14,09	1,09
14,11	1,06
14,13	1,05
14,16	1,03
14,18	1,02
14,21	1,03
14,23	1,05
14,26	1,03
14,28	1,05
14,31	1,02
14,33	1,03
14,35	1,06
14,38	1,04
14,40	1,03
14,43	1,02
14,45	1,01
14,48	1,02
14,50	1,04
14,52	1,01
14,55	1,04
14,57	1,02
14,60	1,03
14,62	1,05
14,65	1,09
14,67	1,07
14,70	1,09
14,72	1,07
14,74	1,10
14,77	1,10
14,79	1,09
14,82	1,07
14,84	1,08
14,87	1,05
14,89	1,07
14,92	1,04
14,94	1,07
14,96	1,05
14,99	1,07
15,01	1,05
15,04	1,07
15,06	1,04
15,09	1,10
15,11	1,07
15,14	1,10
15,16	1,09
15,18	1,12
15,21	1,09
15,23	1,14
15,26	1,08
15,28	1,11
15,31	1,08
15,33	1,10
15,36	1,10
15,38	1,13
15,40	1,11
15,43	1,13
15,45	1,11
15,48	1,16
15,50	1,12
15,53	1,12
15,55	1,09
15,57	1,08
15,60	1,09
15,62	1,12
15,65	1,08
15,67	1,11
15,70	1,10
15,72	1,12
15,75	1,15
15,77	1,17
15,79	1,15
15,82	1,21
15,84	1,18
15,87	1,20
15,89	1,21
15,92	1,18
15,94	1,16
15,97	1,16
15,99	1,12
16,01	1,14
16,04	1,14
16,06	1,15
16,09	1,20
16,11	1,19
16,14	1,20
16,16	1,21
16,19	1,20
16,21	1,21
16,23	1,20
16,26	1,15
16,28	1,16
16,31	1,14
16,33	1,16
16,36	1,15
16,38	1,16
16,41	1,16
16,43	1,17
16,45	1,17
16,48	1,21
16,50	1,20
16,53	1,23
16,55	1,23
16,58	1,26
16,60	1,25
16,63	1,28
16,65	1,27
16,67	1,28
16,70	1,26
16,72	1,27
16,75	1,25
16,77	1,28
16,80	1,25
16,82	1,31
16,84	1,28
16,87	1,31
16,89	1,30
16,92	1,32
16,94	1,32
16,97	1,35
16,99	1,30
17,02	1,34
17,04	1,30
17,06	1,33
17,09	1,31
17,11	1,32
17,14	1,30
17,16	1,32
17,19	1,29
17,21	1,32
17,24	1,29
17,26	1,32
17,28	1,34
17,31	1,36
17,33	1,34
17,36	1,37
17,38	1,36
17,41	1,38
17,43	1,36
17,46	1,38
17,48	1,37
17,50	1,39
17,53	1,37
17,55	1,39
17,58	1,39
17,60	1,43
17,63	1,41
17,65	1,41
17,68	1,48
17,70	1,50
17,72	1,52
17,75	1,54
17,77	1,51
17,80	1,51
17,82	1,52
17,85	1,49
17,87	1,52
17,89	1,51
17,92	1,53
17,94	1,55
17,97	1,55
17,99	1,55
18,02	1,59
18,04	1,58
18,07	1,60
18,09	1,59
18,11	1,61
18,14	1,60
18,16	1,63
18,19	1,60
18,21	1,62
18,24	1,59
18,26	1,60
18,29	1,59
18,31	1,62
18,33	1,61
18,36	1,64
18,38	1,61
18,41	1,69
18,43	1,67
18,46	1,69
18,48	1,68
18,51	1,68
18,53	1,65
18,55	1,67
18,58	1,63
18,60	1,65
18,63	1,62
18,65	1,64
18,68	1,65
18,70	1,68
18,73	1,67
18,75	1,72
18,77	1,69
18,80	1,72
18,82	1,70
18,85	1,72
18,87	1,69
18,90	1,70
18,92	1,66
18,94	1,71
18,97	1,68
18,99	1,71
19,02	1,70
19,04	1,73
19,07	1,72
19,09	1,72
19,12	1,70
19,14	1,77
19,16	1,74
19,19	1,76
19,21	1,73
19,24	1,71
19,26	1,69
19,29	1,72
19,31	1,67
19,34	1,69
19,36	1,65
19,38	1,65
19,41	1,68
19,43	1,66
19,46	1,64
19,48	1,67
19,51	1,63
19,53	1,66
19,56	1,66
19,58	1,67
19,60	1,71
19,63	1,71
19,65	1,70
19,68	1,71
19,70	1,70
19,73	1,71
19,75	1,71
19,78	1,69
19,80	1,70
19,82	1,67
19,85	1,66
19,87	1,68
19,90	1,67
19,92	1,65
19,95	1,68
19,97	1,63
19,99	1,64
20,02	1,63
20,04	1,63
20,07	1,61
20,09	1,62
20,12	1,59
20,14	1,63
20,17	1,62
20,19	1,64
20,21	1,64
20,24	1,65
20,26	1,65
20,29	1,68
20,31	1,66
20,34	1,68
20,36	1,65
20,39	1,66
20,41	1,65
20,43	1,64
20,46	1,62
20,48	1,64
20,51	1,62
20,53	1,65
20,56	1,63
20,58	1,63
20,61	1,66
20,63	1,66
20,65	1,64
20,68	1,67
20,70	1,65
20,73	1,65
20,75	1,64
20,78	1,66
20,80	1,65
20,83	1,66
20,85	1,64
20,87	1,69
20,90	1,71
20,92	1,74
20,95	1,71
20,97	1,72
21,00	1,74
21,02	1,76
21,05	1,74
21,07	1,75
21,09	1,74
21,12	1,75
21,14	1,77
21,17	1,75
21,19	1,77
21,22	1,78
21,24	1,79
21,26	1,81
21,29	1,82
21,31	1,82
21,34	1,89
21,36	1,87
21,39	1,89
21,41	1,90
21,44	1,89
21,46	1,89
21,48	1,90
21,51	1,87
21,53	1,90
21,56	1,90
21,58	1,91
21,61	1,92
21,63	1,95
21,66	1,95
21,68	1,98
21,70	1,97
21,73	2,00
21,75	2,01
21,78	2,04
21,80	2,03
21,83	2,08
21,85	2,08
21,88	2,12
21,90	2,10
21,92	2,13
21,95	2,13
21,97	2,17
22,00	2,16
22,02	2,21
22,05	2,18
22,07	2,25
22,10	2,25
22,12	2,28
22,14	2,28
22,17	2,28
22,19	2,26
22,22	2,30
22,24	2,27
22,27	2,30
22,29	2,29
22,31	2,31
22,34	2,33
22,36	2,36
22,39	2,37
22,41	2,42
22,44	2,41
22,46	2,43
22,49	2,46
22,51	2,50
22,53	2,51
22,56	2,50
22,58	2,49
22,61	2,52
22,63	2,53
22,66	2,52
22,68	2,49
22,71	2,51
22,73	2,52
22,75	2,53
22,78	2,53
22,80	2,56
22,83	2,57
22,85	2,60
22,88	2,61
22,90	2,61
22,93	2,63
22,95	2,65
22,97	2,64
23,00	2,66
23,02	2,61
23,05	2,60
23,07	2,64
23,10	2,63
23,12	2,62
23,15	2,62
23,17	2,61
23,19	2,66
23,22	2,69
23,24	2,66
23,27	2,69
23,29	2,69
23,32	2,69
23,34	2,71
23,36	2,70
23,39	2,69
23,41	2,72
23,44	2,69
23,46	2,71
23,49	2,69
23,51	2,69
23,54	2,69
23,56	2,69
23,58	2,66
23,61	2,67
23,63	2,64
23,66	2,67
23,68	2,64
23,71	2,64
23,73	2,62
23,76	2,62
23,78	2,59
23,80	2,61
23,83	2,58
23,85	2,59
23,88	2,56
23,90	2,58
23,93	2,57
23,95	2,59
23,98	2,56
24,00	2,58
24,02	2,55
24,05	2,57
24,07	2,55
24,10	2,55
24,12	2,51
24,15	2,53
24,17	2,50
24,20	2,52
24,22	2,48
24,24	2,46
24,27	2,45
24,29	2,47
24,32	2,47
24,34	2,49
24,37	2,47
24,39	2,47
24,42	2,47
24,44	2,48
24,46	2,45
24,49	2,41
24,51	2,38
24,54	2,38
24,56	2,39
24,59	2,39
24,61	2,36
24,63	2,37
24,66	2,37
24,68	2,38
24,71	2,38
24,73	2,37
24,76	2,37
24,78	2,37
24,81	2,37
24,83	2,37
24,85	2,37
24,88	2,33
24,90	2,33
24,93	2,31
24,95	2,33
24,98	2,30
25,00	2,31
25,03	2,30
25,05	2,32
25,07	2,32
25,10	2,33
25,12	2,30
25,15	2,31
25,17	2,29
25,20	2,31
25,22	2,28
25,25	2,29
25,27	2,28
25,29	2,30
25,32	2,30
25,34	2,33
25,37	2,32
25,39	2,36
25,42	2,34
25,44	2,35
25,47	2,34
25,49	2,37
25,51	2,36
25,54	2,39
25,56	2,37
25,59	2,41
25,61	2,42
25,64	2,46
25,66	2,45
25,68	2,48
25,71	2,47
25,73	2,50
25,76	2,48
25,78	2,50
25,81	2,48
25,83	2,51
25,86	2,51
25,88	2,53
25,90	2,53
25,93	2,56
25,95	2,54
25,98	2,59
26,00	2,58
26,03	2,61
26,05	2,60
26,08	2,64
26,10	2,64
26,12	2,67
26,15	2,66
26,17	2,70
26,20	2,71
26,22	2,74
26,25	2,75
26,27	2,81
26,30	2,83
26,32	2,88
26,34	2,89
26,37	2,91
26,39	2,94
26,42	2,97
26,44	2,98
26,47	3,02
26,49	3,04
26,52	3,08
26,54	3,11
26,56	3,11
26,59	3,15
26,61	3,17
26,64	3,20
26,66	3,22
26,69	3,22
26,71	3,25
26,73	3,30
26,76	3,31
26,78	3,34
26,81	3,36
26,83	3,38
26,86	3,42
26,88	3,46
26,91	3,47
26,93	3,52
26,95	3,53
26,98	3,58
27,00	3,62
27,03	3,66
27,05	3,68
27,08	3,71
27,10	3,72
27,13	3,78
27,15	3,79
27,17	3,82
27,20	3,82
27,22	3,84
27,25	3,84
27,27	3,88
27,30	3,87
27,32	3,91
27,35	3,91
27,37	3,95
27,39	3,97
27,42	4,00
27,44	4,01
27,47	4,06
27,49	4,05
27,52	4,08
27,54	4,08
27,57	4,10
27,59	4,10
27,61	4,13
27,64	4,10
27,66	4,12
27,69	4,11
27,71	4,14
27,74	4,15
27,76	4,18
27,78	4,16
27,81	4,21
27,83	4,19
27,86	4,23
27,88	4,21
27,91	4,20
27,93	4,19
27,96	4,17
27,98	4,14
28,00	4,16
28,03	4,13
28,05	4,14
28,08	4,10
28,10	4,09
28,13	4,12
28,15	4,09
28,18	4,09
28,20	4,09
28,22	4,07
28,25	4,07
28,27	4,07
28,30	4,06
28,32	4,08
28,35	4,05
28,37	4,03
28,40	4,02
28,42	4,01
28,44	3,98
28,47	3,99
28,49	3,95
28,52	3,94
28,54	3,91
28,57	3,91
28,59	3,90
28,62	3,90
28,64	3,85
28,66	3,84
28,69	3,78
28,71	3,77
28,74	3,73
28,76	3,71
28,79	3,66
28,81	3,64
28,84	3,61
28,86	3,64
28,88	3,61
28,91	3,61
28,93	3,59
28,96	3,60
28,98	3,56
29,01	3,56
29,03	3,53
29,05	3,54
29,08	3,49
29,10	3,47
29,13	3,44
29,15	3,44
29,18	3,40
29,20	3,42
29,23	3,38
29,25	3,39
29,27	3,37
29,30	3,37
29,32	3,35
29,35	3,36
29,37	3,30
29,40	3,31
29,42	3,26
29,45	3,29
29,47	3,24
29,49	3,25
29,52	3,24
29,54	3,24
29,57	3,20
29,59	3,23
29,62	3,19
29,64	3,19
29,67	3,18
29,69	3,18
29,71	3,16
29,74	3,21
29,76	3,19
29,79	3,21
29,81	3,24
29,84	3,22
29,86	3,22
29,89	3,23
29,91	3,19
29,93	3,22
29,96	3,21
29,98	3,23
30,01	3,26
30,03	3,25
30,06	3,28
30,08	3,29
30,10	3,29
30,13	3,30
30,15	3,27
30,18	3,27
30,20	3,28
30,23	3,25
30,25	3,28
30,28	3,28
30,30	3,30
30,32	3,32
30,35	3,33
30,37	3,34
30,40	3,40
30,42	3,41
30,45	3,43
30,47	3,44
30,50	3,48
30,52	3,49
30,54	3,53
30,57	3,52
30,59	3,56
30,62	3,55
30,64	3,59
30,67	3,62
30,69	3,66
30,72	3,68
30,74	3,73
30,76	3,72
30,79	3,80
30,81	3,81
30,84	3,85
30,86	3,88
30,89	3,91
30,91	3,92
30,94	3,99
30,96	3,99
30,98	4,06
31,01	4,06
31,03	4,10
31,06	4,14
31,08	4,19
31,11	4,22
31,13	4,30
31,15	4,30
31,18	4,39
31,20	4,44
31,23	4,51
31,25	4,53
31,28	4,60
31,30	4,60
31,33	4,67
31,35	4,66
31,37	4,71
31,40	4,74
31,42	4,80
31,45	4,81
31,47	4,86
31,50	4,90
31,52	5,00
31,55	5,04
31,57	5,07
31,59	5,14
31,62	5,18
31,64	5,23
31,67	5,29
31,69	5,31
31,72	5,34
31,74	5,39
31,77	5,41
31,79	5,48
31,81	5,53
31,84	5,55
31,86	5,59
31,89	5,64
31,91	5,67
31,94	5,71
31,96	5,72
31,99	5,75
32,01	5,78
32,03	5,79
32,06	5,81
32,08	5,85
32,11	5,87
32,13	5,92
32,16	5,94
32,18	5,98
32,20	6,00
32,23	6,04
32,25	6,08
32,28	6,11
32,30	6,10
32,33	6,14
32,35	6,12
32,38	6,15
32,40	6,16
32,42	6,16
32,45	6,15
32,47	6,18
32,50	6,16
32,52	6,20
32,55	6,18
32,57	6,20
32,60	6,21
32,62	6,22
32,64	6,19
32,67	6,20
32,69	6,16
32,72	6,16
32,74	6,13
32,77	6,11
32,79	6,08
32,82	6,09
32,84	6,05
32,86	6,06
32,89	6,02
32,91	6,03
32,94	5,97
32,96	5,97
32,99	5,94
33,01	5,95
33,04	5,89
33,06	5,88
33,08	5,79
33,11	5,76
33,13	5,71
33,16	5,69
33,18	5,62
33,21	5,61
33,23	5,55
33,26	5,57
33,28	5,53
33,30	5,50
33,33	5,47
33,35	5,44
33,38	5,40
33,40	5,38
33,43	5,32
33,45	5,30
33,47	5,27
33,50	5,20
33,52	5,17
33,55	5,11
33,57	5,07
33,60	5,05
33,62	5,02
33,65	4,98
33,67	4,97
33,69	4,93
33,72	4,95
33,74	4,91
33,77	4,87
33,79	4,84
33,82	4,78
33,84	4,74
33,87	4,71
33,89	4,64
33,91	4,63
33,94	4,58
33,96	4,56
33,99	4,55
34,01	4,53
34,04	4,49
34,06	4,51
34,09	4,47
34,11	4,47
34,13	4,42
34,16	4,41
34,18	4,37
34,21	4,38
34,23	4,32
34,26	4,33
34,28	4,28
34,31	4,29
34,33	4,25
34,35	4,26
34,38	4,23
34,40	4,23
34,43	4,18
34,45	4,24
34,48	4,21
34,50	4,22
34,52	4,20
34,55	4,19
34,57	4,17
34,60	4,20
34,62	4,16
34,65	4,20
34,67	4,19
34,70	4,20
34,72	4,24
34,74	4,27
34,77	4,24
34,79	4,30
34,82	4,27
34,84	4,31
34,87	4,31
34,89	4,32
34,92	4,31
34,94	4,38
34,96	4,34
34,99	4,40
35,01	4,39
35,04	4,44
35,06	4,47
35,09	4,51
35,11	4,51
35,14	4,54
35,16	4,55
35,18	4,66
35,21	4,69
35,23	4,71
35,26	4,73
35,28	4,76
35,31	4,80
35,33	4,84
35,36	4,83
35,38	4,87
35,40	4,91
35,43	4,93
35,45	5,01
35,48	5,05
35,50	5,10
35,53	5,14
35,55	5,19
35,57	5,22
35,60	5,29
35,62	5,30
35,65	5,36
35,67	5,39
35,70	5,44
35,72	5,48
35,75	5,55
35,77	5,58
35,79	5,67
35,82	5,70
35,84	5,78
35,87	5,82
35,89	5,89
35,92	5,97
35,94	6,05
35,97	6,08
35,99	6,15
36,01	6,17
36,04	6,25
36,06	6,30
36,09	6,36
36,11	6,40
36,14	6,47
36,16	6,52
36,19	6,62
36,21	6,67
36,23	6,75
36,26	6,81
36,28	6,88
36,31	6,95
36,33	7,02
36,36	7,05
36,38	7,14
36,41	7,18
36,43	7,25
36,45	7,30
36,48	7,34
36,50	7,40
36,53	7,47
36,55	7,53
36,58	7,62
36,60	7,66
36,62	7,71
36,65	7,80
36,67	7,85
36,70	7,90
36,72	7,94
36,75	7,94
36,77	7,98
36,80	8,04
36,82	8,08
36,84	8,13
36,87	8,17
36,89	8,21
36,92	8,27
36,94	8,28
36,97	8,31
36,99	8,34
37,02	8,35
37,04	8,39
37,06	8,40
37,09	8,41
37,11	8,46
37,14	8,50
37,16	8,50
37,19	8,54
37,21	8,52
37,24	8,55
37,26	8,58
37,28	8,59
37,31	8,58
37,33	8,62
37,36	8,58
37,38	8,61
37,41	8,58
37,43	8,59
37,46	8,56
37,48	8,56
37,50	8,53
37,53	8,52
37,55	8,48
37,58	8,48
37,60	8,40
37,63	8,39
37,65	8,34
37,68	8,32
37,70	8,28
37,72	8,27
37,75	8,22
37,77	8,24
37,80	8,19
37,82	8,16
37,85	8,11
37,87	8,08
37,89	8,01
37,92	7,98
37,94	7,87
37,97	7,84
37,99	7,78
38,02	7,74
38,04	7,69
38,07	7,65
38,09	7,58
38,11	7,58
38,14	7,49
38,16	7,45
38,19	7,36
38,21	7,32
38,24	7,22
38,26	7,17
38,29	7,06
38,31	7,00
38,33	6,90
38,36	6,88
38,38	6,81
38,41	6,78
38,43	6,73
38,46	6,71
38,48	6,66
38,51	6,63
38,53	6,57
38,55	6,51
38,58	6,47
38,60	6,41
38,63	6,35
38,65	6,34
38,68	6,28
38,70	6,23
38,73	6,18
38,75	6,12
38,77	6,07
38,80	6,05
38,82	5,98
38,85	5,98
38,87	5,96
38,90	5,91
38,92	5,87
38,94	5,83
38,97	5,80
38,99	5,78
39,02	5,74
39,04	5,70
39,07	5,67
39,09	5,66
39,12	5,65
39,14	5,63
39,16	5,61
39,19	5,59
39,21	5,59
39,24	5,59
39,26	5,59
39,29	5,57
39,31	5,57
39,34	5,54
39,36	5,55
39,38	5,56
39,41	5,57
39,43	5,56
39,46	5,59
39,48	5,57
39,51	5,62
39,53	5,61
39,56	5,62
39,58	5,63
39,60	5,65
39,63	5,65
39,65	5,69
39,68	5,68
39,70	5,73
39,73	5,74
39,75	5,78
39,78	5,80
39,80	5,82
39,82	5,83
39,85	5,89
39,87	5,90
39,90	5,97
39,92	6,01
39,95	6,07
39,97	6,14
39,99	6,23
40,02	6,24
40,04	6,34
40,07	6,36
40,09	6,41
40,12	6,47
40,14	6,50
40,17	6,52
40,19	6,59
40,21	6,61
40,24	6,68
40,26	6,75
40,29	6,78
40,31	6,84
40,34	6,89
40,36	6,97
40,39	7,08
40,41	7,15
40,43	7,17
40,46	7,24
40,48	7,31
40,51	7,39
40,53	7,44
40,56	7,48
40,58	7,54
40,61	7,64
40,63	7,72
40,65	7,81
40,68	7,91
40,70	8,00
40,73	8,06
40,75	8,15
40,78	8,20
40,80	8,30
40,83	8,35
40,85	8,44
40,87	8,50
40,90	8,59
40,92	8,68
40,95	8,79
40,97	8,87
41,00	8,97
41,02	9,03
41,05	9,13
41,07	9,21
41,09	9,31
41,12	9,36
41,14	9,44
41,17	9,51
41,19	9,60
41,22	9,66
41,24	9,75
41,26	9,79
41,29	9,90
41,31	9,98
41,34	10,07
41,36	10,13
41,39	10,24
41,41	10,28
41,44	10,40
41,46	10,47
41,48	10,55
41,51	10,60
41,53	10,69
41,56	10,73
41,58	10,84
41,61	10,87
41,63	10,94
41,66	10,99
41,68	11,06
41,70	11,10
41,73	11,14
41,75	11,13
41,78	11,20
41,80	11,20
41,83	11,24
41,85	11,27
41,88	11,27
41,90	11,34
41,92	11,39
41,95	11,38
41,97	11,43
42,00	11,43
42,02	11,44
42,05	11,47
42,07	11,44
42,10	11,43
42,12	11,44
42,14	11,41
42,17	11,43
42,19	11,42
42,22	11,42
42,24	11,45
42,27	11,44
42,29	11,43
42,31	11,46
42,34	11,44
42,36	11,40
42,39	11,37
42,41	11,31
42,44	11,30
42,46	11,26
42,49	11,20
42,51	11,16
42,53	11,15
42,56	11,10
42,58	11,06
42,61	10,98
42,63	10,95
42,66	10,89
42,68	10,84
42,71	10,75
42,73	10,68
42,75	10,59
42,78	10,57
42,80	10,48
42,83	10,44
42,85	10,34
42,88	10,28
42,90	10,21
42,93	10,18
42,95	10,07
42,97	10,02
43,00	9,91
43,02	9,87
43,05	9,80
43,07	9,75
43,10	9,63
43,12	9,57
43,15	9,45
43,17	9,42
43,19	9,31
43,22	9,24
43,24	9,15
43,27	9,09
43,29	9,00
43,32	8,96
43,34	8,85
43,36	8,81
43,39	8,71
43,41	8,64
43,44	8,58
43,46	8,52
43,49	8,44
43,51	8,40
43,54	8,29
43,56	8,27
43,58	8,23
43,61	8,18
43,63	8,12
43,66	8,06
43,68	7,99
43,71	7,98
43,73	7,91
43,76	7,85
43,78	7,81
43,80	7,71
43,83	7,70
43,85	7,67
43,88	7,62
43,90	7,61
43,93	7,59
43,95	7,54
43,98	7,55
44,00	7,48
44,02	7,46
44,05	7,45
44,07	7,41
44,10	7,38
44,12	7,36
44,15	7,35
44,17	7,36
44,20	7,35
44,22	7,35
44,24	7,36
44,27	7,37
44,29	7,37
44,32	7,40
44,34	7,40
44,37	7,42
44,39	7,42
44,41	7,43
44,44	7,43
44,46	7,47
44,49	7,47
44,51	7,54
44,54	7,56
44,56	7,61
44,59	7,64
44,61	7,69
44,63	7,73
44,66	7,78
44,68	7,78
44,71	7,82
44,73	7,82
44,76	7,88
44,78	7,92
44,81	7,97
44,83	8,03
44,85	8,11
44,88	8,16
44,90	8,27
44,93	8,32
44,95	8,39
44,98	8,46
45,00	8,53
45,03	8,60
45,05	8,68
45,07	8,72
45,10	8,80
45,12	8,88
45,15	8,94
45,17	9,04
45,20	9,12
45,22	9,19
45,25	9,30
45,27	9,40
45,29	9,49
45,32	9,57
45,34	9,66
45,37	9,74
45,39	9,84
45,42	9,91
45,44	10,00
45,47	10,09
45,49	10,18
45,51	10,28
45,54	10,37
45,56	10,46
45,59	10,56
45,61	10,64
45,64	10,76
45,66	10,85
45,68	10,91
45,71	11,03
45,73	11,14
45,76	11,26
45,78	11,35
45,81	11,45
45,83	11,55
45,86	11,69
45,88	11,76
45,90	11,86
45,93	11,93
45,95	12,05
45,98	12,16
46,00	12,26
46,03	12,33
46,05	12,46
46,08	12,53
46,10	12,66
46,12	12,74
46,15	12,84
46,17	12,93
46,20	13,03
46,22	13,11
46,25	13,25
46,27	13,30
46,30	13,42
46,32	13,49
46,34	13,61
46,37	13,70
46,39	13,79
46,42	13,83
46,44	13,95
46,47	14,01
46,49	14,09
46,52	14,12
46,54	14,21
46,56	14,26
46,59	14,37
46,61	14,39
46,64	14,47
46,66	14,51
46,69	14,59
46,71	14,63
46,73	14,70
46,76	14,72
46,78	14,76
46,81	14,77
46,83	14,85
46,86	14,85
46,88	14,85
46,91	14,85
46,93	14,84
46,95	14,85
46,98	14,88
47,00	14,85
47,03	14,85
47,05	14,86
47,08	14,86
47,10	14,86
47,13	14,88
47,15	14,84
47,17	14,84
47,20	14,84
47,22	14,81
47,25	14,78
47,27	14,78
47,30	14,74
47,32	14,72
47,35	14,68
47,37	14,63
47,39	14,59
47,42	14,56
47,44	14,52
47,47	14,45
47,49	14,40
47,52	14,34
47,54	14,29
47,57	14,25
47,59	14,18
47,61	14,11
47,64	14,05
47,66	13,94
47,69	13,86
47,71	13,77
47,74	13,67
47,76	13,59
47,78	13,49
47,81	13,40
47,83	13,37
47,86	13,27
47,88	13,20
47,91	13,12
47,93	13,02
47,96	12,90
47,98	12,82
48,00	12,70
48,03	12,62
48,05	12,48
48,08	12,38
48,10	12,28
48,13	12,22
48,15	12,11
48,18	12,03
48,20	11,91
48,22	11,85
48,25	11,75
48,27	11,67
48,30	11,56
48,32	11,48
48,35	11,36
48,37	11,29
48,40	11,16
48,42	11,09
48,44	11,01
48,47	10,95
48,49	10,87
48,52	10,82
48,54	10,74
48,57	10,70
48,59	10,61
48,62	10,54
48,64	10,47
48,66	10,40
48,69	10,33
48,71	10,29
48,74	10,22
48,76	10,19
48,79	10,15
48,81	10,11
48,84	10,05
48,86	10,02
48,88	9,94
48,91	9,93
48,93	9,88
48,96	9,89
48,98	9,86
49,01	9,88
49,03	9,88
49,05	9,90
49,08	9,88
49,10	9,90
49,13	9,88
49,15	9,90
49,18	9,90
49,20	9,89
49,23	9,91
49,25	9,92
49,27	9,94
49,30	9,95
49,32	9,95
49,35	9,97
49,37	10,01
49,40	10,03
49,42	10,08
49,45	10,10
49,47	10,15
49,49	10,19
49,52	10,25
49,54	10,27
49,57	10,32
49,59	10,36
49,62	10,42
49,64	10,46
49,67	10,50
49,69	10,55
49,71	10,63
49,74	10,70
49,76	10,80
49,79	10,86
49,81	10,94
49,84	11,00
49,86	11,08
49,89	11,16
49,91	11,23
49,93	11,27
49,96	11,38
49,98	11,43
50,01	11,54
50,03	11,62
50,06	11,72
50,08	11,82
50,10	11,93
50,13	12,02
50,15	12,16
50,18	12,26
50,20	12,37
50,23	12,46
50,25	12,57
50,28	12,65
50,30	12,76
50,32	12,85
50,35	12,96
50,37	13,06
50,40	13,19
50,42	13,29
50,45	13,43
50,47	13,54
50,50	13,70
50,52	13,83
50,54	13,97
50,57	14,06
50,59	14,20
50,62	14,32
50,64	14,42
50,67	14,49
50,69	14,60
50,72	14,69
50,74	14,84
50,76	14,94
50,79	15,05
50,81	15,21
50,84	15,36
50,86	15,46
50,89	15,61
50,91	15,73
50,94	15,85
50,96	15,99
50,98	16,06
51,01	16,16
51,03	16,27
51,06	16,40
51,08	16,49
51,11	16,63
51,13	16,70
51,15	16,85
51,18	16,96
51,20	17,08
51,23	17,21
51,25	17,32
51,28	17,39
51,30	17,52
51,33	17,59
51,35	17,72
51,37	17,81
51,40	17,90
51,42	17,99
51,45	18,09
51,47	18,16
51,50	18,26
51,52	18,29
51,55	18,38
51,57	18,42
51,59	18,49
51,62	18,55
51,64	18,62
51,67	18,66
51,69	18,76
51,72	18,80
51,74	18,86
51,77	18,88
51,79	18,92
51,81	18,94
51,84	18,98
51,86	18,97
51,89	19,00
51,91	18,98
51,94	19,01
51,96	19,01
51,99	19,04
52,01	19,02
52,03	19,04
52,06	19,01
52,08	19,06
52,11	19,03
52,13	19,03
52,16	18,99
52,18	18,96
52,20	18,92
52,23	18,91
52,25	18,81
52,28	18,79
52,30	18,72
52,33	18,67
52,35	18,62
52,38	18,59
52,40	18,49
52,42	18,48
52,45	18,39
52,47	18,35
52,50	18,25
52,52	18,19
52,55	18,10
52,57	18,06
52,60	17,92
52,62	17,86
52,64	17,74
52,67	17,67
52,69	17,57
52,72	17,47
52,74	17,38
52,77	17,31
52,79	17,19
52,82	17,13
52,84	17,04
52,86	16,94
52,89	16,83
52,91	16,69
52,94	16,58
52,96	16,46
52,99	16,35
53,01	16,26
53,04	16,14
53,06	16,03
53,08	15,96
53,11	15,86
53,13	15,77
53,16	15,67
53,18	15,56
53,21	15,43
53,23	15,35
53,26	15,22
53,28	15,12
53,30	15,00
53,33	14,90
53,35	14,79
53,38	14,70
53,40	14,60
53,43	14,53
53,45	14,43
53,47	14,37
53,50	14,26
53,52	14,20
53,55	14,14
53,57	14,06
53,60	13,95
53,62	13,90
53,65	13,78
53,67	13,74
53,69	13,66
53,72	13,60
53,74	13,54
53,77	13,51
53,79	13,44
53,82	13,46
53,84	13,40
53,87	13,39
53,89	13,35
53,91	13,34
53,94	13,30
53,96	13,28
53,99	13,23
54,01	13,23
54,04	13,25
54,06	13,25
54,09	13,27
54,11	13,31
54,13	13,30
54,16	13,35
54,18	13,36
54,21	13,38
54,23	13,39
54,26	13,40
54,28	13,43
54,31	13,48
54,33	13,50
54,35	13,54
54,38	13,55
54,40	13,60
54,43	13,65
54,45	13,66
54,48	13,73
54,50	13,76
54,52	13,83
54,55	13,90
54,57	13,98
54,60	14,04
54,62	14,12
54,65	14,18
54,67	14,27
54,70	14,32
54,72	14,40
54,74	14,44
54,77	14,53
54,79	14,61
54,82	14,71
54,84	14,76
54,87	14,87
54,89	14,97
54,92	15,10
54,94	15,19
54,96	15,32
54,99	15,42
55,01	15,59
55,04	15,69
55,06	15,81
55,09	15,91
55,11	16,02
55,14	16,11
55,16	16,24
55,18	16,32
55,21	16,45
55,23	16,55
55,26	16,70
55,28	16,86
55,31	17,01
55,33	17,13
55,36	17,30
55,38	17,43
55,40	17,60
55,43	17,72
55,45	17,84
55,48	17,96
55,50	18,09
55,53	18,21
55,55	18,36
55,57	18,45
55,60	18,60
55,62	18,73
55,65	18,91
55,67	19,06
55,70	19,20
55,72	19,31
55,75	19,52
55,77	19,62
55,79	19,77
55,82	19,89
55,84	20,01
55,87	20,15
55,89	20,30
55,92	20,40
55,94	20,55
55,97	20,66
55,99	20,78
56,01	20,95
56,04	21,09
56,06	21,22
56,09	21,34
56,11	21,47
56,14	21,61
56,16	21,75
56,19	21,81
56,21	21,94
56,23	22,05
56,26	22,15
56,28	22,29
56,31	22,40
56,33	22,48
56,36	22,62
56,38	22,71
56,41	22,82
56,43	22,93
56,45	23,04
56,48	23,13
56,50	23,24
56,53	23,31
56,55	23,40
56,58	23,44
56,60	23,51
56,62	23,53
56,65	23,60
56,67	23,64
56,70	23,68
56,72	23,71
56,75	23,80
56,77	23,84
56,80	23,91
56,82	23,92
56,84	23,96
56,87	23,99
56,89	24,06
56,92	24,06
56,94	24,10
56,97	24,10
56,99	24,14
57,02	24,14
57,04	24,16
57,06	24,12
57,09	24,12
57,11	24,08
57,14	24,09
57,16	24,05
57,19	24,07
57,21	24,06
57,24	24,06
57,26	24,01
57,28	24,00
57,31	23,93
57,33	23,87
57,36	23,77
57,38	23,73
57,41	23,66
57,43	23,61
57,46	23,54
57,48	23,51
57,50	23,45
57,53	23,42
57,55	23,32
57,58	23,26
57,60	23,19
57,63	23,11
57,65	22,99
57,68	22,92
57,70	22,79
57,72	22,70
57,75	22,62
57,77	22,50
57,80	22,39
57,82	22,28
57,85	22,16
57,87	22,09
57,89	22,01
57,92	21,89
57,94	21,80
57,97	21,72
57,99	21,62
58,02	21,51
58,04	21,39
58,07	21,25
58,09	21,12
58,11	20,98
58,14	20,86
58,16	20,73
58,19	20,62
58,21	20,50
58,24	20,41
58,26	20,31
58,29	20,24
58,31	20,11
58,33	20,03
58,36	19,92
58,38	19,82
58,41	19,70
58,43	19,61
58,46	19,47
58,48	19,41
58,51	19,29
58,53	19,21
58,55	19,10
58,58	19,03
58,60	18,95
58,63	18,90
58,65	18,79
58,68	18,77
58,70	18,69
58,73	18,65
58,75	18,58
58,77	18,54
58,80	18,47
58,82	18,45
58,85	18,36
58,87	18,34
58,90	18,26
58,92	18,26
58,94	18,20
58,97	18,19
58,99	18,16
59,02	18,17
59,04	18,13
59,07	18,15
59,09	18,13
59,12	18,13
59,14	18,14
59,16	18,16
59,19	18,16
59,21	18,25
59,24	18,29
59,26	18,32
59,29	18,38
59,31	18,41
59,34	18,46
59,36	18,54
59,38	18,55
59,41	18,61
59,43	18,69
59,46	18,74
59,48	18,79
59,51	18,83
59,53	18,89
59,56	18,98
59,58	19,05
59,60	19,11
59,63	19,18
59,65	19,25
59,68	19,37
59,70	19,46
59,73	19,52
59,75	19,59
59,78	19,71
59,80	19,81
59,82	19,95
59,85	20,03
59,87	20,15
59,90	20,24
59,92	20,38
59,95	20,46
59,97	20,57
59,99	20,62
