U1/V	IA/nA
0,02	0,48
0,04	0,49
0,07	0,49
0,09	0,49
0,12	0,48
0,14	0,48
0,17	0,48
0,19	0,46
0,21	0,45
0,24	0,46
0,26	0,45
0,29	0,47
0,31	0,47
0,34	0,48
0,36	0,49
0,39	0,49
0,41	0,48
0,43	0,51
0,46	0,50
0,48	0,50
0,51	0,49
0,53	0,49
0,56	0,48
0,58	0,49
0,61	0,47
0,63	0,51
0,65	0,49
0,68	0,51
0,70	0,49
0,73	0,51
0,75	0,51
0,78	0,52
0,80	0,48
0,83	0,50
0,85	0,46
0,87	0,48
0,90	0,47
0,92	0,47
0,95	0,45
0,97	0,47
1,00	0,45
1,02	0,49
1,05	0,46
1,07	0,48
1,09	0,48
1,12	0,51
1,14	0,50
1,17	0,53
1,19	0,50
1,22	0,53
1,24	0,51
1,26	0,51
1,29	0,49
1,31	0,50
1,34	0,48
1,36	0,52
1,39	0,50
1,41	0,52
1,44	0,51
1,46	0,51
1,48	0,51
1,51	0,52
1,53	0,49
1,56	0,51
1,58	0,49
1,61	0,50
1,63	0,49
1,66	0,48
1,68	0,49
1,70	0,49
1,73	0,48
1,75	0,49
1,78	0,48
1,80	0,48
1,83	0,51
1,85	0,50
1,88	0,50
1,90	0,51
1,92	0,50
1,95	0,50
1,97	0,52
2,00	0,48
2,02	0,50
2,05	0,48
2,07	0,48
2,10	0,51
2,12	0,52
2,14	0,52
2,17	0,54
2,19	0,51
2,22	0,55
2,24	0,53
2,27	0,52
2,29	0,51
2,31	0,50
2,34	0,48
2,36	0,51
2,39	0,47
2,41	0,50
2,44	0,47
2,46	0,48
2,49	0,48
2,51	0,50
2,53	0,47
2,56	0,52
2,58	0,49
2,61	0,51
2,63	0,49
2,66	0,51
2,68	0,49
2,71	0,51
2,73	0,46
2,75	0,49
2,78	0,47
2,80	0,49
2,83	0,49
2,85	0,51
2,88	0,48
2,90	0,51
2,93	0,48
2,95	0,53
2,97	0,51
3,00	0,51
3,02	0,49
3,05	0,49
3,07	0,48
3,10	0,49
3,12	0,46
3,15	0,47
3,17	0,45
3,19	0,45
3,22	0,47
3,24	0,48
3,27	0,47
3,29	0,50
3,32	0,49
3,34	0,50
3,36	0,51
3,39	0,51
3,41	0,51
3,44	0,51
3,46	0,48
3,49	0,49
3,51	0,48
3,54	0,48
3,56	0,50
3,58	0,49
3,61	0,49
3,63	0,49
3,66	0,50
3,68	0,52
3,71	0,53
3,73	0,49
3,76	0,51
3,78	0,48
3,80	0,50
3,83	0,49
3,85	0,49
3,88	0,48
3,90	0,48
3,93	0,47
3,95	0,51
3,98	0,50
4,00	0,51
4,02	0,51
4,05	0,53
4,07	0,53
4,10	0,55
4,12	0,52
4,15	0,55
4,17	0,53
4,20	0,53
4,22	0,51
4,24	0,52
4,27	0,49
4,29	0,52
4,32	0,49
4,34	0,51
4,37	0,49
4,39	0,50
4,42	0,51
4,44	0,52
4,46	0,48
4,49	0,51
4,51	0,48
4,54	0,50
4,56	0,48
4,59	0,47
4,61	0,47
4,63	0,48
4,66	0,46
4,68	0,49
4,71	0,48
4,73	0,49
4,76	0,51
4,78	0,51
4,81	0,51
4,83	0,52
4,85	0,50
4,88	0,51
4,90	0,51
4,93	0,49
4,95	0,50
4,98	0,48
5,00	0,48
5,03	0,49
5,05	0,49
5,07	0,50
5,10	0,51
5,12	0,49
5,15	0,52
5,17	0,51
5,20	0,52
5,22	0,52
5,25	0,49
5,27	0,46
5,29	0,47
5,32	0,45
5,34	0,47
5,37	0,45
5,39	0,46
5,42	0,47
5,44	0,49
5,47	0,47
5,49	0,51
5,51	0,49
5,54	0,51
5,56	0,49
5,59	0,50
5,61	0,48
5,64	0,51
5,66	0,48
5,68	0,50
5,71	0,48
5,73	0,49
5,76	0,47
5,78	0,50
5,81	0,48
5,83	0,48
5,86	0,45
5,88	0,50
5,90	0,48
5,93	0,50
5,95	0,48
5,98	0,49
6,00	0,47
6,03	0,49
6,05	0,46
6,08	0,48
6,10	0,45
6,12	0,45
6,15	0,46
6,17	0,48
6,20	0,46
6,22	0,49
6,25	0,47
6,27	0,50
6,30	0,51
6,32	0,52
6,34	0,51
6,37	0,52
6,39	0,48
6,42	0,50
6,44	0,47
6,47	0,48
6,49	0,47
6,52	0,47
6,54	0,48
6,56	0,49
6,59	0,48
6,61	0,54
6,64	0,53
6,66	0,53
6,69	0,53
6,71	0,51
6,73	0,52
6,76	0,52
6,78	0,50
6,81	0,49
6,83	0,49
6,86	0,48
6,88	0,51
6,91	0,49
6,93	0,49
6,95	0,49
6,98	0,50
7,00	0,50
7,03	0,52
7,05	0,49
7,08	0,52
7,10	0,51
7,13	0,50
7,15	0,50
7,17	0,50
7,20	0,48
7,22	0,50
7,25	0,48
7,27	0,49
7,30	0,48
7,32	0,49
7,35	0,52
7,37	0,55
7,39	0,52
7,42	0,55
7,44	0,50
7,47	0,53
7,49	0,51
7,52	0,50
7,54	0,48
7,57	0,49
7,59	0,47
7,61	0,52
7,64	0,50
7,66	0,52
7,69	0,50
7,71	0,52
7,74	0,51
7,76	0,53
7,78	0,50
7,81	0,53
7,83	0,51
7,86	0,54
7,88	0,53
7,91	0,52
7,93	0,51
7,96	0,53
7,98	0,52
8,00	0,54
8,03	0,52
8,05	0,52
8,08	0,56
8,10	0,56
8,13	0,55
8,15	0,56
8,18	0,52
8,20	0,51
8,22	0,50
8,25	0,49
8,27	0,49
8,30	0,48
8,32	0,47
8,35	0,49
8,37	0,50
8,40	0,50
8,42	0,50
8,44	0,50
8,47	0,53
8,49	0,53
8,52	0,52
8,54	0,52
8,57	0,53
8,59	0,52
8,62	0,53
8,64	0,50
8,66	0,51
8,69	0,52
8,71	0,53
8,74	0,52
8,76	0,54
8,79	0,52
8,81	0,58
8,84	0,56
8,86	0,56
8,88	0,56
8,91	0,58
8,93	0,56
8,96	0,57
8,98	0,54
9,01	0,57
9,03	0,54
9,05	0,56
9,08	0,54
9,10	0,57
9,13	0,55
9,15	0,57
9,18	0,54
9,20	0,58
9,23	0,55
9,25	0,56
9,27	0,55
9,30	0,56
9,32	0,54
9,35	0,58
9,37	0,54
9,40	0,56
9,42	0,55
9,45	0,55
9,47	0,55
9,49	0,57
9,52	0,55
9,54	0,61
9,57	0,59
9,59	0,61
9,62	0,60
9,64	0,60
9,67	0,59
9,69	0,60
9,71	0,57
9,74	0,57
9,76	0,54
9,79	0,55
9,81	0,56
9,84	0,57
9,86	0,58
9,89	0,58
9,91	0,58
9,93	0,60
9,96	0,61
9,98	0,61
10,01	0,61
10,03	0,59
10,06	0,59
10,08	0,60
10,10	0,59
10,13	0,60
10,15	0,61
10,18	0,60
10,20	0,61
10,23	0,61
10,25	0,62
10,28	0,63
10,30	0,63
10,32	0,61
10,35	0,64
10,37	0,63
10,40	0,64
10,42	0,62
10,45	0,64
10,47	0,63
10,50	0,63
10,52	0,61
10,54	0,64
10,57	0,62
10,59	0,64
10,62	0,62
10,64	0,63
10,67	0,63
10,69	0,66
10,72	0,63
10,74	0,66
10,76	0,64
10,79	0,66
10,81	0,67
10,84	0,69
10,86	0,66
10,89	0,68
10,91	0,65
10,94	0,68
10,96	0,66
10,98	0,66
11,01	0,66
11,03	0,68
11,06	0,65
11,08	0,68
11,11	0,66
11,13	0,67
11,15	0,65
11,18	0,66
11,20	0,65
11,23	0,66
11,25	0,64
11,28	0,67
11,30	0,66
11,33	0,68
11,35	0,68
11,37	0,69
11,40	0,70
11,42	0,72
11,45	0,69
11,47	0,70
11,50	0,70
11,52	0,70
11,55	0,73
11,57	0,71
11,59	0,71
11,62	0,72
11,64	0,72
11,67	0,74
11,69	0,74
11,72	0,71
11,74	0,73
11,77	0,71
11,79	0,71
11,81	0,72
11,84	0,72
11,86	0,71
11,89	0,72
11,91	0,71
11,94	0,75
11,96	0,72
11,99	0,73
12,01	0,73
12,03	0,74
12,06	0,72
12,08	0,75
12,11	0,72
12,13	0,76
12,16	0,74
12,18	0,74
12,21	0,73
12,23	0,76
12,25	0,73
12,28	0,78
12,30	0,76
12,33	0,79
12,35	0,78
12,38	0,80
12,40	0,79
12,42	0,80
12,45	0,75
12,47	0,79
12,50	0,76
12,52	0,78
12,55	0,77
12,57	0,78
12,60	0,77
12,62	0,80
12,64	0,78
12,67	0,81
12,69	0,77
12,72	0,79
12,74	0,80
12,77	0,82
12,79	0,81
12,82	0,82
12,84	0,80
12,86	0,84
12,89	0,84
12,91	0,84
12,94	0,83
12,96	0,83
12,99	0,82
13,01	0,85
13,04	0,84
13,06	0,85
13,08	0,85
13,11	0,88
13,13	0,89
13,16	0,91
13,18	0,89
13,21	0,91
13,23	0,90
13,26	0,90
13,28	0,88
13,30	0,86
13,33	0,87
13,35	0,87
13,38	0,88
13,40	0,88
13,43	0,87
13,45	0,87
13,47	0,91
13,50	0,90
13,52	0,92
13,55	0,91
13,57	0,92
13,60	0,93
13,62	0,95
13,65	0,92
13,67	0,94
13,69	0,92
13,72	0,94
13,74	0,95
13,77	0,98
13,79	0,96
13,82	0,98
13,84	0,96
13,87	1,01
13,89	0,98
13,91	0,99
13,94	0,97
13,96	0,97
13,99	0,95
14,01	0,98
14,04	0,94
14,06	0,97
14,09	0,94
14,11	0,95
14,13	0,96
14,16	0,97
14,18	0,96
14,21	1,00
14,23	0,98
14,26	1,01
14,28	0,99
14,31	1,01
14,33	0,99
14,35	1,02
14,38	0,98
14,40	1,00
14,43	0,99
14,45	1,01
14,48	1,01
14,50	1,02
14,52	1,01
14,55	1,03
14,57	1,01
14,60	1,03
14,62	1,02
14,65	1,02
14,67	1,01
14,70	1,01
14,72	1,01
14,74	1,02
14,77	1,01
14,79	1,01
14,82	0,99
14,84	0,99
14,87	1,01
14,89	1,01
14,92	1,01
14,94	1,03
14,96	1,04
14,99	1,04
15,01	1,06
15,04	1,06
15,06	1,06
15,09	1,05
15,11	1,03
15,14	1,03
15,16	1,04
15,18	1,02
15,21	1,06
15,23	1,05
15,26	1,06
15,28	1,05
15,31	1,07
15,33	1,07
15,36	1,09
15,38	1,05
15,40	1,06
15,43	1,04
15,45	1,06
15,48	1,05
15,50	1,07
15,53	1,05
15,55	1,06
15,57	1,05
15,60	1,09
15,62	1,06
15,65	1,08
15,67	1,07
15,70	1,08
15,72	1,07
15,75	1,09
15,77	1,07
15,79	1,10
15,82	1,08
15,84	1,09
15,87	1,08
15,89	1,10
15,92	1,08
15,94	1,12
15,97	1,10
15,99	1,12
16,01	1,11
16,04	1,11
16,06	1,12
16,09	1,13
16,11	1,10
16,14	1,12
16,16	1,09
16,19	1,10
16,21	1,10
16,23	1,09
16,26	1,08
16,28	1,09
16,31	1,08
16,33	1,10
16,36	1,10
16,38	1,10
16,41	1,13
16,43	1,14
16,45	1,15
16,48	1,16
16,50	1,16
16,53	1,16
16,55	1,16
16,58	1,15
16,60	1,16
16,63	1,14
16,65	1,14
16,67	1,17
16,70	1,19
16,72	1,19
16,75	1,20
16,77	1,18
16,80	1,22
16,82	1,22
16,84	1,21
16,87	1,21
16,89	1,22
16,92	1,20
16,94	1,22
16,97	1,19
16,99	1,22
17,02	1,21
17,04	1,23
17,06	1,23
17,09	1,24
17,11	1,23
17,14	1,28
17,16	1,26
17,19	1,28
17,21	1,26
17,24	1,27
17,26	1,26
17,28	1,30
17,31	1,25
17,33	1,29
17,36	1,27
17,38	1,29
17,41	1,30
17,43	1,32
17,46	1,30
17,48	1,33
17,50	1,31
17,53	1,37
17,55	1,36
17,58	1,37
17,60	1,36
17,63	1,37
17,65	1,37
17,68	1,40
17,70	1,37
17,72	1,39
17,75	1,37
17,77	1,38
17,80	1,38
17,82	1,40
17,85	1,38
17,87	1,42
17,89	1,42
17,92	1,44
17,94	1,45
17,97	1,47
17,99	1,47
18,02	1,48
18,04	1,45
18,07	1,46
18,09	1,46
18,11	1,46
18,14	1,48
18,16	1,47
18,19	1,48
18,21	1,48
18,24	1,49
18,26	1,52
18,29	1,54
18,31	1,52
18,33	1,53
18,36	1,51
18,38	1,53
18,41	1,53
18,43	1,51
18,46	1,50
18,48	1,52
18,51	1,52
18,53	1,55
18,55	1,54
18,58	1,56
18,60	1,57
18,63	1,59
18,65	1,57
18,68	1,59
18,70	1,58
18,73	1,60
18,75	1,57
18,77	1,57
18,80	1,56
18,82	1,58
18,85	1,57
18,87	1,60
18,90	1,57
18,92	1,60
18,94	1,59
18,97	1,60
18,99	1,61
19,02	1,62
19,04	1,59
19,07	1,62
19,09	1,59
19,12	1,61
19,14	1,58
19,16	1,59
19,19	1,57
19,21	1,58
19,24	1,56
19,26	1,61
19,29	1,58
19,31	1,60
19,34	1,60
19,36	1,62
19,38	1,62
19,41	1,63
19,43	1,60
19,46	1,63
19,48	1,63
19,51	1,61
19,53	1,61
19,56	1,60
19,58	1,59
19,60	1,60
19,63	1,59
19,65	1,60
19,68	1,60
19,70	1,59
19,73	1,62
19,75	1,62
19,78	1,62
19,80	1,62
19,82	1,60
19,85	1,59
19,87	1,59
19,90	1,57
19,92	1,57
19,95	1,54
19,97	1,54
19,99	1,55
20,02	1,55
20,04	1,54
20,07	1,57
20,09	1,56
20,12	1,58
20,14	1,57
20,17	1,57
20,19	1,56
20,21	1,58
20,24	1,54
20,26	1,57
20,29	1,53
20,31	1,55
20,34	1,53
20,36	1,56
20,39	1,55
20,41	1,57
20,43	1,53
20,46	1,60
20,48	1,58
20,51	1,60
20,53	1,57
20,56	1,57
20,58	1,54
20,61	1,57
20,63	1,52
20,65	1,55
20,68	1,52
20,70	1,53
20,73	1,53
20,75	1,57
20,78	1,55
20,80	1,57
20,83	1,55
20,85	1,58
20,87	1,58
20,90	1,59
20,92	1,58
20,95	1,60
20,97	1,58
21,00	1,61
21,02	1,58
21,05	1,61
21,07	1,60
21,09	1,61
21,12	1,61
21,14	1,63
21,17	1,62
21,19	1,68
21,22	1,67
21,24	1,69
21,26	1,69
21,29	1,67
21,31	1,68
21,34	1,70
21,36	1,68
21,39	1,68
21,41	1,67
21,44	1,68
21,46	1,73
21,48	1,73
21,51	1,75
21,53	1,76
21,56	1,77
21,58	1,79
21,61	1,80
21,63	1,79
21,66	1,81
21,68	1,81
21,70	1,83
21,73	1,84
21,75	1,85
21,78	1,85
21,80	1,88
21,83	1,88
21,85	1,91
21,88	1,91
21,90	1,92
21,92	1,96
21,95	1,99
21,97	1,97
22,00	2,00
22,02	1,97
22,05	2,01
22,07	2,00
22,10	2,01
22,12	2,01
22,14	2,03
22,17	2,02
22,19	2,07
22,22	2,05
22,24	2,08
22,27	2,09
22,29	2,10
22,31	2,12
22,34	2,15
22,36	2,14
22,39	2,17
22,41	2,17
22,44	2,20
22,46	2,22
22,49	2,22
22,51	2,22
22,53	2,25
22,56	2,25
22,58	2,28
22,61	2,28
22,63	2,29
22,66	2,32
22,68	2,32
22,71	2,33
22,73	2,35
22,75	2,34
22,78	2,36
22,80	2,36
22,83	2,36
22,85	2,37
22,88	2,37
22,90	2,37
22,93	2,39
22,95	2,38
22,97	2,39
23,00	2,41
23,02	2,41
23,05	2,45
23,07	2,46
23,10	2,45
23,12	2,44
23,15	2,45
23,17	2,45
23,19	2,48
23,22	2,43
23,24	2,44
23,27	2,44
23,29	2,46
23,32	2,46
23,34	2,47
23,36	2,45
23,39	2,49
23,41	2,46
23,44	2,47
23,46	2,46
23,49	2,48
23,51	2,45
23,54	2,47
23,56	2,44
23,58	2,48
23,61	2,44
23,63	2,46
23,66	2,43
23,68	2,45
23,71	2,42
23,73	2,44
23,76	2,40
23,78	2,44
23,80	2,42
23,83	2,43
23,85	2,41
23,88	2,43
23,90	2,39
23,93	2,42
23,95	2,38
23,98	2,39
24,00	2,37
24,02	2,37
24,05	2,35
24,07	2,37
24,10	2,34
24,12	2,37
24,15	2,35
24,17	2,36
24,20	2,34
24,22	2,34
24,24	2,33
24,27	2,34
24,29	2,31
24,32	2,31
24,34	2,28
24,37	2,27
24,39	2,27
24,42	2,27
24,44	2,25
24,46	2,27
24,49	2,25
24,51	2,27
24,54	2,27
24,56	2,25
24,59	2,25
24,61	2,22
24,63	2,21
24,66	2,23
24,68	2,21
24,71	2,21
24,73	2,21
24,76	2,20
24,78	2,22
24,81	2,21
24,83	2,20
24,85	2,21
24,88	2,20
24,90	2,18
24,93	2,19
24,95	2,17
24,98	2,17
25,00	2,16
25,03	2,17
25,05	2,16
25,07	2,15
25,10	2,13
25,12	2,17
25,15	2,15
25,17	2,17
25,20	2,14
25,22	2,16
25,25	2,15
25,27	2,18
25,29	2,14
25,32	2,17
25,34	2,14
25,37	2,16
25,39	2,16
25,42	2,20
25,44	2,18
25,47	2,21
25,49	2,20
25,51	2,23
25,54	2,22
25,56	2,22
25,59	2,21
25,61	2,22
25,64	2,21
25,66	2,23
25,68	2,23
25,71	2,25
25,73	2,24
25,76	2,27
25,78	2,27
25,81	2,28
25,83	2,28
25,86	2,30
25,88	2,30
25,90	2,32
25,93	2,32
25,95	2,35
25,98	2,38
26,00	2,40
26,03	2,38
26,05	2,40
26,08	2,41
26,10	2,43
26,12	2,46
26,15	2,47
26,17	2,47
26,20	2,49
26,22	2,51
26,25	2,55
26,27	2,58
26,30	2,58
26,32	2,60
26,34	2,62
26,37	2,66
26,39	2,68
26,42	2,69
26,44	2,69
26,47	2,72
26,49	2,72
26,52	2,77
26,54	2,76
26,56	2,79
26,59	2,81
26,61	2,84
26,64	2,86
26,66	2,91
26,69	2,92
26,71	2,98
26,73	2,99
26,76	3,02
26,78	3,03
26,81	3,07
26,83	3,08
26,86	3,13
26,88	3,13
26,91	3,18
26,93	3,19
26,95	3,22
26,98	3,24
27,00	3,28
27,03	3,26
27,05	3,31
27,08	3,31
27,10	3,35
27,13	3,36
27,15	3,40
27,17	3,41
27,20	3,45
27,22	3,45
27,25	3,49
27,27	3,47
27,30	3,50
27,32	3,51
27,35	3,55
27,37	3,56
27,39	3,60
27,42	3,61
27,44	3,66
27,47	3,67
27,49	3,69
27,52	3,70
27,54	3,71
27,57	3,70
27,59	3,73
27,61	3,74
27,64	3,76
27,66	3,76
27,69	3,77
27,71	3,79
27,74	3,80
27,76	3,80
27,78	3,82
27,81	3,81
27,83	3,80
27,86	3,81
27,88	3,80
27,91	3,81
27,93	3,80
27,96	3,80
27,98	3,80
28,00	3,82
28,03	3,81
28,05	3,83
28,08	3,82
28,10	3,83
28,13	3,81
28,15	3,82
28,18	3,78
28,20	3,80
28,22	3,75
28,25	3,77
28,27	3,73
28,30	3,73
28,32	3,73
28,35	3,74
28,37	3,71
28,40	3,72
28,42	3,68
28,44	3,71
28,47	3,68
28,49	3,66
28,52	3,64
28,54	3,63
28,57	3,59
28,59	3,60
28,62	3,56
28,64	3,58
28,66	3,53
28,69	3,53
28,71	3,51
28,74	3,52
28,76	3,47
28,79	3,50
28,81	3,45
28,84	3,45
28,86	3,42
28,88	3,42
28,91	3,38
28,93	3,38
28,96	3,33
28,98	3,33
29,01	3,30
29,03	3,29
29,05	3,28
29,08	3,28
29,10	3,25
29,13	3,25
29,15	3,22
29,18	3,24
29,20	3,22
29,23	3,18
29,25	3,16
29,27	3,14
29,30	3,12
29,32	3,12
29,35	3,08
29,37	3,06
29,40	3,04
29,42	3,03
29,45	3,04
29,47	3,03
29,49	3,02
29,52	3,02
29,54	3,02
29,57	3,01
29,59	3,02
29,62	2,99
29,64	2,99
29,67	2,97
29,69	2,95
29,71	2,94
29,74	2,94
29,76	2,92
29,79	2,96
29,81	2,94
29,84	2,96
29,86	2,95
29,89	2,96
29,91	2,97
29,93	2,99
29,96	2,94
29,98	2,95
30,01	2,92
30,03	2,93
30,06	2,92
30,08	2,93
30,10	2,92
30,13	2,94
30,15	2,93
30,18	2,99
30,20	2,98
30,23	3,00
30,25	3,01
30,28	3,04
30,30	3,04
30,32	3,07
30,35	3,05
30,37	3,09
30,40	3,10
30,42	3,10
30,45	3,11
30,47	3,13
30,50	3,12
30,52	3,18
30,54	3,18
30,57	3,21
30,59	3,23
30,62	3,26
30,64	3,30
30,67	3,34
30,69	3,34
30,72	3,38
30,74	3,38
30,76	3,40
30,79	3,41
30,81	3,42
30,84	3,45
30,86	3,48
30,89	3,50
30,91	3,54
30,94	3,57
30,96	3,60
30,98	3,67
31,01	3,69
31,03	3,73
31,06	3,75
31,08	3,78
31,11	3,81
31,13	3,85
31,15	3,85
31,18	3,90
31,20	3,91
31,23	3,96
31,25	3,99
31,28	4,04
31,30	4,08
31,33	4,14
31,35	4,15
31,37	4,24
31,40	4,25
31,42	4,30
31,45	4,32
31,47	4,35
31,50	4,37
31,52	4,43
31,55	4,44
31,57	4,52
31,59	4,54
31,62	4,60
31,64	4,65
31,67	4,71
31,69	4,73
31,72	4,81
31,74	4,82
31,77	4,88
31,79	4,90
31,81	4,94
31,84	4,96
31,86	5,01
31,89	5,00
31,91	5,06
31,94	5,07
31,96	5,12
31,99	5,15
32,01	5,19
32,03	5,20
32,06	5,24
32,08	5,25
32,11	5,33
32,13	5,34
32,16	5,37
32,18	5,38
32,20	5,41
32,23	5,43
32,25	5,46
32,28	5,45
32,30	5,47
32,33	5,47
32,35	5,49
32,38	5,51
32,40	5,53
32,42	5,53
32,45	5,57
32,47	5,57
32,50	5,59
32,52	5,60
32,55	5,61
32,57	5,61
32,60	5,60
32,62	5,58
32,64	5,57
32,67	5,56
32,69	5,55
32,72	5,55
32,74	5,54
32,77	5,54
32,79	5,53
32,82	5,53
32,84	5,55
32,86	5,56
32,89	5,53
32,91	5,52
32,94	5,47
32,96	5,45
32,99	5,41
33,01	5,38
33,04	5,33
33,06	5,31
33,08	5,26
33,11	5,29
33,13	5,25
33,16	5,24
33,18	5,21
33,21	5,20
33,23	5,16
33,26	5,16
33,28	5,10
33,30	5,09
33,33	5,05
33,35	5,03
33,38	4,99
33,40	4,97
33,43	4,91
33,45	4,90
33,47	4,85
33,50	4,84
33,52	4,79
33,55	4,77
33,57	4,76
33,60	4,74
33,62	4,69
33,65	4,69
33,67	4,61
33,69	4,59
33,72	4,54
33,74	4,51
33,77	4,47
33,79	4,44
33,82	4,39
33,84	4,40
33,87	4,36
33,89	4,35
33,91	4,34
33,94	4,32
33,96	4,29
33,99	4,27
34,01	4,22
34,04	4,20
34,06	4,17
34,09	4,13
34,11	4,10
34,13	4,06
34,16	4,04
34,18	4,03
34,21	4,02
34,23	4,00
34,26	3,99
34,28	3,95
34,31	3,99
34,33	3,96
34,35	3,96
34,38	3,94
34,40	3,91
34,43	3,88
34,45	3,88
34,48	3,83
34,50	3,85
34,52	3,82
34,55	3,83
34,57	3,84
34,60	3,86
34,62	3,84
34,65	3,87
34,67	3,85
34,70	3,88
34,72	3,86
34,74	3,88
34,77	3,86
34,79	3,89
34,82	3,88
34,84	3,91
34,87	3,88
34,89	3,91
34,92	3,91
34,94	3,94
34,96	3,94
34,99	3,97
35,01	3,96
35,04	4,04
35,06	4,04
35,09	4,07
35,11	4,08
35,14	4,10
35,16	4,10
35,18	4,15
35,21	4,13
35,23	4,18
35,26	4,18
35,28	4,21
35,31	4,25
35,33	4,29
35,36	4,29
35,38	4,34
35,40	4,36
35,43	4,43
35,45	4,46
35,48	4,51
35,50	4,55
35,53	4,60
35,55	4,62
35,57	4,65
35,60	4,66
35,62	4,71
35,65	4,75
35,67	4,78
35,70	4,82
35,72	4,88
35,75	4,94
35,77	5,03
35,79	5,07
35,82	5,11
35,84	5,17
35,87	5,20
35,89	5,25
35,92	5,29
35,94	5,33
35,97	5,36
35,99	5,41
36,01	5,46
36,04	5,55
36,06	5,60
36,09	5,67
36,11	5,72
36,14	5,80
36,16	5,85
36,19	5,92
36,21	5,96
36,23	6,02
36,26	6,05
36,28	6,12
36,31	6,17
36,33	6,23
36,36	6,27
36,38	6,34
36,41	6,39
36,43	6,48
36,45	6,53
36,48	6,60
36,50	6,67
36,53	6,76
36,55	6,79
36,58	6,86
36,60	6,89
36,62	6,96
36,65	6,98
36,67	7,03
36,70	7,06
36,72	7,10
36,75	7,13
36,77	7,20
36,80	7,22
36,82	7,29
36,84	7,32
36,87	7,38
36,89	7,42
36,92	7,47
36,94	7,49
36,97	7,54
36,99	7,56
37,02	7,60
37,04	7,63
37,06	7,65
37,09	7,65
37,11	7,69
37,14	7,70
37,16	7,73
37,19	7,74
37,21	7,74
37,24	7,78
37,26	7,79
37,28	7,80
37,31	7,80
37,33	7,80
37,36	7,80
37,38	7,78
37,41	7,77
37,43	7,78
37,46	7,74
37,48	7,74
37,50	7,72
37,53	7,71
37,55	7,69
37,58	7,68
37,60	7,65
37,63	7,66
37,65	7,63
37,68	7,60
37,70	7,57
37,72	7,56
37,75	7,52
37,77	7,51
37,80	7,43
37,82	7,41
37,85	7,36
37,87	7,33
37,89	7,28
37,92	7,25
37,94	7,17
37,97	7,16
37,99	7,09
38,02	7,07
38,04	7,01
38,07	6,98
38,09	6,92
38,11	6,89
38,14	6,82
38,16	6,80
38,19	6,70
38,21	6,66
38,24	6,59
38,26	6,55
38,29	6,48
38,31	6,45
38,33	6,38
38,36	6,37
38,38	6,31
38,41	6,28
38,43	6,21
38,46	6,18
38,48	6,11
38,51	6,08
38,53	6,00
38,55	5,96
38,58	5,89
38,60	5,85
38,63	5,80
38,65	5,77
38,68	5,71
38,70	5,70
38,73	5,65
38,75	5,61
38,77	5,57
38,80	5,53
38,82	5,49
38,85	5,46
38,87	5,42
38,90	5,39
38,92	5,34
38,94	5,32
38,97	5,30
38,99	5,28
39,02	5,25
39,04	5,22
39,07	5,20
39,09	5,18
39,12	5,18
39,14	5,14
39,16	5,14
39,19	5,10
39,21	5,10
39,24	5,10
39,26	5,10
39,29	5,09
39,31	5,10
39,34	5,07
39,36	5,10
39,38	5,08
39,41	5,08
39,43	5,08
39,46	5,08
39,48	5,06
39,51	5,09
39,53	5,07
39,56	5,10
39,58	5,08
39,60	5,11
39,63	5,11
39,65	5,12
39,68	5,11
39,70	5,16
39,73	5,15
39,75	5,19
39,78	5,20
39,80	5,23
39,82	5,26
39,85	5,31
39,87	5,30
39,90	5,36
39,92	5,38
39,95	5,42
39,97	5,47
39,99	5,52
40,02	5,54
40,04	5,60
40,07	5,63
40,09	5,70
40,12	5,72
40,14	5,74
40,17	5,77
40,19	5,82
40,21	5,85
40,24	5,91
40,26	5,95
40,29	6,01
40,31	6,06
40,34	6,12
40,36	6,18
40,39	6,23
40,41	6,28
40,43	6,34
40,46	6,39
40,48	6,45
40,51	6,53
40,53	6,59
40,56	6,67
40,58	6,72
40,61	6,79
40,63	6,85
40,65	6,93
40,68	6,99
40,70	7,08
40,73	7,14
40,75	7,23
40,78	7,29
40,80	7,38
40,83	7,44
40,85	7,52
40,87	7,56
40,90	7,66
40,92	7,69
40,95	7,79
40,97	7,86
41,00	7,95
41,02	8,01
41,05	8,11
41,07	8,17
41,09	8,29
41,12	8,32
41,14	8,40
41,17	8,46
41,19	8,54
41,22	8,59
41,24	8,69
41,26	8,74
41,29	8,84
41,31	8,90
41,34	8,99
41,36	9,04
41,39	9,13
41,41	9,17
41,44	9,29
41,46	9,35
41,48	9,43
41,51	9,48
41,53	9,56
41,56	9,62
41,58	9,69
41,61	9,71
41,63	9,78
41,66	9,82
41,68	9,88
41,70	9,92
41,73	9,97
41,75	10,01
41,78	10,07
41,80	10,09
41,83	10,13
41,85	10,14
41,88	10,19
41,90	10,23
41,92	10,26
41,95	10,28
41,97	10,31
42,00	10,33
42,02	10,38
42,05	10,39
42,07	10,39
42,10	10,40
42,12	10,39
42,14	10,39
42,17	10,42
42,19	10,41
42,22	10,41
42,24	10,41
42,27	10,38
42,29	10,40
42,31	10,39
42,34	10,35
42,36	10,32
42,39	10,29
42,41	10,24
42,44	10,22
42,46	10,17
42,49	10,13
42,51	10,10
42,53	10,07
42,56	10,04
42,58	10,01
42,61	9,95
42,63	9,94
42,66	9,88
42,68	9,84
42,71	9,76
42,73	9,71
42,75	9,63
42,78	9,60
42,80	9,51
42,83	9,46
42,85	9,36
42,88	9,32
42,90	9,27
42,93	9,23
42,95	9,14
42,97	9,09
43,00	9,01
43,02	8,99
43,05	8,90
43,07	8,81
43,10	8,72
43,12	8,65
43,15	8,56
43,17	8,52
43,19	8,41
43,22	8,36
43,24	8,27
43,27	8,22
43,29	8,16
43,32	8,10
43,34	8,02
43,36	7,98
43,39	7,90
43,41	7,85
43,44	7,77
43,46	7,71
43,49	7,64
43,51	7,59
43,54	7,50
43,56	7,46
43,58	7,39
43,61	7,34
43,63	7,31
43,66	7,26
43,68	7,21
43,71	7,18
43,73	7,12
43,76	7,11
43,78	7,06
43,80	6,98
43,83	6,94
43,85	6,89
43,88	6,85
43,90	6,81
43,93	6,77
43,95	6,73
43,98	6,71
44,00	6,69
44,02	6,70
44,05	6,67
44,07	6,66
44,10	6,67
44,12	6,66
44,15	6,65
44,17	6,65
44,20	6,63
44,22	6,63
44,24	6,62
44,27	6,62
44,29	6,61
44,32	6,62
44,34	6,61
44,37	6,67
44,39	6,65
44,41	6,68
44,44	6,67
44,46	6,71
44,49	6,73
44,51	6,77
44,54	6,74
44,56	6,80
44,59	6,79
44,61	6,84
44,63	6,85
44,66	6,88
44,68	6,89
44,71	6,93
44,73	6,95
44,76	7,03
44,78	7,06
44,81	7,12
44,83	7,17
44,85	7,25
44,88	7,30
44,90	7,37
44,93	7,41
44,95	7,48
44,98	7,52
45,00	7,57
45,03	7,61
45,05	7,67
45,07	7,72
45,10	7,80
45,12	7,86
45,15	7,95
45,17	8,02
45,20	8,10
45,22	8,19
45,25	8,27
45,27	8,33
45,29	8,42
45,32	8,48
45,34	8,54
45,37	8,61
45,39	8,66
45,42	8,75
45,44	8,83
45,47	8,90
45,49	9,00
45,51	9,09
45,54	9,18
45,56	9,30
45,59	9,39
45,61	9,49
45,64	9,57
45,66	9,66
45,68	9,74
45,71	9,85
45,73	9,90
45,76	10,00
45,78	10,05
45,81	10,15
45,83	10,25
45,86	10,37
45,88	10,45
45,90	10,57
45,93	10,65
45,95	10,81
45,98	10,89
46,00	10,98
46,03	11,04
46,05	11,13
46,08	11,19
46,10	11,30
46,12	11,34
46,15	11,44
46,17	11,52
46,20	11,63
46,22	11,72
46,25	11,82
46,27	11,89
46,30	12,03
46,32	12,10
46,34	12,22
46,37	12,29
46,39	12,37
46,42	12,43
46,44	12,52
46,47	12,54
46,49	12,63
46,52	12,66
46,54	12,74
46,56	12,80
46,59	12,87
46,61	12,92
46,64	13,00
46,66	13,04
46,69	13,14
46,71	13,17
46,73	13,22
46,76	13,25
46,78	13,28
46,81	13,30
46,83	13,34
46,86	13,33
46,88	13,36
46,91	13,36
46,93	13,38
46,95	13,41
46,98	13,43
47,00	13,44
47,03	13,47
47,05	13,47
47,08	13,50
47,10	13,50
47,13	13,49
47,15	13,48
47,17	13,46
47,20	13,42
47,22	13,41
47,25	13,37
47,27	13,35
47,30	13,32
47,32	13,28
47,35	13,25
47,37	13,20
47,39	13,17
47,42	13,16
47,44	13,12
47,47	13,06
47,49	13,02
47,52	12,94
47,54	12,90
47,57	12,82
47,59	12,74
47,61	12,66
47,64	12,59
47,66	12,49
47,69	12,46
47,71	12,36
47,74	12,30
47,76	12,23
47,78	12,16
47,81	12,07
47,83	12,02
47,86	11,91
47,88	11,85
47,91	11,75
47,93	11,66
47,96	11,56
47,98	11,48
48,00	11,36
48,03	11,29
48,05	11,17
48,08	11,11
48,10	11,01
48,13	10,93
48,15	10,86
48,18	10,81
48,20	10,71
48,22	10,66
48,25	10,53
48,27	10,46
48,30	10,33
48,32	10,24
48,35	10,14
48,37	10,05
48,40	9,95
48,42	9,89
48,44	9,81
48,47	9,76
48,49	9,71
48,52	9,65
48,54	9,59
48,57	9,55
48,59	9,48
48,62	9,43
48,64	9,37
48,66	9,29
48,69	9,23
48,71	9,16
48,74	9,10
48,76	9,05
48,79	9,00
48,81	8,96
48,84	8,91
48,86	8,87
48,88	8,87
48,91	8,85
48,93	8,83
48,96	8,81
48,98	8,78
49,01	8,80
49,03	8,78
49,05	8,75
49,08	8,74
49,10	8,72
49,13	8,72
49,15	8,72
49,18	8,71
49,20	8,70
49,23	8,70
49,25	8,71
49,27	8,75
49,30	8,76
49,32	8,78
49,35	8,81
49,37	8,84
49,40	8,86
49,42	8,91
49,45	8,92
49,47	8,97
49,49	8,99
49,52	9,02
49,54	9,06
49,57	9,11
49,59	9,13
49,62	9,22
49,64	9,24
49,67	9,31
49,69	9,34
49,71	9,41
49,74	9,48
49,76	9,56
49,79	9,58
49,81	9,68
49,84	9,72
49,86	9,81
49,89	9,88
49,91	9,95
49,93	10,01
49,96	10,11
49,98	10,16
50,01	10,28
50,03	10,34
50,06	10,43
50,08	10,53
50,10	10,64
50,13	10,71
50,15	10,82
50,18	10,89
50,20	11,01
50,23	11,09
50,25	11,18
50,28	11,26
50,30	11,36
50,32	11,44
50,35	11,57
50,37	11,66
50,40	11,78
50,42	11,89
50,45	11,99
50,47	12,12
50,50	12,23
50,52	12,34
50,54	12,44
50,57	12,52
50,59	12,61
50,62	12,72
50,64	12,79
50,67	12,90
50,69	12,99
50,72	13,11
50,74	13,24
50,76	13,37
50,79	13,48
50,81	13,65
50,84	13,77
50,86	13,91
50,89	14,00
50,91	14,12
50,94	14,21
50,96	14,33
50,98	14,38
51,01	14,50
51,03	14,56
51,06	14,69
51,08	14,80
51,11	14,94
51,13	15,03
51,15	15,17
51,18	15,26
51,20	15,42
51,23	15,50
51,25	15,60
51,28	15,68
51,30	15,75
51,33	15,81
51,35	15,91
51,37	15,94
51,40	16,04
51,42	16,09
51,45	16,19
51,47	16,27
51,50	16,37
51,52	16,41
51,55	16,53
51,57	16,58
51,59	16,66
51,62	16,69
51,64	16,77
51,67	16,80
51,69	16,87
51,72	16,85
51,74	16,93
51,77	16,94
51,79	16,99
51,81	16,99
51,84	17,03
51,86	17,03
51,89	17,07
51,91	17,06
51,94	17,12
51,96	17,11
51,99	17,13
52,01	17,11
52,03	17,09
52,06	17,08
52,08	17,08
52,11	17,02
52,13	17,02
52,16	16,98
52,18	16,90
52,20	16,88
52,23	16,86
52,25	16,80
52,28	16,80
52,30	16,73
52,33	16,70
52,35	16,71
52,38	16,67
52,40	16,61
52,42	16,56
52,45	16,47
52,47	16,41
52,50	16,31
52,52	16,23
52,55	16,15
52,57	16,05
52,60	15,98
52,62	15,89
52,64	15,82
52,67	15,78
52,69	15,71
52,72	15,62
52,74	15,55
52,77	15,42
52,79	15,34
52,82	15,23
52,84	15,12
52,86	15,01
52,89	14,90
52,91	14,77
52,94	14,72
52,96	14,59
52,99	14,51
53,01	14,41
53,04	14,33
53,06	14,22
53,08	14,16
53,11	14,03
53,13	13,97
53,16	13,84
53,18	13,75
53,21	13,63
53,23	13,55
53,26	13,41
53,28	13,34
53,30	13,21
53,33	13,15
53,35	13,04
53,38	12,96
53,40	12,88
53,43	12,81
53,45	12,71
53,47	12,67
53,50	12,54
53,52	12,48
53,55	12,39
53,57	12,33
53,60	12,24
53,62	12,19
53,65	12,10
53,67	12,08
53,69	12,01
53,72	11,96
53,74	11,91
53,77	11,89
53,79	11,86
53,82	11,83
53,84	11,78
53,87	11,76
53,89	11,74
53,91	11,71
53,94	11,70
53,96	11,66
53,99	11,65
54,01	11,65
54,04	11,65
54,06	11,65
54,09	11,65
54,11	11,63
54,13	11,68
54,16	11,68
54,18	11,69
54,21	11,70
54,23	11,70
54,26	11,70
54,28	11,73
54,31	11,73
54,33	11,77
54,35	11,80
54,38	11,84
54,40	11,89
54,43	11,95
54,45	11,97
54,48	12,05
54,50	12,09
54,52	12,17
54,55	12,21
54,57	12,29
54,60	12,34
54,62	12,43
54,65	12,47
54,67	12,58
54,70	12,61
54,72	12,70
54,74	12,76
54,77	12,84
54,79	12,91
54,82	13,00
54,84	13,06
54,87	13,21
54,89	13,29
54,92	13,41
54,94	13,51
54,96	13,63
54,99	13,72
55,01	13,83
55,04	13,90
55,06	14,03
55,09	14,09
55,11	14,20
55,14	14,30
55,16	14,41
55,18	14,52
55,21	14,64
55,23	14,74
55,26	14,89
55,28	15,01
55,31	15,15
55,33	15,27
55,36	15,40
55,38	15,52
55,40	15,67
55,43	15,77
55,45	15,89
55,48	16,01
55,50	16,12
55,53	16,23
55,55	16,36
55,57	16,47
55,60	16,64
55,62	16,78
55,65	16,92
55,67	17,06
55,70	17,20
55,72	17,35
55,75	17,48
55,77	17,59
55,79	17,69
55,82	17,79
55,84	17,90
55,87	18,04
55,89	18,14
55,92	18,27
55,94	18,39
55,97	18,53
55,99	18,67
56,01	18,82
56,04	18,93
56,06	19,07
56,09	19,18
56,11	19,31
56,14	19,42
56,16	19,52
56,19	19,60
56,21	19,71
56,23	19,79
56,26	19,91
56,28	19,98
56,31	20,09
56,33	20,20
56,36	20,30
56,38	20,37
56,41	20,48
56,43	20,54
56,45	20,65
56,48	20,70
56,50	20,77
56,53	20,82
56,55	20,90
56,58	20,94
56,60	21,02
56,62	21,05
56,65	21,15
56,67	21,20
56,70	21,28
56,72	21,33
56,75	21,39
56,77	21,39
56,80	21,45
56,82	21,45
56,84	21,49
56,87	21,51
56,89	21,51
56,92	21,51
56,94	21,55
56,97	21,54
56,99	21,58
57,02	21,57
57,04	21,56
57,06	21,56
57,09	21,56
57,11	21,52
57,14	21,51
57,16	21,46
57,19	21,43
57,21	21,39
57,24	21,36
57,26	21,30
57,28	21,24
57,31	21,19
57,33	21,16
57,36	21,11
57,38	21,05
57,41	20,99
57,43	20,94
57,46	20,90
57,48	20,82
57,50	20,72
57,53	20,65
57,55	20,59
57,58	20,52
57,60	20,46
57,63	20,37
57,65	20,30
57,68	20,23
57,70	20,15
57,72	20,07
57,75	19,97
57,77	19,83
57,80	19,73
57,82	19,59
57,85	19,48
57,87	19,37
57,89	19,28
57,92	19,15
57,94	19,07
57,97	18,96
57,99	18,92
58,02	18,79
58,04	18,70
58,07	18,58
58,09	18,48
58,11	18,36
58,14	18,26
58,16	18,12
58,19	18,05
58,21	17,91
58,24	17,82
58,26	17,72
58,29	17,64
58,31	17,51
58,33	17,46
58,36	17,34
58,38	17,28
58,41	17,16
58,43	17,07
58,46	16,98
58,48	16,91
58,51	16,78
58,53	16,72
58,55	16,60
58,58	16,54
58,60	16,46
58,63	16,40
58,65	16,33
58,68	16,29
58,70	16,21
58,73	16,19
58,75	16,10
58,77	16,05
58,80	16,01
58,82	15,97
58,85	15,93
58,87	15,90
58,90	15,86
58,92	15,86
58,94	15,85
58,97	15,84
58,99	15,84
59,02	15,82
59,04	15,81
59,07	15,82
59,09	15,84
59,12	15,84
59,14	15,85
59,16	15,85
59,19	15,88
59,21	15,91
59,24	15,94
59,26	15,95
59,29	15,98
59,31	16,00
59,34	16,05
59,36	16,07
59,38	16,13
59,41	16,15
59,43	16,22
59,46	16,28
59,48	16,34
59,51	16,38
59,53	16,50
59,56	16,55
59,58	16,65
59,60	16,71
59,63	16,79
59,65	16,87
59,68	16,97
59,70	17,01
59,73	17,12
59,75	17,18
59,78	17,30
59,80	17,41
59,82	17,52
59,85	17,62
59,87	17,75
59,90	17,83
59,92	18,00
59,95	18,11
59,97	18,21
59,99	18,31
