U1/V	IA/nA
0,02	0,46
0,04	0,47
0,07	0,45
0,09	0,46
0,12	0,44
0,14	0,45
0,17	0,44
0,19	0,45
0,21	0,43
0,24	0,44
0,26	0,42
0,29	0,44
0,31	0,42
0,34	0,44
0,36	0,42
0,39	0,41
0,41	0,40
0,43	0,43
0,46	0,41
0,48	0,42
0,51	0,41
0,53	0,43
0,56	0,43
0,58	0,45
0,61	0,42
0,63	0,44
0,65	0,42
0,68	0,43
0,70	0,44
0,73	0,45
0,75	0,43
0,78	0,46
0,80	0,45
0,83	0,47
0,85	0,46
0,87	0,45
0,90	0,44
0,92	0,45
0,95	0,43
0,97	0,45
1,00	0,43
1,02	0,43
1,05	0,42
1,07	0,41
1,09	0,43
1,12	0,42
1,14	0,40
1,17	0,41
1,19	0,40
1,22	0,41
1,24	0,41
1,26	0,41
1,29	0,43
1,31	0,43
1,34	0,42
1,36	0,42
1,39	0,43
1,41	0,43
1,44	0,44
1,46	0,43
1,48	0,43
1,51	0,43
1,53	0,43
1,56	0,43
1,58	0,44
1,61	0,41
1,63	0,43
1,66	0,41
1,68	0,42
1,70	0,41
1,73	0,41
1,75	0,39
1,78	0,41
1,80	0,39
1,83	0,42
1,85	0,39
1,88	0,41
1,90	0,41
1,92	0,43
1,95	0,42
1,97	0,43
2,00	0,42
2,02	0,44
2,05	0,43
2,07	0,43
2,10	0,42
2,12	0,43
2,14	0,40
2,17	0,44
2,19	0,42
2,22	0,44
2,24	0,43
2,27	0,44
2,29	0,44
2,31	0,46
2,34	0,42
2,36	0,44
2,39	0,42
2,41	0,43
2,44	0,42
2,46	0,42
2,49	0,42
2,51	0,43
2,53	0,41
2,56	0,44
2,58	0,40
2,61	0,40
2,63	0,41
2,66	0,42
2,68	0,41
2,71	0,41
2,73	0,40
2,75	0,44
2,78	0,44
2,80	0,43
2,83	0,43
2,85	0,42
2,88	0,42
2,90	0,45
2,93	0,45
2,95	0,45
2,97	0,46
3,00	0,45
3,02	0,48
3,05	0,47
3,07	0,47
3,10	0,46
3,12	0,45
3,15	0,43
3,17	0,44
3,19	0,41
3,22	0,42
3,24	0,40
3,27	0,41
3,29	0,41
3,32	0,43
3,34	0,42
3,36	0,45
3,39	0,43
3,41	0,46
3,44	0,44
3,46	0,46
3,49	0,43
3,51	0,45
3,54	0,41
3,56	0,44
3,58	0,41
3,61	0,42
3,63	0,43
3,66	0,46
3,68	0,45
3,71	0,47
3,73	0,43
3,76	0,48
3,78	0,46
3,80	0,45
3,83	0,43
3,85	0,42
3,88	0,41
3,90	0,44
3,93	0,41
3,95	0,42
3,98	0,40
4,00	0,41
4,02	0,41
4,05	0,42
4,07	0,41
4,10	0,43
4,12	0,43
4,15	0,44
4,17	0,44
4,20	0,44
4,22	0,44
4,24	0,45
4,27	0,42
4,29	0,42
4,32	0,41
4,34	0,42
4,37	0,46
4,39	0,46
4,42	0,46
4,44	0,46
4,46	0,46
4,49	0,49
4,51	0,48
4,54	0,44
4,56	0,45
4,59	0,43
4,61	0,44
4,63	0,43
4,66	0,42
4,68	0,40
4,71	0,43
4,73	0,42
4,76	0,46
4,78	0,45
4,81	0,46
4,83	0,46
4,85	0,47
4,88	0,43
4,90	0,45
4,93	0,43
4,95	0,43
4,98	0,41
5,00	0,41
5,03	0,40
5,05	0,41
5,07	0,39
5,10	0,43
5,12	0,43
5,15	0,44
5,17	0,44
5,20	0,45
5,22	0,46
5,25	0,47
5,27	0,43
5,29	0,45
5,32	0,41
5,34	0,42
5,37	0,41
5,39	0,41
5,42	0,40
5,44	0,41
5,47	0,40
5,49	0,44
5,51	0,42
5,54	0,43
5,56	0,43
5,59	0,44
5,61	0,44
5,64	0,45
5,66	0,43
5,68	0,44
5,71	0,43
5,73	0,42
5,76	0,42
5,78	0,41
5,81	0,39
5,83	0,42
5,86	0,41
5,88	0,42
5,90	0,43
5,93	0,42
5,95	0,44
5,98	0,45
6,00	0,43
6,03	0,45
6,05	0,44
6,08	0,42
6,10	0,43
6,12	0,40
6,15	0,41
6,17	0,40
6,20	0,40
6,22	0,41
6,25	0,42
6,27	0,42
6,30	0,46
6,32	0,45
6,34	0,46
6,37	0,46
6,39	0,46
6,42	0,46
6,44	0,47
6,47	0,43
6,49	0,45
6,52	0,42
6,54	0,42
6,56	0,43
6,59	0,43
6,61	0,42
6,64	0,44
6,66	0,42
6,69	0,47
6,71	0,45
6,73	0,45
6,76	0,44
6,78	0,45
6,81	0,43
6,83	0,44
6,86	0,41
6,88	0,43
6,91	0,40
6,93	0,42
6,95	0,41
6,98	0,42
7,00	0,40
7,03	0,44
7,05	0,41
7,08	0,45
7,10	0,42
7,13	0,44
7,15	0,43
7,17	0,46
7,20	0,42
7,22	0,44
7,25	0,42
7,27	0,45
7,30	0,43
7,32	0,43
7,35	0,41
7,37	0,43
7,39	0,42
7,42	0,46
7,44	0,44
7,47	0,45
7,49	0,46
7,52	0,45
7,54	0,43
7,57	0,44
7,59	0,41
7,61	0,41
7,64	0,40
7,66	0,39
7,69	0,41
7,71	0,42
7,74	0,42
7,76	0,45
7,78	0,45
7,81	0,45
7,83	0,46
7,86	0,46
7,88	0,47
7,91	0,46
7,93	0,44
7,96	0,44
7,98	0,43
8,00	0,43
8,03	0,43
8,05	0,41
8,08	0,42
8,10	0,42
8,13	0,42
8,15	0,45
8,18	0,46
8,20	0,46
8,22	0,48
8,25	0,45
8,27	0,46
8,30	0,44
8,32	0,45
8,35	0,43
8,37	0,41
8,40	0,39
8,42	0,44
8,44	0,42
8,47	0,43
8,49	0,42
8,52	0,44
8,54	0,43
8,57	0,46
8,59	0,44
8,62	0,46
8,64	0,45
8,66	0,45
8,69	0,45
8,71	0,45
8,74	0,43
8,76	0,45
8,79	0,43
8,81	0,46
8,84	0,45
8,86	0,46
8,88	0,47
8,91	0,49
8,93	0,47
8,96	0,50
8,98	0,45
9,01	0,47
9,03	0,46
9,05	0,46
9,08	0,45
9,10	0,45
9,13	0,43
9,15	0,47
9,18	0,44
9,20	0,45
9,23	0,44
9,25	0,45
9,27	0,46
9,30	0,47
9,32	0,46
9,35	0,48
9,37	0,47
9,40	0,48
9,42	0,47
9,45	0,45
9,47	0,46
9,49	0,47
9,52	0,47
9,54	0,48
9,57	0,48
9,59	0,47
9,62	0,51
9,64	0,49
9,67	0,49
9,69	0,49
9,71	0,48
9,74	0,46
9,76	0,48
9,79	0,45
9,81	0,46
9,84	0,44
9,86	0,45
9,89	0,47
9,91	0,49
9,93	0,47
9,96	0,50
9,98	0,48
10,01	0,50
10,03	0,48
10,06	0,49
10,08	0,48
10,10	0,49
10,13	0,47
10,15	0,51
10,18	0,48
10,20	0,50
10,23	0,49
10,25	0,52
10,28	0,49
10,30	0,52
10,32	0,49
10,35	0,54
10,37	0,52
10,40	0,53
10,42	0,51
10,45	0,52
10,47	0,50
10,50	0,53
10,52	0,49
10,54	0,51
10,57	0,48
10,59	0,49
10,62	0,50
10,64	0,51
10,67	0,49
10,69	0,50
10,72	0,48
10,74	0,50
10,76	0,50
10,79	0,50
10,81	0,50
10,84	0,51
10,86	0,50
10,89	0,53
10,91	0,50
10,94	0,51
10,96	0,50
10,98	0,50
11,01	0,50
11,03	0,50
11,06	0,50
11,08	0,55
11,11	0,55
11,13	0,55
11,15	0,54
11,18	0,54
11,20	0,54
11,23	0,53
11,25	0,51
11,28	0,50
11,30	0,50
11,33	0,50
11,35	0,52
11,37	0,51
11,40	0,53
11,42	0,53
11,45	0,54
11,47	0,54
11,50	0,56
11,52	0,54
11,55	0,55
11,57	0,54
11,59	0,54
11,62	0,54
11,64	0,54
11,67	0,53
11,69	0,56
11,72	0,55
11,74	0,56
11,77	0,56
11,79	0,56
11,81	0,57
11,84	0,59
11,86	0,56
11,89	0,58
11,91	0,56
11,94	0,57
11,96	0,58
11,99	0,60
12,01	0,58
12,03	0,58
12,06	0,56
12,08	0,59
12,11	0,57
12,13	0,58
12,16	0,56
12,18	0,58
12,21	0,59
12,23	0,61
12,25	0,59
12,28	0,62
12,30	0,60
12,33	0,62
12,35	0,62
12,38	0,62
12,40	0,60
12,42	0,61
12,45	0,60
12,47	0,63
12,50	0,61
12,52	0,60
12,55	0,61
12,57	0,62
12,60	0,62
12,62	0,64
12,64	0,63
12,67	0,64
12,69	0,62
12,72	0,62
12,74	0,62
12,77	0,61
12,79	0,60
12,82	0,60
12,84	0,60
12,86	0,61
12,89	0,62
12,91	0,63
12,94	0,65
12,96	0,65
12,99	0,65
13,01	0,65
13,04	0,66
13,06	0,65
13,08	0,67
13,11	0,64
13,13	0,65
13,16	0,65
13,18	0,66
13,21	0,66
13,23	0,67
13,26	0,65
13,28	0,67
13,30	0,65
13,33	0,66
13,35	0,66
13,38	0,67
13,40	0,66
13,43	0,66
13,45	0,66
13,47	0,69
13,50	0,66
13,52	0,67
13,55	0,67
13,57	0,68
13,60	0,67
13,62	0,70
13,65	0,68
13,67	0,71
13,69	0,70
13,72	0,70
13,74	0,70
13,77	0,72
13,79	0,69
13,82	0,72
13,84	0,71
13,87	0,73
13,89	0,73
13,91	0,74
13,94	0,73
13,96	0,74
13,99	0,71
14,01	0,73
14,04	0,70
14,06	0,71
14,09	0,70
14,11	0,71
14,13	0,71
14,16	0,73
14,18	0,72
14,21	0,74
14,23	0,72
14,26	0,73
14,28	0,73
14,31	0,73
14,33	0,73
14,35	0,73
14,38	0,73
14,40	0,74
14,43	0,75
14,45	0,75
14,48	0,75
14,50	0,74
14,52	0,74
14,55	0,76
14,57	0,77
14,60	0,77
14,62	0,77
14,65	0,77
14,67	0,79
14,70	0,79
14,72	0,78
14,74	0,78
14,77	0,78
14,79	0,77
14,82	0,78
14,84	0,76
14,87	0,77
14,89	0,77
14,92	0,78
14,94	0,77
14,96	0,77
14,99	0,76
15,01	0,80
15,04	0,78
15,06	0,80
15,09	0,78
15,11	0,80
15,14	0,80
15,16	0,82
15,18	0,79
15,21	0,81
15,23	0,79
15,26	0,80
15,28	0,81
15,31	0,83
15,33	0,81
15,36	0,83
15,38	0,81
15,40	0,85
15,43	0,84
15,45	0,82
15,48	0,81
15,50	0,82
15,53	0,79
15,55	0,82
15,57	0,79
15,60	0,81
15,62	0,79
15,65	0,80
15,67	0,79
15,70	0,80
15,72	0,77
15,75	0,80
15,77	0,80
15,79	0,82
15,82	0,82
15,84	0,83
15,87	0,84
15,89	0,85
15,92	0,83
15,94	0,83
15,97	0,83
15,99	0,84
16,01	0,85
16,04	0,85
16,06	0,85
16,09	0,86
16,11	0,86
16,14	0,88
16,16	0,88
16,19	0,85
16,21	0,86
16,23	0,85
16,26	0,84
16,28	0,84
16,31	0,83
16,33	0,82
16,36	0,83
16,38	0,81
16,41	0,84
16,43	0,84
16,45	0,85
16,48	0,85
16,50	0,86
16,53	0,86
16,55	0,88
16,58	0,86
16,60	0,87
16,63	0,86
16,65	0,86
16,67	0,86
16,70	0,87
16,72	0,86
16,75	0,90
16,77	0,89
16,80	0,90
16,82	0,90
16,84	0,91
16,87	0,91
16,89	0,93
16,92	0,89
16,94	0,92
16,97	0,90
16,99	0,91
17,02	0,90
17,04	0,90
17,06	0,90
17,09	0,92
17,11	0,90
17,14	0,94
17,16	0,92
17,19	0,93
17,21	0,93
17,24	0,94
17,26	0,93
17,28	0,95
17,31	0,93
17,33	0,96
17,36	0,97
17,38	0,97
17,41	0,96
17,43	0,97
17,46	0,96
17,48	0,99
17,50	0,98
17,53	0,99
17,55	0,99
17,58	1,01
17,60	1,02
17,63	1,03
17,65	1,01
17,68	1,03
17,70	1,02
17,72	1,03
17,75	1,04
17,77	1,03
17,80	1,05
17,82	1,06
17,85	1,05
17,87	1,07
17,89	1,07
17,92	1,06
17,94	1,10
17,97	1,10
17,99	1,11
18,02	1,12
18,04	1,11
18,07	1,12
18,09	1,13
18,11	1,10
18,14	1,11
18,16	1,09
18,19	1,10
18,21	1,13
18,24	1,15
18,26	1,15
18,29	1,17
18,31	1,16
18,33	1,19
18,36	1,18
18,38	1,17
18,41	1,16
18,43	1,16
18,46	1,15
18,48	1,16
18,51	1,14
18,53	1,15
18,55	1,15
18,58	1,17
18,60	1,17
18,63	1,19
18,65	1,17
18,68	1,23
18,70	1,22
18,73	1,24
18,75	1,22
18,77	1,24
18,80	1,23
18,82	1,25
18,85	1,20
18,87	1,22
18,90	1,21
18,92	1,22
18,94	1,23
18,97	1,24
18,99	1,22
19,02	1,24
19,04	1,23
19,07	1,27
19,09	1,26
19,12	1,25
19,14	1,25
19,16	1,24
19,19	1,23
19,21	1,24
19,24	1,22
19,26	1,23
19,29	1,20
19,31	1,20
19,34	1,22
19,36	1,23
19,38	1,22
19,41	1,24
19,43	1,23
19,46	1,24
19,48	1,25
19,51	1,25
19,53	1,25
19,56	1,25
19,58	1,23
19,60	1,23
19,63	1,23
19,65	1,22
19,68	1,22
19,70	1,22
19,73	1,23
19,75	1,22
19,78	1,23
19,80	1,25
19,82	1,26
19,85	1,24
19,87	1,25
19,90	1,21
19,92	1,22
19,95	1,22
19,97	1,20
19,99	1,18
20,02	1,19
20,04	1,18
20,07	1,22
20,09	1,21
20,12	1,21
20,14	1,22
20,17	1,23
20,19	1,22
20,21	1,23
20,24	1,20
20,26	1,22
20,29	1,19
20,31	1,19
20,34	1,20
20,36	1,21
20,39	1,19
20,41	1,21
20,43	1,19
20,46	1,22
20,48	1,20
20,51	1,20
20,53	1,21
20,56	1,22
20,58	1,21
20,61	1,23
20,63	1,19
20,65	1,21
20,68	1,19
20,70	1,19
20,73	1,18
20,75	1,19
20,78	1,17
20,80	1,21
20,83	1,19
20,85	1,21
20,87	1,22
20,90	1,23
20,92	1,23
20,95	1,24
20,97	1,22
21,00	1,23
21,02	1,23
21,05	1,22
21,07	1,21
21,09	1,21
21,12	1,20
21,14	1,20
21,17	1,20
21,19	1,22
21,22	1,23
21,24	1,22
21,26	1,26
21,29	1,27
21,31	1,28
21,34	1,28
21,36	1,25
21,39	1,25
21,41	1,25
21,44	1,23
21,46	1,24
21,48	1,24
21,51	1,26
21,53	1,29
21,56	1,30
21,58	1,31
21,61	1,34
21,63	1,33
21,66	1,35
21,68	1,35
21,70	1,36
21,73	1,35
21,75	1,38
21,78	1,37
21,80	1,39
21,83	1,37
21,85	1,38
21,88	1,39
21,90	1,42
21,92	1,41
21,95	1,43
21,97	1,42
22,00	1,47
22,02	1,47
22,05	1,49
22,07	1,49
22,10	1,49
22,12	1,49
22,14	1,52
22,17	1,50
22,19	1,53
22,22	1,51
22,24	1,52
22,27	1,54
22,29	1,56
22,31	1,56
22,34	1,58
22,36	1,57
22,39	1,61
22,41	1,61
22,44	1,64
22,46	1,64
22,49	1,66
22,51	1,66
22,53	1,68
22,56	1,66
22,58	1,69
22,61	1,69
22,63	1,70
22,66	1,70
22,68	1,71
22,71	1,71
22,73	1,77
22,75	1,77
22,78	1,78
22,80	1,78
22,83	1,78
22,85	1,79
22,88	1,82
22,90	1,80
22,93	1,81
22,95	1,79
22,97	1,80
23,00	1,84
23,02	1,84
23,05	1,83
23,07	1,84
23,10	1,84
23,12	1,87
23,15	1,87
23,17	1,86
23,19	1,88
23,22	1,88
23,24	1,89
23,27	1,90
23,29	1,89
23,32	1,90
23,34	1,93
23,36	1,91
23,39	1,93
23,41	1,91
23,44	1,92
23,46	1,96
23,49	1,96
23,51	1,93
23,54	1,95
23,56	1,92
23,58	1,94
23,61	1,93
23,63	1,91
23,66	1,90
23,68	1,92
23,71	1,90
23,73	1,94
23,76	1,92
23,78	1,93
23,80	1,91
23,83	1,93
23,85	1,92
23,88	1,94
23,90	1,92
23,93	1,93
23,95	1,91
23,98	1,93
24,00	1,91
24,02	1,90
24,05	1,88
24,07	1,89
24,10	1,87
24,12	1,90
24,15	1,88
24,17	1,88
24,20	1,90
24,22	1,91
24,24	1,90
24,27	1,90
24,29	1,87
24,32	1,87
24,34	1,86
24,37	1,84
24,39	1,83
24,42	1,81
24,44	1,79
24,46	1,80
24,49	1,79
24,51	1,78
24,54	1,79
24,56	1,78
24,59	1,80
24,61	1,79
24,63	1,77
24,66	1,77
24,68	1,77
24,71	1,76
24,73	1,76
24,76	1,73
24,78	1,73
24,81	1,73
24,83	1,73
24,85	1,73
24,88	1,73
24,90	1,71
24,93	1,74
24,95	1,72
24,98	1,72
25,00	1,71
25,03	1,70
25,05	1,68
25,07	1,69
25,10	1,67
25,12	1,70
25,15	1,66
25,17	1,66
25,20	1,65
25,22	1,66
25,25	1,63
25,27	1,66
25,29	1,63
25,32	1,65
25,34	1,64
25,37	1,64
25,39	1,64
25,42	1,66
25,44	1,63
25,47	1,66
25,49	1,64
25,51	1,66
25,54	1,65
25,56	1,66
25,59	1,66
25,61	1,67
25,64	1,65
25,66	1,68
25,68	1,66
25,71	1,67
25,73	1,67
25,76	1,69
25,78	1,69
25,81	1,70
25,83	1,68
25,86	1,71
25,88	1,68
25,90	1,69
25,93	1,70
25,95	1,71
25,98	1,72
26,00	1,74
26,03	1,72
26,05	1,77
26,08	1,77
26,10	1,78
26,12	1,79
26,15	1,79
26,17	1,79
26,20	1,82
26,22	1,83
26,25	1,84
26,27	1,86
26,30	1,86
26,32	1,89
26,34	1,91
26,37	1,93
26,39	1,94
26,42	1,95
26,44	1,96
26,47	1,98
26,49	1,98
26,52	2,01
26,54	2,01
26,56	2,04
26,59	2,05
26,61	2,07
26,64	2,07
26,66	2,12
26,69	2,12
26,71	2,16
26,73	2,17
26,76	2,20
26,78	2,24
26,81	2,28
26,83	2,27
26,86	2,32
26,88	2,32
26,91	2,35
26,93	2,38
26,95	2,41
26,98	2,42
27,00	2,46
27,03	2,46
27,05	2,51
27,08	2,51
27,10	2,52
27,13	2,53
27,15	2,56
27,17	2,56
27,20	2,60
27,22	2,60
27,25	2,64
27,27	2,64
27,30	2,66
27,32	2,68
27,35	2,70
27,37	2,70
27,39	2,74
27,42	2,74
27,44	2,78
27,47	2,80
27,49	2,83
27,52	2,84
27,54	2,87
27,57	2,85
27,59	2,88
27,61	2,88
27,64	2,90
27,66	2,91
27,69	2,93
27,71	2,94
27,74	2,95
27,76	2,97
27,78	3,00
27,81	3,01
27,83	2,99
27,86	3,00
27,88	3,00
27,91	3,01
27,93	3,02
27,96	3,01
27,98	3,01
28,00	3,01
28,03	3,01
28,05	3,03
28,08	3,00
28,10	3,00
28,13	3,02
28,15	3,01
28,18	3,01
28,20	3,03
28,22	3,00
28,25	3,04
28,27	3,03
28,30	3,01
28,32	3,00
28,35	3,00
28,37	2,99
28,40	3,02
28,42	2,98
28,44	3,00
28,47	2,98
28,49	2,99
28,52	2,98
28,54	2,99
28,57	2,94
28,59	2,95
28,62	2,91
28,64	2,92
28,66	2,89
28,69	2,89
28,71	2,85
28,74	2,86
28,76	2,82
28,79	2,83
28,81	2,78
28,84	2,77
28,86	2,76
28,88	2,77
28,91	2,74
28,93	2,75
28,96	2,72
28,98	2,73
29,01	2,73
29,03	2,71
29,05	2,67
29,08	2,66
29,10	2,64
29,13	2,67
29,15	2,63
29,18	2,62
29,20	2,60
29,23	2,58
29,25	2,57
29,27	2,57
29,30	2,52
29,32	2,52
29,35	2,49
29,37	2,48
29,40	2,45
29,42	2,43
29,45	2,41
29,47	2,40
29,49	2,38
29,52	2,38
29,54	2,37
29,57	2,36
29,59	2,38
29,62	2,38
29,64	2,38
29,67	2,36
29,69	2,36
29,71	2,35
29,74	2,35
29,76	2,31
29,79	2,31
29,81	2,28
29,84	2,27
29,86	2,28
29,89	2,28
29,91	2,27
29,93	2,28
29,96	2,26
29,98	2,28
30,01	2,27
30,03	2,26
30,06	2,24
30,08	2,24
30,10	2,21
30,13	2,22
30,15	2,20
30,18	2,22
30,20	2,20
30,23	2,22
30,25	2,22
30,28	2,24
30,30	2,24
30,32	2,28
30,35	2,27
30,37	2,29
30,40	2,28
30,42	2,30
30,45	2,30
30,47	2,32
30,50	2,29
30,52	2,32
30,54	2,31
30,57	2,34
30,59	2,35
30,62	2,37
30,64	2,36
30,67	2,40
30,69	2,40
30,72	2,45
30,74	2,45
30,76	2,45
30,79	2,46
30,81	2,48
30,84	2,48
30,86	2,52
30,89	2,52
30,91	2,56
30,94	2,57
30,96	2,59
30,98	2,64
31,01	2,67
31,03	2,68
31,06	2,71
31,08	2,72
31,11	2,76
31,13	2,80
31,15	2,82
31,18	2,85
31,20	2,89
31,23	2,90
31,25	2,94
31,28	2,96
31,30	2,99
31,33	3,04
31,35	3,07
31,37	3,10
31,40	3,13
31,42	3,18
31,45	3,23
31,47	3,26
31,50	3,27
31,52	3,32
31,55	3,33
31,57	3,39
31,59	3,42
31,62	3,46
31,64	3,50
31,67	3,55
31,69	3,58
31,72	3,64
31,74	3,66
31,77	3,70
31,79	3,73
31,81	3,76
31,84	3,78
31,86	3,84
31,89	3,86
31,91	3,92
31,94	3,94
31,96	3,97
31,99	4,01
32,01	4,06
32,03	4,07
32,06	4,14
32,08	4,15
32,11	4,20
32,13	4,22
32,16	4,25
32,18	4,29
32,20	4,33
32,23	4,32
32,25	4,37
32,28	4,36
32,30	4,40
32,33	4,41
32,35	4,43
32,38	4,44
32,40	4,47
32,42	4,46
32,45	4,51
32,47	4,51
32,50	4,53
32,52	4,55
32,55	4,57
32,57	4,59
32,60	4,62
32,62	4,61
32,64	4,62
32,67	4,63
32,69	4,62
32,72	4,62
32,74	4,60
32,77	4,60
32,79	4,62
32,82	4,62
32,84	4,63
32,86	4,62
32,89	4,60
32,91	4,63
32,94	4,61
32,96	4,59
32,99	4,58
33,01	4,54
33,04	4,52
33,06	4,51
33,08	4,47
33,11	4,45
33,13	4,42
33,16	4,41
33,18	4,40
33,21	4,39
33,23	4,35
33,26	4,38
33,28	4,35
33,30	4,34
33,33	4,30
33,35	4,28
33,38	4,24
33,40	4,23
33,43	4,16
33,45	4,16
33,47	4,11
33,50	4,10
33,52	4,06
33,55	4,06
33,57	4,01
33,60	3,99
33,62	3,93
33,65	3,94
33,67	3,89
33,69	3,87
33,72	3,82
33,74	3,78
33,77	3,73
33,79	3,73
33,82	3,66
33,84	3,66
33,87	3,61
33,89	3,59
33,91	3,58
33,94	3,57
33,96	3,52
33,99	3,51
34,01	3,46
34,04	3,46
34,06	3,42
34,09	3,39
34,11	3,36
34,13	3,34
34,16	3,29
34,18	3,28
34,21	3,23
34,23	3,22
34,26	3,21
34,28	3,19
34,31	3,17
34,33	3,16
34,35	3,12
34,38	3,15
34,40	3,12
34,43	3,09
34,45	3,07
34,48	3,02
34,50	3,02
34,52	3,01
34,55	2,97
34,57	2,96
34,60	2,96
34,62	2,94
34,65	2,96
34,67	2,94
34,70	2,93
34,72	2,93
34,74	2,93
34,77	2,91
34,79	2,93
34,82	2,91
34,84	2,92
34,87	2,90
34,89	2,90
34,92	2,90
34,94	2,90
34,96	2,90
34,99	2,92
35,01	2,92
35,04	2,95
35,06	2,95
35,09	2,96
35,11	3,00
35,14	3,02
35,16	3,01
35,18	3,04
35,21	3,02
35,23	3,06
35,26	3,06
35,28	3,05
35,31	3,06
35,33	3,09
35,36	3,10
35,38	3,15
35,40	3,16
35,43	3,21
35,45	3,24
35,48	3,28
35,50	3,30
35,53	3,35
35,55	3,36
35,57	3,40
35,60	3,42
35,62	3,46
35,65	3,49
35,67	3,51
35,70	3,52
35,72	3,58
35,75	3,60
35,77	3,65
35,79	3,68
35,82	3,72
35,84	3,79
35,87	3,84
35,89	3,88
35,92	3,93
35,94	3,96
35,97	4,00
35,99	4,03
36,01	4,06
36,04	4,11
36,06	4,16
36,09	4,21
36,11	4,28
36,14	4,34
36,16	4,40
36,19	4,48
36,21	4,52
36,23	4,58
36,26	4,62
36,28	4,67
36,31	4,71
36,33	4,78
36,36	4,82
36,38	4,90
36,41	4,93
36,43	5,00
36,45	5,06
36,48	5,15
36,50	5,20
36,53	5,27
36,55	5,31
36,58	5,43
36,60	5,48
36,62	5,54
36,65	5,57
36,67	5,61
36,70	5,64
36,72	5,70
36,75	5,71
36,77	5,78
36,80	5,81
36,82	5,88
36,84	5,94
36,87	5,99
36,89	6,02
36,92	6,09
36,94	6,10
36,97	6,17
36,99	6,20
37,02	6,24
37,04	6,27
37,06	6,32
37,09	6,33
37,11	6,39
37,14	6,39
37,16	6,44
37,19	6,46
37,21	6,49
37,24	6,51
37,26	6,55
37,28	6,54
37,31	6,61
37,33	6,60
37,36	6,62
37,38	6,62
37,41	6,62
37,43	6,61
37,46	6,62
37,48	6,60
37,50	6,60
37,53	6,56
37,55	6,55
37,58	6,55
37,60	6,54
37,63	6,52
37,65	6,51
37,68	6,49
37,70	6,50
37,72	6,49
37,75	6,47
37,77	6,45
37,80	6,42
37,82	6,39
37,85	6,37
37,87	6,32
37,89	6,28
37,92	6,25
37,94	6,20
37,97	6,18
37,99	6,13
38,02	6,09
38,04	6,07
38,07	6,03
38,09	5,97
38,11	5,94
38,14	5,88
38,16	5,86
38,19	5,81
38,21	5,76
38,24	5,70
38,26	5,64
38,29	5,57
38,31	5,54
38,33	5,47
38,36	5,43
38,38	5,37
38,41	5,33
38,43	5,29
38,46	5,26
38,48	5,19
38,51	5,15
38,53	5,07
38,55	5,03
38,58	4,97
38,60	4,93
38,63	4,85
38,65	4,81
38,68	4,75
38,70	4,73
38,73	4,68
38,75	4,63
38,77	4,59
38,80	4,57
38,82	4,52
38,85	4,49
38,87	4,42
38,90	4,39
38,92	4,34
38,94	4,30
38,97	4,26
38,99	4,22
39,02	4,17
39,04	4,15
39,07	4,11
39,09	4,09
39,12	4,07
39,14	4,05
39,16	4,03
39,19	4,02
39,21	3,97
39,24	3,95
39,26	3,93
39,29	3,90
39,31	3,90
39,34	3,86
39,36	3,84
39,38	3,83
39,41	3,82
39,43	3,83
39,46	3,83
39,48	3,80
39,51	3,81
39,53	3,78
39,56	3,79
39,58	3,78
39,60	3,77
39,63	3,76
39,65	3,77
39,68	3,77
39,70	3,80
39,73	3,78
39,75	3,79
39,78	3,80
39,80	3,82
39,82	3,81
39,85	3,85
39,87	3,85
39,90	3,91
39,92	3,91
39,95	3,94
39,97	3,95
39,99	3,99
40,02	4,00
40,04	4,06
40,07	4,07
40,09	4,12
40,12	4,14
40,14	4,18
40,17	4,22
40,19	4,26
40,21	4,26
40,24	4,33
40,26	4,35
40,29	4,40
40,31	4,44
40,34	4,48
40,36	4,53
40,39	4,58
40,41	4,61
40,43	4,67
40,46	4,69
40,48	4,75
40,51	4,81
40,53	4,87
40,56	4,92
40,58	5,00
40,61	5,06
40,63	5,14
40,65	5,21
40,68	5,28
40,70	5,34
40,73	5,40
40,75	5,46
40,78	5,54
40,80	5,61
40,83	5,67
40,85	5,74
40,87	5,81
40,90	5,89
40,92	5,96
40,95	6,04
40,97	6,12
41,00	6,20
41,02	6,27
41,05	6,36
41,07	6,44
41,09	6,54
41,12	6,61
41,14	6,68
41,17	6,74
41,19	6,81
41,22	6,86
41,24	6,96
41,26	7,02
41,29	7,12
41,31	7,20
41,34	7,31
41,36	7,41
41,39	7,51
41,41	7,57
41,44	7,67
41,46	7,74
41,48	7,82
41,51	7,90
41,53	7,97
41,56	8,03
41,58	8,11
41,61	8,17
41,63	8,25
41,66	8,31
41,68	8,36
41,70	8,43
41,73	8,49
41,75	8,54
41,78	8,61
41,80	8,64
41,83	8,70
41,85	8,73
41,88	8,78
41,90	8,81
41,92	8,84
41,95	8,85
41,97	8,91
42,00	8,92
42,02	8,98
42,05	9,01
42,07	9,05
42,10	9,07
42,12	9,11
42,14	9,10
42,17	9,13
42,19	9,13
42,22	9,14
42,24	9,15
42,27	9,16
42,29	9,15
42,31	9,15
42,34	9,13
42,36	9,13
42,39	9,11
42,41	9,07
42,44	9,05
42,46	9,01
42,49	8,98
42,51	8,97
42,53	8,93
42,56	8,90
42,58	8,86
42,61	8,81
42,63	8,79
42,66	8,73
42,68	8,68
42,71	8,64
42,73	8,57
42,75	8,51
42,78	8,46
42,80	8,40
42,83	8,36
42,85	8,27
42,88	8,19
42,90	8,14
42,93	8,08
42,95	8,00
42,97	7,96
43,00	7,88
43,02	7,83
43,05	7,74
43,07	7,67
43,10	7,60
43,12	7,54
43,15	7,41
43,17	7,34
43,19	7,24
43,22	7,18
43,24	7,09
43,27	7,02
43,29	6,93
43,32	6,88
43,34	6,80
43,36	6,76
43,39	6,65
43,41	6,58
43,44	6,50
43,46	6,44
43,49	6,35
43,51	6,29
43,54	6,19
43,56	6,14
43,58	6,08
43,61	6,02
43,63	5,96
43,66	5,90
43,68	5,83
43,71	5,81
43,73	5,74
43,76	5,70
43,78	5,62
43,80	5,56
43,83	5,50
43,85	5,47
43,88	5,39
43,90	5,35
43,93	5,29
43,95	5,26
43,98	5,21
44,00	5,19
44,02	5,15
44,05	5,13
44,07	5,10
44,10	5,08
44,12	5,05
44,15	5,03
44,17	5,03
44,20	5,00
44,22	4,98
44,24	4,96
44,27	4,95
44,29	4,94
44,32	4,94
44,34	4,90
44,37	4,90
44,39	4,89
44,41	4,89
44,44	4,90
44,46	4,92
44,49	4,91
44,51	4,94
44,54	4,94
44,56	4,98
44,59	5,00
44,61	5,01
44,63	5,01
44,66	5,04
44,68	5,05
44,71	5,09
44,73	5,08
44,76	5,12
44,78	5,14
44,81	5,19
44,83	5,23
44,85	5,29
44,88	5,33
44,90	5,41
44,93	5,45
44,95	5,51
44,98	5,53
45,00	5,59
45,03	5,63
45,05	5,68
45,07	5,70
45,10	5,76
45,12	5,81
45,15	5,89
45,17	5,97
45,20	6,04
45,22	6,11
45,25	6,20
45,27	6,26
45,29	6,37
45,32	6,43
45,34	6,50
45,37	6,56
45,39	6,62
45,42	6,67
45,44	6,77
45,47	6,82
45,49	6,91
45,51	6,98
45,54	7,08
45,56	7,20
45,59	7,31
45,61	7,40
45,64	7,53
45,66	7,60
45,68	7,70
45,71	7,80
45,73	7,89
45,76	7,98
45,78	8,05
45,81	8,12
45,83	8,23
45,86	8,35
45,88	8,44
45,90	8,59
45,93	8,68
45,95	8,81
45,98	8,92
46,00	9,03
46,03	9,13
46,05	9,24
46,08	9,30
46,10	9,43
46,12	9,48
46,15	9,59
46,17	9,68
46,20	9,79
46,22	9,89
46,25	10,00
46,27	10,08
46,30	10,23
46,32	10,33
46,34	10,45
46,37	10,54
46,39	10,65
46,42	10,73
46,44	10,83
46,47	10,90
46,49	10,99
46,52	11,05
46,54	11,14
46,56	11,21
46,59	11,31
46,61	11,36
46,64	11,47
46,66	11,53
46,69	11,62
46,71	11,66
46,73	11,74
46,76	11,78
46,78	11,86
46,81	11,86
46,83	11,93
46,86	11,93
46,88	11,99
46,91	12,00
46,93	12,05
46,95	12,05
46,98	12,10
47,00	12,10
47,03	12,15
47,05	12,14
47,08	12,17
47,10	12,18
47,13	12,20
47,15	12,18
47,17	12,22
47,20	12,19
47,22	12,18
47,25	12,16
47,27	12,11
47,30	12,08
47,32	12,03
47,35	11,95
47,37	11,91
47,39	11,89
47,42	11,85
47,44	11,81
47,47	11,76
47,49	11,74
47,52	11,68
47,54	11,62
47,57	11,54
47,59	11,44
47,61	11,36
47,64	11,27
47,66	11,16
47,69	11,09
47,71	10,99
47,74	10,91
47,76	10,85
47,78	10,77
47,81	10,66
47,83	10,61
47,86	10,51
47,88	10,44
47,91	10,33
47,93	10,23
47,96	10,10
47,98	10,02
48,00	9,87
48,03	9,78
48,05	9,63
48,08	9,53
48,10	9,42
48,13	9,33
48,15	9,22
48,18	9,12
48,20	8,99
48,22	8,96
48,25	8,85
48,27	8,77
48,30	8,64
48,32	8,53
48,35	8,42
48,37	8,34
48,40	8,19
48,42	8,10
48,44	7,98
48,47	7,90
48,49	7,83
48,52	7,77
48,54	7,68
48,57	7,64
48,59	7,56
48,62	7,49
48,64	7,41
48,66	7,33
48,69	7,24
48,71	7,18
48,74	7,08
48,76	7,02
48,79	6,95
48,81	6,91
48,84	6,86
48,86	6,81
48,88	6,76
48,91	6,72
48,93	6,67
48,96	6,67
48,98	6,61
49,01	6,58
49,03	6,55
49,05	6,54
49,08	6,52
49,10	6,51
49,13	6,47
49,15	6,47
49,18	6,45
49,20	6,44
49,23	6,43
49,25	6,42
49,27	6,43
49,30	6,42
49,32	6,43
49,35	6,45
49,37	6,45
49,40	6,46
49,42	6,51
49,45	6,53
49,47	6,57
49,49	6,59
49,52	6,61
49,54	6,65
49,57	6,70
49,59	6,70
49,62	6,76
49,64	6,77
49,67	6,83
49,69	6,90
49,71	6,97
49,74	7,03
49,76	7,10
49,79	7,15
49,81	7,26
49,84	7,30
49,86	7,36
49,89	7,42
49,91	7,48
49,93	7,54
49,96	7,62
49,98	7,67
50,01	7,77
50,03	7,84
50,06	7,93
50,08	8,03
50,10	8,13
50,13	8,23
50,15	8,35
50,18	8,45
50,20	8,55
50,23	8,63
50,25	8,73
50,28	8,82
50,30	8,92
50,32	9,00
50,35	9,11
50,37	9,22
50,40	9,34
50,42	9,48
50,45	9,61
50,47	9,73
50,50	9,88
50,52	9,99
50,54	10,13
50,57	10,25
50,59	10,35
50,62	10,46
50,64	10,57
50,67	10,68
50,69	10,82
50,72	10,94
50,74	11,07
50,76	11,21
50,79	11,34
50,81	11,51
50,84	11,65
50,86	11,79
50,89	11,92
50,91	12,05
50,94	12,16
50,96	12,30
50,98	12,40
51,01	12,54
51,03	12,65
51,06	12,79
51,08	12,93
51,11	13,07
51,13	13,18
51,15	13,35
51,18	13,46
51,20	13,61
51,23	13,73
51,25	13,84
51,28	13,96
51,30	14,09
51,33	14,16
51,35	14,28
51,37	14,35
51,40	14,45
51,42	14,56
51,45	14,66
51,47	14,74
51,50	14,85
51,52	14,92
51,55	15,05
51,57	15,13
51,59	15,21
51,62	15,30
51,64	15,38
51,67	15,42
51,69	15,49
51,72	15,53
51,74	15,59
51,77	15,63
51,79	15,65
51,81	15,68
51,84	15,72
51,86	15,73
51,89	15,78
51,91	15,78
51,94	15,81
51,96	15,81
51,99	15,81
52,01	15,81
52,03	15,81
52,06	15,77
52,08	15,77
52,11	15,71
52,13	15,69
52,16	15,65
52,18	15,61
52,20	15,56
52,23	15,51
52,25	15,43
52,28	15,41
52,30	15,34
52,33	15,29
52,35	15,24
52,38	15,17
52,40	15,10
52,42	15,04
52,45	14,94
52,47	14,84
52,50	14,74
52,52	14,62
52,55	14,51
52,57	14,40
52,60	14,28
52,62	14,18
52,64	14,08
52,67	13,98
52,69	13,88
52,72	13,77
52,74	13,67
52,77	13,56
52,79	13,44
52,82	13,31
52,84	13,15
52,86	13,01
52,89	12,87
52,91	12,71
52,94	12,58
52,96	12,43
52,99	12,31
53,01	12,20
53,04	12,09
53,06	11,95
53,08	11,87
53,11	11,74
53,13	11,65
53,16	11,48
53,18	11,35
53,21	11,21
53,23	11,12
53,26	10,94
53,28	10,83
53,30	10,67
53,33	10,58
53,35	10,47
53,38	10,38
53,40	10,26
53,43	10,19
53,45	10,06
53,47	10,02
53,50	9,90
53,52	9,81
53,55	9,69
53,57	9,59
53,60	9,48
53,62	9,42
53,65	9,30
53,67	9,24
53,69	9,16
53,72	9,10
53,74	9,05
53,77	9,02
53,79	8,94
53,82	8,94
53,84	8,87
53,87	8,85
53,89	8,80
53,91	8,77
53,94	8,73
53,96	8,71
53,99	8,64
54,01	8,64
54,04	8,61
54,06	8,60
54,09	8,59
54,11	8,58
54,13	8,57
54,16	8,59
54,18	8,58
54,21	8,62
54,23	8,63
54,26	8,64
54,28	8,67
54,31	8,67
54,33	8,70
54,35	8,73
54,38	8,74
54,40	8,77
54,43	8,81
54,45	8,83
54,48	8,91
54,50	8,96
54,52	9,02
54,55	9,08
54,57	9,16
54,60	9,23
54,62	9,33
54,65	9,38
54,67	9,48
54,70	9,55
54,72	9,62
54,74	9,69
54,77	9,77
54,79	9,84
54,82	9,94
54,84	10,02
54,87	10,12
54,89	10,23
54,92	10,35
54,94	10,49
54,96	10,62
54,99	10,74
55,01	10,87
55,04	10,97
55,06	11,10
55,09	11,20
55,11	11,30
55,14	11,41
55,16	11,51
55,18	11,62
55,21	11,77
55,23	11,88
55,26	12,04
55,28	12,18
55,31	12,34
55,33	12,49
55,36	12,66
55,38	12,82
55,40	12,99
55,43	13,13
55,45	13,27
55,48	13,41
55,50	13,54
55,53	13,68
55,55	13,82
55,57	13,96
55,60	14,13
55,62	14,31
55,65	14,47
55,67	14,69
55,70	14,85
55,72	15,03
55,75	15,20
55,77	15,33
55,79	15,46
55,82	15,60
55,84	15,72
55,87	15,89
55,89	16,00
55,92	16,15
55,94	16,33
55,97	16,50
55,99	16,67
56,01	16,85
56,04	16,99
56,06	17,18
56,09	17,32
56,11	17,49
56,14	17,62
56,16	17,77
56,19	17,88
56,21	18,03
56,23	18,13
56,26	18,28
56,28	18,39
56,31	18,53
56,33	18,65
56,36	18,78
56,38	18,88
56,41	19,04
56,43	19,12
56,45	19,23
56,48	19,32
56,50	19,41
56,53	19,48
56,55	19,57
56,58	19,60
56,60	19,68
56,62	19,71
56,65	19,79
56,67	19,85
56,70	19,92
56,72	19,96
56,75	20,02
56,77	20,06
56,80	20,11
56,82	20,13
56,84	20,15
56,87	20,16
56,89	20,17
56,92	20,17
56,94	20,18
56,97	20,15
56,99	20,15
57,02	20,12
57,04	20,10
57,06	20,06
57,09	20,02
57,11	19,94
57,14	19,93
57,16	19,87
57,19	19,81
57,21	19,74
57,24	19,68
57,26	19,61
57,28	19,55
57,31	19,44
57,33	19,35
57,36	19,22
57,38	19,12
57,41	19,02
57,43	18,90
57,46	18,78
57,48	18,67
57,50	18,54
57,53	18,44
57,55	18,32
57,58	18,18
57,60	18,07
57,63	17,93
57,65	17,79
57,68	17,67
57,70	17,50
57,72	17,35
57,75	17,19
57,77	17,03
57,80	16,87
57,82	16,70
57,85	16,53
57,87	16,41
57,89	16,27
57,92	16,11
57,94	15,98
57,97	15,83
57,99	15,71
58,02	15,57
58,04	15,42
58,07	15,25
58,09	15,08
58,11	14,91
58,14	14,78
58,16	14,61
58,19	14,47
58,21	14,31
58,24	14,21
58,26	14,08
58,29	13,97
58,31	13,81
58,33	13,71
58,36	13,57
58,38	13,47
58,41	13,34
58,43	13,22
58,46	13,08
58,48	12,97
58,51	12,83
58,53	12,75
58,55	12,62
58,58	12,52
58,60	12,45
58,63	12,38
58,65	12,31
58,68	12,25
58,70	12,16
58,73	12,10
58,75	12,02
58,77	11,95
58,80	11,89
58,82	11,81
58,85	11,76
58,87	11,74
58,90	11,69
58,92	11,68
58,94	11,66
58,97	11,65
58,99	11,66
59,02	11,66
59,04	11,63
59,07	11,64
59,09	11,64
59,12	11,64
59,14	11,67
59,16	11,68
59,19	11,70
59,21	11,72
59,24	11,76
59,26	11,79
59,29	11,84
59,31	11,85
59,34	11,91
59,36	11,95
59,38	12,02
59,41	12,07
59,43	12,14
59,46	12,19
59,48	12,29
59,51	12,35
59,53	12,45
59,56	12,51
59,58	12,60
59,60	12,70
59,63	12,81
59,65	12,88
59,68	12,99
59,70	13,07
59,73	13,21
59,75	13,31
59,78	13,42
59,80	13,53
59,82	13,67
59,85	13,79
59,87	13,96
59,90	14,09
59,92	14,24
59,95	14,37
59,97	14,49
59,99	14,57
