U1/V	IA/nA
0,02	0,40
0,04	0,41
0,07	0,39
0,09	0,39
0,12	0,40
0,14	0,41
0,17	0,41
0,19	0,42
0,21	0,41
0,24	0,45
0,26	0,44
0,29	0,45
0,31	0,44
0,34	0,43
0,36	0,41
0,39	0,42
0,41	0,39
0,43	0,41
0,46	0,39
0,48	0,39
0,51	0,40
0,53	0,41
0,56	0,39
0,58	0,43
0,61	0,42
0,63	0,44
0,65	0,43
0,68	0,44
0,70	0,43
0,73	0,44
0,75	0,39
0,78	0,41
0,80	0,38
0,83	0,40
0,85	0,39
0,87	0,41
0,90	0,39
0,92	0,41
0,95	0,40
0,97	0,46
1,00	0,44
1,02	0,44
1,05	0,43
1,07	0,43
1,09	0,41
1,12	0,42
1,14	0,38
1,17	0,39
1,19	0,38
1,22	0,38
1,24	0,40
1,26	0,42
1,29	0,41
1,31	0,44
1,34	0,43
1,36	0,45
1,39	0,45
1,41	0,45
1,44	0,45
1,46	0,45
1,48	0,43
1,51	0,44
1,53	0,41
1,56	0,42
1,58	0,43
1,61	0,42
1,63	0,43
1,66	0,43
1,68	0,43
1,70	0,47
1,73	0,46
1,75	0,44
1,78	0,44
1,80	0,41
1,83	0,41
1,85	0,41
1,88	0,40
1,90	0,39
1,92	0,39
1,95	0,38
1,97	0,42
2,00	0,41
2,02	0,42
2,05	0,41
2,07	0,41
2,10	0,41
2,12	0,43
2,14	0,41
2,17	0,42
2,19	0,41
2,22	0,42
2,24	0,41
2,27	0,41
2,29	0,39
2,31	0,41
2,34	0,38
2,36	0,40
2,39	0,39
2,41	0,40
2,44	0,43
2,46	0,44
2,49	0,43
2,51	0,45
2,53	0,42
2,56	0,44
2,58	0,42
2,61	0,42
2,63	0,41
2,66	0,41
2,68	0,39
2,71	0,43
2,73	0,41
2,75	0,42
2,78	0,41
2,80	0,42
2,83	0,42
2,85	0,44
2,88	0,42
2,90	0,43
2,93	0,42
2,95	0,42
2,97	0,42
3,00	0,40
3,02	0,39
3,05	0,40
3,07	0,39
3,10	0,41
3,12	0,41
3,15	0,41
3,17	0,44
3,19	0,44
3,22	0,43
3,24	0,44
3,27	0,41
3,29	0,41
3,32	0,41
3,34	0,39
3,36	0,40
3,39	0,38
3,41	0,38
3,44	0,40
3,46	0,39
3,49	0,39
3,51	0,40
3,54	0,40
3,56	0,42
3,58	0,42
3,61	0,42
3,63	0,42
3,66	0,43
3,68	0,42
3,71	0,44
3,73	0,41
3,76	0,42
3,78	0,40
3,80	0,41
3,83	0,40
3,85	0,42
3,88	0,39
3,90	0,44
3,93	0,42
3,95	0,45
3,98	0,43
4,00	0,43
4,02	0,42
4,05	0,43
4,07	0,41
4,10	0,43
4,12	0,41
4,15	0,41
4,17	0,41
4,20	0,43
4,22	0,41
4,24	0,44
4,27	0,41
4,29	0,44
4,32	0,44
4,34	0,45
4,37	0,43
4,39	0,44
4,42	0,42
4,44	0,45
4,46	0,41
4,49	0,43
4,51	0,42
4,54	0,42
4,56	0,42
4,59	0,42
4,61	0,39
4,63	0,44
4,66	0,42
4,68	0,43
4,71	0,42
4,73	0,42
4,76	0,42
4,78	0,43
4,81	0,41
4,83	0,43
4,85	0,40
4,88	0,41
4,90	0,43
4,93	0,43
4,95	0,43
4,98	0,43
5,00	0,42
5,03	0,45
5,05	0,45
5,07	0,44
5,10	0,45
5,12	0,44
5,15	0,43
5,17	0,44
5,20	0,42
5,22	0,42
5,25	0,41
5,27	0,39
5,29	0,39
5,32	0,40
5,34	0,39
5,37	0,42
5,39	0,42
5,42	0,41
5,44	0,42
5,47	0,41
5,49	0,43
5,51	0,41
5,54	0,41
5,56	0,41
5,59	0,40
5,61	0,39
5,64	0,42
5,66	0,40
5,68	0,42
5,71	0,40
5,73	0,41
5,76	0,42
5,78	0,43
5,81	0,40
5,83	0,42
5,86	0,41
5,88	0,42
5,90	0,42
5,93	0,42
5,95	0,41
5,98	0,43
6,00	0,41
6,03	0,44
6,05	0,42
6,08	0,42
6,10	0,42
6,12	0,43
6,15	0,40
6,17	0,43
6,20	0,40
6,22	0,41
6,25	0,39
6,27	0,40
6,30	0,38
6,32	0,39
6,34	0,38
6,37	0,41
6,39	0,40
6,42	0,42
6,44	0,42
6,47	0,44
6,49	0,45
6,52	0,46
6,54	0,42
6,56	0,45
6,59	0,43
6,61	0,44
6,64	0,44
6,66	0,44
6,69	0,43
6,71	0,45
6,73	0,44
6,76	0,46
6,78	0,45
6,81	0,44
6,83	0,44
6,86	0,45
6,88	0,44
6,91	0,44
6,93	0,43
6,95	0,43
6,98	0,42
7,00	0,42
7,03	0,43
7,05	0,41
7,08	0,40
7,10	0,40
7,13	0,41
7,15	0,40
7,17	0,41
7,20	0,40
7,22	0,43
7,25	0,43
7,27	0,43
7,30	0,42
7,32	0,44
7,35	0,42
7,37	0,46
7,39	0,44
7,42	0,45
7,44	0,44
7,47	0,45
7,49	0,45
7,52	0,46
7,54	0,42
7,57	0,44
7,59	0,42
7,61	0,44
7,64	0,43
7,66	0,44
7,69	0,42
7,71	0,44
7,74	0,42
7,76	0,45
7,78	0,42
7,81	0,43
7,83	0,43
7,86	0,44
7,88	0,42
7,91	0,43
7,93	0,40
7,96	0,43
7,98	0,42
8,00	0,42
8,03	0,41
8,05	0,42
8,08	0,41
8,10	0,45
8,13	0,44
8,15	0,45
8,18	0,44
8,20	0,45
8,22	0,44
8,25	0,45
8,27	0,42
8,30	0,43
8,32	0,41
8,35	0,42
8,37	0,41
8,40	0,42
8,42	0,41
8,44	0,43
8,47	0,43
8,49	0,44
8,52	0,41
8,54	0,41
8,57	0,43
8,59	0,43
8,62	0,43
8,64	0,43
8,66	0,43
8,69	0,46
8,71	0,46
8,74	0,45
8,76	0,45
8,79	0,44
8,81	0,44
8,84	0,46
8,86	0,46
8,88	0,46
8,91	0,47
8,93	0,45
8,96	0,47
8,98	0,46
9,01	0,46
9,03	0,45
9,05	0,45
9,08	0,44
9,10	0,45
9,13	0,43
9,15	0,45
9,18	0,44
9,20	0,45
9,23	0,44
9,25	0,44
9,27	0,43
9,30	0,47
9,32	0,46
9,35	0,47
9,37	0,47
9,40	0,48
9,42	0,48
9,45	0,50
9,47	0,46
9,49	0,49
9,52	0,46
9,54	0,49
9,57	0,49
9,59	0,50
9,62	0,48
9,64	0,50
9,67	0,48
9,69	0,52
9,71	0,50
9,74	0,49
9,76	0,48
9,79	0,49
9,81	0,47
9,84	0,48
9,86	0,45
9,89	0,47
9,91	0,46
9,93	0,48
9,96	0,49
9,98	0,51
10,01	0,50
10,03	0,53
10,06	0,51
10,08	0,51
10,10	0,51
10,13	0,51
10,15	0,51
10,18	0,51
10,20	0,49
10,23	0,50
10,25	0,50
10,28	0,51
10,30	0,54
10,32	0,53
10,35	0,53
10,37	0,54
10,40	0,53
10,42	0,56
10,45	0,56
10,47	0,53
10,50	0,54
10,52	0,51
10,54	0,52
10,57	0,52
10,59	0,51
10,62	0,49
10,64	0,49
10,67	0,48
10,69	0,51
10,72	0,50
10,74	0,50
10,76	0,51
10,79	0,53
10,81	0,52
10,84	0,55
10,86	0,53
10,89	0,55
10,91	0,54
10,94	0,52
10,96	0,52
10,98	0,54
11,01	0,52
11,03	0,56
11,06	0,54
11,08	0,57
11,11	0,56
11,13	0,57
11,15	0,57
11,18	0,59
11,20	0,55
11,23	0,57
11,25	0,54
11,28	0,55
11,30	0,53
11,33	0,53
11,35	0,51
11,37	0,52
11,40	0,50
11,42	0,54
11,45	0,52
11,47	0,54
11,50	0,55
11,52	0,57
11,55	0,56
11,57	0,57
11,59	0,55
11,62	0,57
11,64	0,56
11,67	0,54
11,69	0,55
11,72	0,56
11,74	0,54
11,77	0,58
11,79	0,58
11,81	0,59
11,84	0,59
11,86	0,58
11,89	0,59
11,91	0,60
11,94	0,56
11,96	0,58
11,99	0,57
12,01	0,56
12,03	0,56
12,06	0,56
12,08	0,56
12,11	0,57
12,13	0,56
12,16	0,57
12,18	0,57
12,21	0,57
12,23	0,60
12,25	0,58
12,28	0,60
12,30	0,60
12,33	0,60
12,35	0,60
12,38	0,61
12,40	0,58
12,42	0,60
12,45	0,58
12,47	0,58
12,50	0,60
12,52	0,61
12,55	0,61
12,57	0,62
12,60	0,60
12,62	0,65
12,64	0,64
12,67	0,64
12,69	0,64
12,72	0,63
12,74	0,61
12,77	0,63
12,79	0,60
12,82	0,62
12,84	0,61
12,86	0,62
12,89	0,63
12,91	0,64
12,94	0,62
12,96	0,67
12,99	0,65
13,01	0,67
13,04	0,65
13,06	0,67
13,08	0,66
13,11	0,69
13,13	0,64
13,16	0,66
13,18	0,65
13,21	0,67
13,23	0,66
13,26	0,68
13,28	0,67
13,30	0,70
13,33	0,68
13,35	0,73
13,38	0,72
13,40	0,72
13,43	0,71
13,45	0,71
13,47	0,70
13,50	0,71
13,52	0,67
13,55	0,69
13,57	0,67
13,60	0,67
13,62	0,68
13,65	0,69
13,67	0,69
13,69	0,72
13,72	0,70
13,74	0,73
13,77	0,74
13,79	0,74
13,82	0,74
13,84	0,74
13,87	0,72
13,89	0,73
13,91	0,71
13,94	0,71
13,96	0,71
13,99	0,70
14,01	0,71
14,04	0,71
14,06	0,71
14,09	0,75
14,11	0,75
14,13	0,74
14,16	0,76
14,18	0,73
14,21	0,75
14,23	0,74
14,26	0,72
14,28	0,71
14,31	0,71
14,33	0,70
14,35	0,74
14,38	0,72
14,40	0,73
14,43	0,75
14,45	0,76
14,48	0,76
14,50	0,78
14,52	0,76
14,55	0,79
14,57	0,78
14,60	0,76
14,62	0,75
14,65	0,76
14,67	0,75
14,70	0,78
14,72	0,75
14,74	0,77
14,77	0,77
14,79	0,78
14,82	0,79
14,84	0,80
14,87	0,77
14,89	0,80
14,92	0,76
14,94	0,78
14,96	0,77
14,99	0,77
15,01	0,76
15,04	0,78
15,06	0,76
15,09	0,80
15,11	0,77
15,14	0,78
15,16	0,79
15,18	0,80
15,21	0,80
15,23	0,81
15,26	0,80
15,28	0,82
15,31	0,82
15,33	0,81
15,36	0,81
15,38	0,80
15,40	0,78
15,43	0,80
15,45	0,78
15,48	0,80
15,50	0,80
15,53	0,79
15,55	0,82
15,57	0,83
15,60	0,83
15,62	0,84
15,65	0,82
15,67	0,80
15,70	0,81
15,72	0,79
15,75	0,80
15,77	0,79
15,79	0,80
15,82	0,81
15,84	0,81
15,87	0,81
15,89	0,83
15,92	0,82
15,94	0,84
15,97	0,83
15,99	0,83
16,01	0,83
16,04	0,84
16,06	0,82
16,09	0,84
16,11	0,81
16,14	0,82
16,16	0,81
16,19	0,83
16,21	0,83
16,23	0,85
16,26	0,82
16,28	0,88
16,31	0,86
16,33	0,87
16,36	0,86
16,38	0,85
16,41	0,83
16,43	0,85
16,45	0,80
16,48	0,83
16,50	0,81
16,53	0,83
16,55	0,84
16,58	0,87
16,60	0,85
16,63	0,87
16,65	0,85
16,67	0,88
16,70	0,87
16,72	0,88
16,75	0,87
16,77	0,89
16,80	0,87
16,82	0,89
16,84	0,86
16,87	0,88
16,89	0,87
16,92	0,87
16,94	0,87
16,97	0,88
16,99	0,88
17,02	0,94
17,04	0,92
17,06	0,94
17,09	0,93
17,11	0,93
17,14	0,94
17,16	0,94
17,19	0,91
17,21	0,92
17,24	0,89
17,26	0,91
17,28	0,94
17,31	0,95
17,33	0,96
17,36	0,96
17,38	0,97
17,41	0,99
17,43	0,99
17,46	0,99
17,48	0,98
17,50	0,97
17,53	0,97
17,55	0,98
17,58	0,97
17,60	0,95
17,63	0,96
17,65	0,97
17,68	0,98
17,70	0,98
17,72	0,99
17,75	1,02
17,77	1,05
17,80	1,03
17,82	1,04
17,85	1,03
17,87	1,04
17,89	1,04
17,92	1,05
17,94	1,05
17,97	1,06
17,99	1,04
18,02	1,08
18,04	1,07
18,07	1,09
18,09	1,08
18,11	1,10
18,14	1,10
18,16	1,13
18,19	1,10
18,21	1,13
18,24	1,10
18,26	1,12
18,29	1,11
18,31	1,12
18,33	1,10
18,36	1,12
18,38	1,10
18,41	1,14
18,43	1,13
18,46	1,14
18,48	1,15
18,51	1,17
18,53	1,15
18,55	1,18
18,58	1,15
18,60	1,18
18,63	1,16
18,65	1,18
18,68	1,18
18,70	1,19
18,73	1,17
18,75	1,20
18,77	1,18
18,80	1,20
18,82	1,20
18,85	1,21
18,87	1,21
18,90	1,22
18,92	1,20
18,94	1,22
18,97	1,21
18,99	1,22
19,02	1,23
19,04	1,22
19,07	1,22
19,09	1,23
19,12	1,23
19,14	1,24
19,16	1,24
19,19	1,22
19,21	1,24
19,24	1,22
19,26	1,23
19,29	1,24
19,31	1,23
19,34	1,22
19,36	1,22
19,38	1,21
19,41	1,23
19,43	1,21
19,46	1,21
19,48	1,21
19,51	1,22
19,53	1,22
19,56	1,24
19,58	1,22
19,60	1,25
19,63	1,24
19,65	1,25
19,68	1,23
19,70	1,24
19,73	1,23
19,75	1,26
19,78	1,23
19,80	1,24
19,82	1,22
19,85	1,25
19,87	1,24
19,90	1,26
19,92	1,22
19,95	1,25
19,97	1,22
19,99	1,23
20,02	1,21
20,04	1,22
20,07	1,20
20,09	1,22
20,12	1,20
20,14	1,23
20,17	1,19
20,19	1,20
20,21	1,19
20,24	1,21
20,26	1,19
20,29	1,20
20,31	1,18
20,34	1,22
20,36	1,20
20,39	1,20
20,41	1,19
20,43	1,21
20,46	1,18
20,48	1,22
20,51	1,20
20,53	1,23
20,56	1,22
20,58	1,23
20,61	1,23
20,63	1,24
20,65	1,21
20,68	1,23
20,70	1,21
20,73	1,21
20,75	1,20
20,78	1,19
20,80	1,20
20,83	1,19
20,85	1,18
20,87	1,20
20,90	1,17
20,92	1,18
20,95	1,20
20,97	1,20
21,00	1,21
21,02	1,20
21,05	1,20
21,07	1,22
21,09	1,23
21,12	1,21
21,14	1,22
21,17	1,21
21,19	1,22
21,22	1,24
21,24	1,26
21,26	1,26
21,29	1,28
21,31	1,27
21,34	1,29
21,36	1,29
21,39	1,29
21,41	1,27
21,44	1,27
21,46	1,25
21,48	1,27
21,51	1,25
21,53	1,27
21,56	1,26
21,58	1,29
21,61	1,29
21,63	1,29
21,66	1,27
21,68	1,31
21,70	1,31
21,73	1,33
21,75	1,33
21,78	1,35
21,80	1,38
21,83	1,41
21,85	1,39
21,88	1,43
21,90	1,42
21,92	1,45
21,95	1,45
21,97	1,47
22,00	1,46
22,02	1,48
22,05	1,47
22,07	1,50
22,10	1,50
22,12	1,51
22,14	1,51
22,17	1,52
22,19	1,52
22,22	1,54
22,24	1,53
22,27	1,55
22,29	1,54
22,31	1,56
22,34	1,58
22,36	1,59
22,39	1,59
22,41	1,63
22,44	1,62
22,46	1,64
22,49	1,65
22,51	1,67
22,53	1,69
22,56	1,70
22,58	1,68
22,61	1,70
22,63	1,70
22,66	1,72
22,68	1,75
22,71	1,74
22,73	1,75
22,75	1,77
22,78	1,79
22,80	1,80
22,83	1,81
22,85	1,79
22,88	1,81
22,90	1,80
22,93	1,80
22,95	1,80
22,97	1,81
23,00	1,81
23,02	1,82
23,05	1,80
23,07	1,83
23,10	1,83
23,12	1,84
23,15	1,85
23,17	1,87
23,19	1,87
23,22	1,91
23,24	1,90
23,27	1,92
23,29	1,91
23,32	1,90
23,34	1,90
23,36	1,91
23,39	1,90
23,41	1,94
23,44	1,91
23,46	1,94
23,49	1,93
23,51	1,94
23,54	1,94
23,56	1,95
23,58	1,91
23,61	1,94
23,63	1,91
23,66	1,93
23,68	1,91
23,71	1,90
23,73	1,90
23,76	1,91
23,78	1,89
23,80	1,92
23,83	1,90
23,85	1,91
23,88	1,92
23,90	1,93
23,93	1,91
23,95	1,92
23,98	1,91
24,00	1,92
24,02	1,91
24,05	1,89
24,07	1,88
24,10	1,87
24,12	1,85
24,15	1,87
24,17	1,86
24,20	1,87
24,22	1,87
24,24	1,87
24,27	1,88
24,29	1,89
24,32	1,86
24,34	1,86
24,37	1,83
24,39	1,81
24,42	1,80
24,44	1,79
24,46	1,78
24,49	1,77
24,51	1,78
24,54	1,79
24,56	1,79
24,59	1,77
24,61	1,80
24,63	1,78
24,66	1,79
24,68	1,77
24,71	1,77
24,73	1,75
24,76	1,76
24,78	1,72
24,81	1,73
24,83	1,70
24,85	1,71
24,88	1,70
24,90	1,72
24,93	1,70
24,95	1,72
24,98	1,69
25,00	1,73
25,03	1,70
25,05	1,70
25,07	1,67
25,10	1,67
25,12	1,65
25,15	1,65
25,17	1,62
25,20	1,65
25,22	1,62
25,25	1,63
25,27	1,62
25,29	1,65
25,32	1,63
25,34	1,67
25,37	1,65
25,39	1,67
25,42	1,67
25,44	1,68
25,47	1,67
25,49	1,69
25,51	1,65
25,54	1,67
25,56	1,65
25,59	1,66
25,61	1,66
25,64	1,66
25,66	1,65
25,68	1,67
25,71	1,66
25,73	1,70
25,76	1,70
25,78	1,70
25,81	1,69
25,83	1,69
25,86	1,69
25,88	1,70
25,90	1,69
25,93	1,69
25,95	1,68
25,98	1,70
26,00	1,72
26,03	1,73
26,05	1,73
26,08	1,76
26,10	1,77
26,12	1,79
26,15	1,79
26,17	1,81
26,20	1,83
26,22	1,83
26,25	1,82
26,27	1,84
26,30	1,84
26,32	1,86
26,34	1,88
26,37	1,88
26,39	1,91
26,42	1,93
26,44	1,95
26,47	1,99
26,49	2,01
26,52	2,01
26,54	2,04
26,56	1,99
26,59	2,00
26,61	2,00
26,64	2,01
26,66	2,01
26,69	2,03
26,71	2,03
26,73	2,12
26,76	2,14
26,78	2,20
26,81	2,24
26,83	2,29
26,86	2,32
26,88	2,37
26,91	2,36
26,93	2,41
26,95	2,42
26,98	2,43
27,00	2,44
27,03	2,45
27,05	2,43
27,08	2,46
27,10	2,44
27,13	2,46
27,15	2,45
27,17	2,46
27,20	2,49
27,22	2,51
27,25	2,50
27,27	2,57
27,30	2,56
27,32	2,60
27,35	2,62
27,37	2,64
27,39	2,67
27,42	2,72
27,44	2,71
27,47	2,77
27,49	2,78
27,52	2,81
27,54	2,84
27,57	2,86
27,59	2,88
27,61	2,89
27,64	2,89
27,66	2,91
27,69	2,91
27,71	2,90
27,74	2,91
27,76	2,91
27,78	2,90
27,81	2,92
27,83	2,94
27,86	2,96
27,88	2,96
27,91	2,97
27,93	3,01
27,96	3,02
27,98	3,03
28,00	3,03
28,03	3,02
28,05	3,01
28,08	3,01
28,10	2,99
28,13	3,00
28,15	2,99
28,18	2,99
28,20	3,00
28,22	2,99
28,25	2,98
28,27	3,01
28,30	3,00
28,32	3,02
28,35	3,00
28,37	3,01
28,40	3,00
28,42	3,02
28,44	2,98
28,47	3,00
28,49	2,94
28,52	2,95
28,54	2,92
28,57	2,94
28,59	2,91
28,62	2,92
28,64	2,86
28,66	2,93
28,69	2,89
28,71	2,90
28,74	2,86
28,76	2,85
28,79	2,80
28,81	2,82
28,84	2,75
28,86	2,78
28,88	2,71
28,91	2,72
28,93	2,70
28,96	2,73
28,98	2,69
29,01	2,71
29,03	2,65
29,05	2,69
29,08	2,64
29,10	2,65
29,13	2,60
29,15	2,61
29,18	2,56
29,20	2,58
29,23	2,52
29,25	2,54
29,27	2,49
29,30	2,51
29,32	2,48
29,35	2,50
29,37	2,46
29,40	2,51
29,42	2,47
29,45	2,47
29,47	2,43
29,49	2,40
29,52	2,37
29,54	2,37
29,57	2,32
29,59	2,32
29,62	2,29
29,64	2,29
29,67	2,30
29,69	2,30
29,71	2,28
29,74	2,28
29,76	2,26
29,79	2,27
29,81	2,27
29,84	2,26
29,86	2,25
29,89	2,23
29,91	2,23
29,93	2,24
29,96	2,23
29,98	2,22
30,01	2,22
30,03	2,21
30,06	2,23
30,08	2,22
30,10	2,21
30,13	2,24
30,15	2,25
30,18	2,23
30,20	2,24
30,23	2,22
30,25	2,24
30,28	2,24
30,30	2,23
30,32	2,21
30,35	2,22
30,37	2,19
30,40	2,23
30,42	2,21
30,45	2,23
30,47	2,23
30,50	2,25
30,52	2,25
30,54	2,30
30,57	2,27
30,59	2,30
30,62	2,30
30,64	2,32
30,67	2,34
30,69	2,35
30,72	2,35
30,74	2,38
30,76	2,39
30,79	2,44
30,81	2,44
30,84	2,46
30,86	2,50
30,89	2,54
30,91	2,54
30,94	2,57
30,96	2,58
30,98	2,61
31,01	2,62
31,03	2,63
31,06	2,65
31,08	2,67
31,11	2,69
31,13	2,74
31,15	2,75
31,18	2,79
31,20	2,83
31,23	2,86
31,25	2,91
31,28	2,94
31,30	2,96
31,33	3,00
31,35	3,04
31,37	3,06
31,40	3,12
31,42	3,13
31,45	3,16
31,47	3,19
31,50	3,23
31,52	3,27
31,55	3,32
31,57	3,33
31,59	3,40
31,62	3,43
31,64	3,48
31,67	3,51
31,69	3,55
31,72	3,58
31,74	3,63
31,77	3,65
31,79	3,70
31,81	3,71
31,84	3,75
31,86	3,77
31,89	3,82
31,91	3,85
31,94	3,90
31,96	3,92
31,99	3,99
32,01	4,02
32,03	4,06
32,06	4,07
32,08	4,11
32,11	4,11
32,13	4,17
32,16	4,15
32,18	4,19
32,20	4,20
32,23	4,24
32,25	4,26
32,28	4,32
32,30	4,32
32,33	4,38
32,35	4,39
32,38	4,41
32,40	4,41
32,42	4,44
32,45	4,43
32,47	4,47
32,50	4,46
32,52	4,49
32,55	4,47
32,57	4,50
32,60	4,51
32,62	4,53
32,64	4,52
32,67	4,54
32,69	4,53
32,72	4,57
32,74	4,56
32,77	4,55
32,79	4,55
32,82	4,55
32,84	4,53
32,86	4,55
32,89	4,53
32,91	4,53
32,94	4,53
32,96	4,51
32,99	4,51
33,01	4,49
33,04	4,45
33,06	4,46
33,08	4,42
33,11	4,40
33,13	4,39
33,16	4,36
33,18	4,36
33,21	4,34
33,23	4,32
33,26	4,30
33,28	4,26
33,30	4,24
33,33	4,23
33,35	4,20
33,38	4,17
33,40	4,14
33,43	4,12
33,45	4,11
33,47	4,10
33,50	4,06
33,52	4,04
33,55	4,01
33,57	3,99
33,60	3,96
33,62	3,94
33,65	3,89
33,67	3,88
33,69	3,82
33,72	3,82
33,74	3,77
33,77	3,74
33,79	3,70
33,82	3,68
33,84	3,64
33,87	3,63
33,89	3,57
33,91	3,57
33,94	3,52
33,96	3,51
33,99	3,46
34,01	3,43
34,04	3,38
34,06	3,39
34,09	3,34
34,11	3,32
34,13	3,28
34,16	3,28
34,18	3,26
34,21	3,25
34,23	3,19
34,26	3,19
34,28	3,16
34,31	3,16
34,33	3,14
34,35	3,13
34,38	3,09
34,40	3,09
34,43	3,06
34,45	3,06
34,48	3,03
34,50	3,00
34,52	2,98
34,55	2,97
34,57	2,96
34,60	2,95
34,62	2,92
34,65	2,92
34,67	2,90
34,70	2,89
34,72	2,90
34,74	2,88
34,77	2,88
34,79	2,89
34,82	2,88
34,84	2,88
34,87	2,89
34,89	2,88
34,92	2,90
34,94	2,89
34,96	2,88
34,99	2,89
35,01	2,90
35,04	2,89
35,06	2,93
35,09	2,93
35,11	2,95
35,14	2,96
35,16	2,99
35,18	3,00
35,21	3,03
35,23	3,01
35,26	3,05
35,28	3,05
35,31	3,08
35,33	3,07
35,36	3,10
35,38	3,10
35,40	3,13
35,43	3,13
35,45	3,17
35,48	3,18
35,50	3,22
35,53	3,26
35,55	3,31
35,57	3,33
35,60	3,38
35,62	3,40
35,65	3,45
35,67	3,47
35,70	3,50
35,72	3,52
35,75	3,57
35,77	3,59
35,79	3,66
35,82	3,70
35,84	3,76
35,87	3,80
35,89	3,85
35,92	3,88
35,94	3,95
35,97	3,96
35,99	4,02
36,01	4,03
36,04	4,08
36,06	4,13
36,09	4,19
36,11	4,23
36,14	4,30
36,16	4,34
36,19	4,42
36,21	4,47
36,23	4,52
36,26	4,60
36,28	4,65
36,31	4,70
36,33	4,75
36,36	4,80
36,38	4,86
36,41	4,92
36,43	4,96
36,45	5,04
36,48	5,08
36,50	5,14
36,53	5,22
36,55	5,29
36,58	5,35
36,60	5,40
36,62	5,42
36,65	5,50
36,67	5,54
36,70	5,58
36,72	5,63
36,75	5,67
36,77	5,70
36,80	5,77
36,82	5,81
36,84	5,88
36,87	5,91
36,89	5,97
36,92	6,01
36,94	6,06
36,97	6,08
36,99	6,15
37,02	6,17
37,04	6,21
37,06	6,24
37,09	6,28
37,11	6,30
37,14	6,35
37,16	6,35
37,19	6,40
37,21	6,39
37,24	6,43
37,26	6,46
37,28	6,49
37,31	6,49
37,33	6,52
37,36	6,51
37,38	6,57
37,41	6,56
37,43	6,55
37,46	6,54
37,48	6,54
37,50	6,52
37,53	6,53
37,55	6,49
37,58	6,50
37,60	6,47
37,63	6,47
37,65	6,47
37,68	6,48
37,70	6,45
37,72	6,47
37,75	6,42
37,77	6,41
37,80	6,36
37,82	6,34
37,85	6,29
37,87	6,26
37,89	6,19
37,92	6,17
37,94	6,12
37,97	6,10
37,99	6,07
38,02	6,05
38,04	6,01
38,07	5,98
38,09	5,94
38,11	5,92
38,14	5,86
38,16	5,78
38,19	5,72
38,21	5,65
38,24	5,60
38,26	5,55
38,29	5,48
38,31	5,43
38,33	5,37
38,36	5,33
38,38	5,30
38,41	5,26
38,43	5,20
38,46	5,17
38,48	5,13
38,51	5,08
38,53	5,04
38,55	4,98
38,58	4,94
38,60	4,88
38,63	4,81
38,65	4,75
38,68	4,71
38,70	4,66
38,73	4,65
38,75	4,59
38,77	4,56
38,80	4,51
38,82	4,48
38,85	4,44
38,87	4,41
38,90	4,32
38,92	4,30
38,94	4,23
38,97	4,20
38,99	4,16
39,02	4,12
39,04	4,07
39,07	4,06
39,09	4,01
39,12	4,02
39,14	3,98
39,16	3,96
39,19	3,95
39,21	3,94
39,24	3,90
39,26	3,89
39,29	3,85
39,31	3,85
39,34	3,82
39,36	3,81
39,38	3,80
39,41	3,79
39,43	3,77
39,46	3,78
39,48	3,75
39,51	3,76
39,53	3,73
39,56	3,72
39,58	3,73
39,60	3,75
39,63	3,74
39,65	3,76
39,68	3,74
39,70	3,76
39,73	3,76
39,75	3,76
39,78	3,76
39,80	3,78
39,82	3,78
39,85	3,81
39,87	3,83
39,90	3,85
39,92	3,89
39,95	3,93
39,97	3,95
39,99	3,98
40,02	3,99
40,04	4,02
40,07	4,05
40,09	4,05
40,12	4,08
40,14	4,08
40,17	4,12
40,19	4,16
40,21	4,21
40,24	4,23
40,26	4,29
40,29	4,32
40,31	4,41
40,34	4,45
40,36	4,51
40,39	4,55
40,41	4,59
40,43	4,62
40,46	4,68
40,48	4,70
40,51	4,76
40,53	4,79
40,56	4,86
40,58	4,93
40,61	5,02
40,63	5,07
40,65	5,18
40,68	5,23
40,70	5,31
40,73	5,37
40,75	5,45
40,78	5,48
40,80	5,55
40,83	5,58
40,85	5,66
40,87	5,72
40,90	5,79
40,92	5,86
40,95	5,96
40,97	6,04
41,00	6,14
41,02	6,21
41,05	6,32
41,07	6,40
41,09	6,48
41,12	6,54
41,14	6,60
41,17	6,65
41,19	6,73
41,22	6,79
41,24	6,86
41,26	6,93
41,29	7,02
41,31	7,12
41,34	7,22
41,36	7,30
41,39	7,41
41,41	7,50
41,44	7,59
41,46	7,68
41,48	7,75
41,51	7,82
41,53	7,88
41,56	7,91
41,58	7,96
41,61	8,02
41,63	8,08
41,66	8,16
41,68	8,21
41,70	8,28
41,73	8,35
41,75	8,42
41,78	8,50
41,80	8,56
41,83	8,59
41,85	8,64
41,88	8,66
41,90	8,70
41,92	8,73
41,95	8,75
41,97	8,78
42,00	8,82
42,02	8,85
42,05	8,92
42,07	8,93
42,10	8,97
42,12	9,00
42,14	9,01
42,17	9,02
42,19	9,04
42,22	9,02
42,24	9,05
42,27	9,03
42,29	9,03
42,31	9,03
42,34	9,02
42,36	8,99
42,39	8,99
42,41	8,95
42,44	8,95
42,46	8,90
42,49	8,87
42,51	8,87
42,53	8,84
42,56	8,79
42,58	8,77
42,61	8,69
42,63	8,67
42,66	8,62
42,68	8,56
42,71	8,50
42,73	8,44
42,75	8,36
42,78	8,34
42,80	8,26
42,83	8,21
42,85	8,15
42,88	8,11
42,90	8,05
42,93	8,01
42,95	7,92
42,97	7,87
43,00	7,79
43,02	7,71
43,05	7,63
43,07	7,53
43,10	7,45
43,12	7,37
43,15	7,29
43,17	7,22
43,19	7,14
43,22	7,07
43,24	7,04
43,27	6,97
43,29	6,90
43,32	6,83
43,34	6,73
43,36	6,66
43,39	6,58
43,41	6,47
43,44	6,40
43,46	6,32
43,49	6,24
43,51	6,20
43,54	6,12
43,56	6,06
43,58	6,01
43,61	5,95
43,63	5,89
43,66	5,83
43,68	5,76
43,71	5,70
43,73	5,65
43,76	5,58
43,78	5,53
43,80	5,45
43,83	5,40
43,85	5,34
43,88	5,31
43,90	5,26
43,93	5,24
43,95	5,18
43,98	5,19
44,00	5,14
44,02	5,14
44,05	5,09
44,07	5,05
44,10	5,00
44,12	4,99
44,15	4,93
44,17	4,94
44,20	4,88
44,22	4,87
44,24	4,86
44,27	4,86
44,29	4,83
44,32	4,84
44,34	4,81
44,37	4,84
44,39	4,83
44,41	4,84
44,44	4,84
44,46	4,86
44,49	4,84
44,51	4,88
44,54	4,86
44,56	4,89
44,59	4,91
44,61	4,92
44,63	4,92
44,66	4,96
44,68	4,95
44,71	5,02
44,73	5,03
44,76	5,06
44,78	5,10
44,81	5,13
44,83	5,15
44,85	5,19
44,88	5,21
44,90	5,26
44,93	5,29
44,95	5,33
44,98	5,40
45,00	5,47
45,03	5,53
45,05	5,59
45,07	5,64
45,10	5,70
45,12	5,77
45,15	5,82
45,17	5,89
45,20	5,94
45,22	6,01
45,25	6,10
45,27	6,15
45,29	6,23
45,32	6,31
45,34	6,37
45,37	6,45
45,39	6,51
45,42	6,58
45,44	6,68
45,47	6,76
45,49	6,83
45,51	6,93
45,54	7,00
45,56	7,12
45,59	7,20
45,61	7,30
45,64	7,41
45,66	7,50
45,68	7,58
45,71	7,69
45,73	7,76
45,76	7,86
45,78	7,93
45,81	8,03
45,83	8,14
45,86	8,25
45,88	8,34
45,90	8,47
45,93	8,57
45,95	8,69
45,98	8,81
46,00	8,89
46,03	8,97
46,05	9,08
46,08	9,16
46,10	9,28
46,12	9,36
46,15	9,45
46,17	9,58
46,20	9,69
46,22	9,78
46,25	9,90
46,27	9,98
46,30	10,10
46,32	10,20
46,34	10,31
46,37	10,39
46,39	10,48
46,42	10,56
46,44	10,66
46,47	10,73
46,49	10,81
46,52	10,88
46,54	10,98
46,56	11,07
46,59	11,16
46,61	11,21
46,64	11,30
46,66	11,37
46,69	11,45
46,71	11,52
46,73	11,55
46,76	11,60
46,78	11,65
46,81	11,69
46,83	11,75
46,86	11,78
46,88	11,80
46,91	11,87
46,93	11,89
46,95	11,93
46,98	11,96
47,00	11,97
47,03	11,97
47,05	11,99
47,08	11,99
47,10	12,02
47,13	11,99
47,15	12,00
47,17	11,99
47,20	11,98
47,22	11,96
47,25	11,94
47,27	11,90
47,30	11,89
47,32	11,83
47,35	11,79
47,37	11,75
47,39	11,72
47,42	11,68
47,44	11,67
47,47	11,59
47,49	11,55
47,52	11,48
47,54	11,43
47,57	11,35
47,59	11,29
47,61	11,16
47,64	11,13
47,66	11,02
47,69	10,95
47,71	10,84
47,74	10,75
47,76	10,65
47,78	10,59
47,81	10,48
47,83	10,42
47,86	10,29
47,88	10,21
47,91	10,11
47,93	10,03
47,96	9,90
47,98	9,81
48,00	9,68
48,03	9,61
48,05	9,50
48,08	9,39
48,10	9,28
48,13	9,20
48,15	9,09
48,18	9,02
48,20	8,92
48,22	8,83
48,25	8,72
48,27	8,61
48,30	8,50
48,32	8,41
48,35	8,28
48,37	8,19
48,40	8,06
48,42	7,97
48,44	7,89
48,47	7,80
48,49	7,73
48,52	7,65
48,54	7,56
48,57	7,51
48,59	7,42
48,62	7,34
48,64	7,28
48,66	7,20
48,69	7,13
48,71	7,05
48,74	6,97
48,76	6,92
48,79	6,86
48,81	6,78
48,84	6,74
48,86	6,70
48,88	6,67
48,91	6,63
48,93	6,60
48,96	6,56
48,98	6,53
49,01	6,49
49,03	6,46
49,05	6,41
49,08	6,40
49,10	6,37
49,13	6,37
49,15	6,36
49,18	6,36
49,20	6,32
49,23	6,36
49,25	6,34
49,27	6,35
49,30	6,35
49,32	6,36
49,35	6,35
49,37	6,38
49,40	6,36
49,42	6,42
49,45	6,41
49,47	6,45
49,49	6,47
49,52	6,52
49,54	6,53
49,57	6,60
49,59	6,60
49,62	6,66
49,64	6,70
49,67	6,76
49,69	6,80
49,71	6,86
49,74	6,89
49,76	6,97
49,79	7,01
49,81	7,09
49,84	7,13
49,86	7,20
49,89	7,25
49,91	7,33
49,93	7,40
49,96	7,52
49,98	7,57
50,01	7,67
50,03	7,75
50,06	7,84
50,08	7,93
50,10	8,03
50,13	8,10
50,15	8,21
50,18	8,29
50,20	8,39
50,23	8,49
50,25	8,60
50,28	8,68
50,30	8,78
50,32	8,88
50,35	9,01
50,37	9,13
50,40	9,25
50,42	9,37
50,45	9,49
50,47	9,61
50,50	9,74
50,52	9,84
50,54	9,95
50,57	10,07
50,59	10,18
50,62	10,31
50,64	10,42
50,67	10,54
50,69	10,70
50,72	10,84
50,74	10,95
50,76	11,11
50,79	11,23
50,81	11,39
50,84	11,51
50,86	11,65
50,89	11,77
50,91	11,89
50,94	11,99
50,96	12,14
50,98	12,24
51,01	12,37
51,03	12,47
51,06	12,63
51,08	12,76
51,11	12,92
51,13	13,01
51,15	13,17
51,18	13,29
51,20	13,44
51,23	13,56
51,25	13,67
51,28	13,77
51,30	13,90
51,33	13,99
51,35	14,12
51,37	14,20
51,40	14,29
51,42	14,41
51,45	14,51
51,47	14,61
51,50	14,72
51,52	14,79
51,55	14,88
51,57	14,96
51,59	15,04
51,62	15,11
51,64	15,17
51,67	15,21
51,69	15,29
51,72	15,32
51,74	15,38
51,77	15,42
51,79	15,47
51,81	15,52
51,84	15,56
51,86	15,56
51,89	15,60
51,91	15,60
51,94	15,62
51,96	15,62
51,99	15,61
52,01	15,60
52,03	15,62
52,06	15,59
52,08	15,60
52,11	15,57
52,13	15,53
52,16	15,49
52,18	15,45
52,20	15,38
52,23	15,34
52,25	15,25
52,28	15,19
52,30	15,13
52,33	15,08
52,35	15,03
52,38	14,96
52,40	14,88
52,42	14,83
52,45	14,73
52,47	14,63
52,50	14,53
52,52	14,42
52,55	14,32
52,57	14,21
52,60	14,09
52,62	13,98
52,64	13,88
52,67	13,77
52,69	13,67
52,72	13,55
52,74	13,44
52,77	13,31
52,79	13,20
52,82	13,07
52,84	12,94
52,86	12,78
52,89	12,66
52,91	12,50
52,94	12,39
52,96	12,23
52,99	12,12
53,01	11,97
53,04	11,87
53,06	11,73
53,08	11,64
53,11	11,48
53,13	11,38
53,16	11,23
53,18	11,13
53,21	10,98
53,23	10,89
53,26	10,73
53,28	10,64
53,30	10,49
53,33	10,39
53,35	10,26
53,38	10,17
53,40	10,04
53,43	9,98
53,45	9,87
53,47	9,80
53,50	9,69
53,52	9,60
53,55	9,50
53,57	9,43
53,60	9,32
53,62	9,26
53,65	9,15
53,67	9,07
53,69	8,99
53,72	8,93
53,74	8,87
53,77	8,83
53,79	8,76
53,82	8,73
53,84	8,66
53,87	8,62
53,89	8,59
53,91	8,56
53,94	8,52
53,96	8,50
53,99	8,47
54,01	8,47
54,04	8,46
54,06	8,44
54,09	8,43
54,11	8,42
54,13	8,42
54,16	8,43
54,18	8,45
54,21	8,45
54,23	8,46
54,26	8,47
54,28	8,51
54,31	8,53
54,33	8,55
54,35	8,58
54,38	8,62
54,40	8,64
54,43	8,70
54,45	8,73
54,48	8,79
54,50	8,83
54,52	8,89
54,55	8,95
54,57	9,02
54,60	9,07
54,62	9,17
54,65	9,23
54,67	9,33
54,70	9,40
54,72	9,48
54,74	9,57
54,77	9,66
54,79	9,71
54,82	9,81
54,84	9,88
54,87	9,97
54,89	10,09
54,92	10,21
54,94	10,32
54,96	10,46
54,99	10,57
55,01	10,73
55,04	10,85
55,06	10,97
55,09	11,08
55,11	11,18
55,14	11,29
55,16	11,41
55,18	11,50
55,21	11,63
55,23	11,74
55,26	11,89
55,28	12,04
55,31	12,18
55,33	12,31
55,36	12,49
55,38	12,65
55,40	12,82
55,43	12,95
55,45	13,09
55,48	13,26
55,50	13,41
55,53	13,52
55,55	13,66
55,57	13,80
55,60	13,97
55,62	14,17
55,65	14,31
55,67	14,48
55,70	14,66
55,72	14,85
55,75	15,02
55,77	15,18
55,79	15,30
55,82	15,45
55,84	15,58
55,87	15,73
55,89	15,85
55,92	15,99
55,94	16,14
55,97	16,31
55,99	16,48
56,01	16,67
56,04	16,82
56,06	17,00
56,09	17,15
56,11	17,30
56,14	17,42
56,16	17,57
56,19	17,68
56,21	17,82
56,23	17,93
56,26	18,06
56,28	18,16
56,31	18,32
56,33	18,42
56,36	18,57
56,38	18,66
56,41	18,79
56,43	18,87
56,45	18,99
56,48	19,09
56,50	19,18
56,53	19,23
56,55	19,33
56,58	19,36
56,60	19,44
56,62	19,48
56,65	19,54
56,67	19,60
56,70	19,66
56,72	19,69
56,75	19,78
56,77	19,79
56,80	19,84
56,82	19,88
56,84	19,90
56,87	19,90
56,89	19,93
56,92	19,90
56,94	19,92
56,97	19,89
56,99	19,87
57,02	19,83
57,04	19,80
57,06	19,75
57,09	19,75
57,11	19,68
57,14	19,63
57,16	19,57
57,19	19,52
57,21	19,47
57,24	19,40
57,26	19,29
57,28	19,23
57,31	19,13
57,33	19,05
57,36	18,94
57,38	18,84
57,41	18,74
57,43	18,63
57,46	18,50
57,48	18,39
57,50	18,25
57,53	18,14
57,55	18,03
57,58	17,92
57,60	17,79
57,63	17,67
57,65	17,54
57,68	17,41
57,70	17,25
57,72	17,08
57,75	16,92
57,77	16,75
57,80	16,59
57,82	16,43
57,85	16,27
57,87	16,13
57,89	16,00
57,92	15,84
57,94	15,73
57,97	15,59
57,99	15,44
58,02	15,31
58,04	15,16
58,07	14,99
58,09	14,84
58,11	14,65
58,14	14,52
58,16	14,34
58,19	14,20
58,21	14,04
58,24	13,92
58,26	13,78
58,29	13,70
58,31	13,54
58,33	13,44
58,36	13,30
58,38	13,20
58,41	13,06
58,43	12,97
58,46	12,80
58,48	12,71
58,51	12,57
58,53	12,50
58,55	12,39
58,58	12,31
58,60	12,20
58,63	12,14
58,65	12,05
58,68	12,02
58,70	11,92
58,73	11,86
58,75	11,78
58,77	11,73
58,80	11,65
58,82	11,62
58,85	11,55
58,87	11,52
58,90	11,46
58,92	11,43
58,94	11,43
58,97	11,42
58,99	11,39
59,02	11,42
59,04	11,40
59,07	11,41
59,09	11,42
59,12	11,43
59,14	11,45
59,16	11,47
59,19	11,46
59,21	11,49
59,24	11,53
59,26	11,55
59,29	11,62
59,31	11,63
59,34	11,69
59,36	11,73
59,38	11,79
59,41	11,87
59,43	11,94
59,46	11,98
59,48	12,08
59,51	12,12
59,53	12,22
59,56	12,32
59,58	12,41
59,60	12,48
59,63	12,57
59,65	12,66
59,68	12,79
59,70	12,87
59,73	12,97
59,75	13,08
59,78	13,22
59,80	13,34
59,82	13,48
59,85	13,59
59,87	13,74
59,90	13,86
59,92	13,99
59,95	14,12
59,97	14,24
59,99	14,32
