U1/V	IA/nA
0,02	0,45
0,04	0,45
0,07	0,42
0,09	0,44
0,12	0,42
0,14	0,44
0,17	0,41
0,19	0,41
0,21	0,39
0,24	0,42
0,26	0,38
0,29	0,40
0,31	0,37
0,34	0,39
0,36	0,40
0,39	0,41
0,41	0,39
0,43	0,41
0,46	0,40
0,48	0,42
0,51	0,42
0,53	0,43
0,56	0,43
0,58	0,43
0,61	0,41
0,63	0,43
0,65	0,39
0,68	0,41
0,70	0,40
0,73	0,39
0,75	0,39
0,78	0,41
0,80	0,41
0,83	0,46
0,85	0,44
0,87	0,43
0,90	0,44
0,92	0,42
0,95	0,42
0,97	0,42
1,00	0,40
1,02	0,40
1,05	0,39
1,07	0,38
1,09	0,42
1,12	0,41
1,14	0,41
1,17	0,39
1,19	0,40
1,22	0,40
1,24	0,42
1,26	0,40
1,29	0,42
1,31	0,40
1,34	0,42
1,36	0,41
1,39	0,42
1,41	0,39
1,44	0,41
1,46	0,39
1,48	0,42
1,51	0,39
1,53	0,41
1,56	0,43
1,58	0,45
1,61	0,43
1,63	0,45
1,66	0,43
1,68	0,45
1,70	0,42
1,73	0,43
1,75	0,41
1,78	0,42
1,80	0,39
1,83	0,43
1,85	0,40
1,88	0,42
1,90	0,40
1,92	0,43
1,95	0,42
1,97	0,45
2,00	0,41
2,02	0,44
2,05	0,42
2,07	0,44
2,10	0,43
2,12	0,42
2,14	0,40
2,17	0,42
2,19	0,40
2,22	0,42
2,24	0,40
2,27	0,40
2,29	0,41
2,31	0,42
2,34	0,41
2,36	0,42
2,39	0,40
2,41	0,42
2,44	0,40
2,46	0,41
2,49	0,40
2,51	0,40
2,53	0,39
2,56	0,40
2,58	0,39
2,61	0,39
2,63	0,40
2,66	0,41
2,68	0,42
2,71	0,41
2,73	0,40
2,75	0,40
2,78	0,41
2,80	0,41
2,83	0,42
2,85	0,40
2,88	0,40
2,90	0,40
2,93	0,41
2,95	0,41
2,97	0,42
3,00	0,40
3,02	0,43
3,05	0,41
3,07	0,43
3,10	0,43
3,12	0,43
3,15	0,42
3,17	0,43
3,19	0,41
3,22	0,44
3,24	0,39
3,27	0,39
3,29	0,39
3,32	0,40
3,34	0,39
3,36	0,41
3,39	0,40
3,41	0,44
3,44	0,43
3,46	0,43
3,49	0,41
3,51	0,42
3,54	0,40
3,56	0,42
3,58	0,39
3,61	0,41
3,63	0,40
3,66	0,40
3,68	0,39
3,71	0,41
3,73	0,38
3,76	0,42
3,78	0,40
3,80	0,40
3,83	0,39
3,85	0,39
3,88	0,37
3,90	0,39
3,93	0,38
3,95	0,39
3,98	0,38
4,00	0,39
4,02	0,40
4,05	0,42
4,07	0,43
4,10	0,43
4,12	0,42
4,15	0,45
4,17	0,44
4,20	0,44
4,22	0,45
4,24	0,43
4,27	0,44
4,29	0,45
4,32	0,44
4,34	0,44
4,37	0,44
4,39	0,43
4,42	0,45
4,44	0,43
4,46	0,42
4,49	0,43
4,51	0,43
4,54	0,41
4,56	0,42
4,59	0,40
4,61	0,42
4,63	0,40
4,66	0,41
4,68	0,41
4,71	0,40
4,73	0,38
4,76	0,40
4,78	0,39
4,81	0,40
4,83	0,39
4,85	0,40
4,88	0,41
4,90	0,44
4,93	0,41
4,95	0,43
4,98	0,42
5,00	0,43
5,03	0,43
5,05	0,44
5,07	0,42
5,10	0,45
5,12	0,42
5,15	0,45
5,17	0,43
5,20	0,43
5,22	0,42
5,25	0,43
5,27	0,40
5,29	0,41
5,32	0,39
5,34	0,40
5,37	0,39
5,39	0,40
5,42	0,39
5,44	0,38
5,47	0,38
5,49	0,41
5,51	0,39
5,54	0,40
5,56	0,40
5,59	0,41
5,61	0,42
5,64	0,43
5,66	0,41
5,68	0,42
5,71	0,40
5,73	0,40
5,76	0,42
5,78	0,42
5,81	0,41
5,83	0,42
5,86	0,42
5,88	0,44
5,90	0,44
5,93	0,41
5,95	0,42
5,98	0,41
6,00	0,41
6,03	0,41
6,05	0,40
6,08	0,39
6,10	0,39
6,12	0,38
6,15	0,40
6,17	0,38
6,20	0,38
6,22	0,38
6,25	0,39
6,27	0,39
6,30	0,40
6,32	0,39
6,34	0,43
6,37	0,42
6,39	0,42
6,42	0,41
6,44	0,42
6,47	0,41
6,49	0,45
6,52	0,42
6,54	0,44
6,56	0,43
6,59	0,45
6,61	0,45
6,64	0,47
6,66	0,43
6,69	0,45
6,71	0,43
6,73	0,45
6,76	0,43
6,78	0,43
6,81	0,42
6,83	0,43
6,86	0,42
6,88	0,43
6,91	0,40
6,93	0,42
6,95	0,42
6,98	0,44
7,00	0,42
7,03	0,44
7,05	0,42
7,08	0,45
7,10	0,44
7,13	0,44
7,15	0,43
7,17	0,43
7,20	0,41
7,22	0,45
7,25	0,44
7,27	0,45
7,30	0,45
7,32	0,46
7,35	0,46
7,37	0,47
7,39	0,43
7,42	0,44
7,44	0,43
7,47	0,42
7,49	0,41
7,52	0,41
7,54	0,41
7,57	0,42
7,59	0,41
7,61	0,42
7,64	0,41
7,66	0,41
7,69	0,44
7,71	0,44
7,74	0,44
7,76	0,43
7,78	0,42
7,81	0,43
7,83	0,44
7,86	0,42
7,88	0,43
7,91	0,42
7,93	0,43
7,96	0,45
7,98	0,47
8,00	0,46
8,03	0,47
8,05	0,45
8,08	0,48
8,10	0,46
8,13	0,44
8,15	0,43
8,18	0,42
8,20	0,41
8,22	0,42
8,25	0,40
8,27	0,42
8,30	0,41
8,32	0,41
8,35	0,41
8,37	0,43
8,40	0,42
8,42	0,45
8,44	0,43
8,47	0,46
8,49	0,46
8,52	0,46
8,54	0,45
8,57	0,47
8,59	0,44
8,62	0,45
8,64	0,42
8,66	0,44
8,69	0,45
8,71	0,46
8,74	0,45
8,76	0,46
8,79	0,45
8,81	0,49
8,84	0,48
8,86	0,47
8,88	0,46
8,91	0,45
8,93	0,45
8,96	0,46
8,98	0,44
9,01	0,44
9,03	0,42
9,05	0,43
9,08	0,44
9,10	0,45
9,13	0,45
9,15	0,47
9,18	0,47
9,20	0,48
9,23	0,49
9,25	0,49
9,27	0,49
9,30	0,49
9,32	0,46
9,35	0,46
9,37	0,46
9,40	0,45
9,42	0,47
9,45	0,47
9,47	0,47
9,49	0,47
9,52	0,47
9,54	0,50
9,57	0,51
9,59	0,48
9,62	0,49
9,64	0,47
9,67	0,49
9,69	0,48
9,71	0,47
9,74	0,46
9,76	0,46
9,79	0,44
9,81	0,48
9,84	0,46
9,86	0,47
9,89	0,47
9,91	0,49
9,93	0,49
9,96	0,52
9,98	0,50
10,01	0,52
10,03	0,51
10,06	0,51
10,08	0,50
10,10	0,50
10,13	0,48
10,15	0,52
10,18	0,49
10,20	0,51
10,23	0,51
10,25	0,52
10,28	0,54
10,30	0,55
10,32	0,52
10,35	0,54
10,37	0,50
10,40	0,50
10,42	0,48
10,45	0,47
10,47	0,45
10,50	0,47
10,52	0,46
10,54	0,50
10,57	0,48
10,59	0,50
10,62	0,52
10,64	0,53
10,67	0,52
10,69	0,53
10,72	0,51
10,74	0,53
10,76	0,52
10,79	0,51
10,81	0,51
10,84	0,51
10,86	0,50
10,89	0,51
10,91	0,51
10,94	0,52
10,96	0,52
10,98	0,52
11,01	0,54
11,03	0,55
11,06	0,54
11,08	0,55
11,11	0,53
11,13	0,52
11,15	0,53
11,18	0,51
11,20	0,52
11,23	0,51
11,25	0,51
11,28	0,53
11,30	0,54
11,33	0,53
11,35	0,55
11,37	0,55
11,40	0,57
11,42	0,57
11,45	0,57
11,47	0,56
11,50	0,58
11,52	0,54
11,55	0,56
11,57	0,53
11,59	0,54
11,62	0,54
11,64	0,55
11,67	0,54
11,69	0,56
11,72	0,54
11,74	0,59
11,77	0,57
11,79	0,58
11,81	0,57
11,84	0,56
11,86	0,54
11,89	0,56
11,91	0,53
11,94	0,55
11,96	0,53
11,99	0,55
12,01	0,56
12,03	0,58
12,06	0,56
12,08	0,61
12,11	0,59
12,13	0,62
12,16	0,61
12,18	0,63
12,21	0,62
12,23	0,64
12,25	0,60
12,28	0,62
12,30	0,59
12,33	0,61
12,35	0,60
12,38	0,60
12,40	0,60
12,42	0,62
12,45	0,60
12,47	0,66
12,50	0,64
12,52	0,64
12,55	0,64
12,57	0,62
12,60	0,62
12,62	0,63
12,64	0,60
12,67	0,62
12,69	0,61
12,72	0,61
12,74	0,63
12,77	0,64
12,79	0,63
12,82	0,65
12,84	0,64
12,86	0,65
12,89	0,66
12,91	0,66
12,94	0,66
12,96	0,66
12,99	0,65
13,01	0,66
13,04	0,66
13,06	0,66
13,08	0,67
13,11	0,67
13,13	0,68
13,16	0,68
13,18	0,68
13,21	0,71
13,23	0,72
13,26	0,71
13,28	0,72
13,30	0,69
13,33	0,71
13,35	0,70
13,38	0,69
13,40	0,67
13,43	0,68
13,45	0,67
13,47	0,71
13,50	0,69
13,52	0,71
13,55	0,71
13,57	0,74
13,60	0,73
13,62	0,74
13,65	0,72
13,67	0,74
13,69	0,73
13,72	0,73
13,74	0,73
13,77	0,72
13,79	0,71
13,82	0,74
13,84	0,73
13,87	0,75
13,89	0,74
13,91	0,74
13,94	0,77
13,96	0,78
13,99	0,76
14,01	0,78
14,04	0,75
14,06	0,76
14,09	0,74
14,11	0,73
14,13	0,73
14,16	0,74
14,18	0,72
14,21	0,76
14,23	0,74
14,26	0,75
14,28	0,75
14,31	0,76
14,33	0,76
14,35	0,77
14,38	0,75
14,40	0,77
14,43	0,77
14,45	0,78
14,48	0,79
14,50	0,78
14,52	0,77
14,55	0,77
14,57	0,76
14,60	0,78
14,62	0,78
14,65	0,76
14,67	0,80
14,70	0,80
14,72	0,80
14,74	0,81
14,77	0,79
14,79	0,78
14,82	0,80
14,84	0,76
14,87	0,78
14,89	0,76
14,92	0,76
14,94	0,77
14,96	0,77
14,99	0,76
15,01	0,78
15,04	0,78
15,06	0,81
15,09	0,81
15,11	0,81
15,14	0,80
15,16	0,82
15,18	0,81
15,21	0,82
15,23	0,78
15,26	0,80
15,28	0,79
15,31	0,81
15,33	0,79
15,36	0,81
15,38	0,79
15,40	0,85
15,43	0,83
15,45	0,84
15,48	0,83
15,50	0,84
15,53	0,82
15,55	0,83
15,57	0,80
15,60	0,82
15,62	0,80
15,65	0,81
15,67	0,81
15,70	0,84
15,72	0,83
15,75	0,84
15,77	0,82
15,79	0,85
15,82	0,84
15,84	0,85
15,87	0,84
15,89	0,85
15,92	0,83
15,94	0,87
15,97	0,84
15,99	0,85
16,01	0,85
16,04	0,85
16,06	0,85
16,09	0,86
16,11	0,83
16,14	0,86
16,16	0,85
16,19	0,85
16,21	0,85
16,23	0,85
16,26	0,86
16,28	0,87
16,31	0,87
16,33	0,87
16,36	0,85
16,38	0,84
16,41	0,86
16,43	0,85
16,45	0,85
16,48	0,84
16,50	0,85
16,53	0,86
16,55	0,88
16,58	0,86
16,60	0,88
16,63	0,88
16,65	0,89
16,67	0,90
16,70	0,90
16,72	0,89
16,75	0,91
16,77	0,89
16,80	0,91
16,82	0,90
16,84	0,91
16,87	0,92
16,89	0,93
16,92	0,92
16,94	0,93
16,97	0,91
16,99	0,93
17,02	0,92
17,04	0,93
17,06	0,92
17,09	0,93
17,11	0,92
17,14	0,95
17,16	0,94
17,19	0,95
17,21	0,94
17,24	0,95
17,26	0,96
17,28	0,98
17,31	0,96
17,33	0,98
17,36	0,97
17,38	1,00
17,41	1,02
17,43	1,03
17,46	1,03
17,48	1,06
17,50	1,05
17,53	1,07
17,55	1,05
17,58	1,04
17,60	1,04
17,63	1,04
17,65	1,02
17,68	1,05
17,70	1,05
17,72	1,06
17,75	1,07
17,77	1,08
17,80	1,09
17,82	1,08
17,85	1,07
17,87	1,08
17,89	1,08
17,92	1,07
17,94	1,08
17,97	1,09
17,99	1,11
18,02	1,12
18,04	1,11
18,07	1,12
18,09	1,14
18,11	1,13
18,14	1,16
18,16	1,16
18,19	1,16
18,21	1,18
18,24	1,18
18,26	1,20
18,29	1,21
18,31	1,19
18,33	1,20
18,36	1,19
18,38	1,20
18,41	1,19
18,43	1,19
18,46	1,18
18,48	1,19
18,51	1,18
18,53	1,20
18,55	1,17
18,58	1,19
18,60	1,21
18,63	1,23
18,65	1,22
18,68	1,25
18,70	1,24
18,73	1,28
18,75	1,26
18,77	1,26
18,80	1,25
18,82	1,27
18,85	1,25
18,87	1,28
18,90	1,26
18,92	1,28
18,94	1,27
18,97	1,28
18,99	1,28
19,02	1,29
19,04	1,27
19,07	1,29
19,09	1,27
19,12	1,28
19,14	1,26
19,16	1,27
19,19	1,26
19,21	1,28
19,24	1,26
19,26	1,29
19,29	1,26
19,31	1,27
19,34	1,28
19,36	1,28
19,38	1,27
19,41	1,27
19,43	1,25
19,46	1,29
19,48	1,28
19,51	1,27
19,53	1,27
19,56	1,28
19,58	1,27
19,60	1,29
19,63	1,28
19,65	1,29
19,68	1,28
19,70	1,28
19,73	1,29
19,75	1,29
19,78	1,27
19,80	1,28
19,82	1,28
19,85	1,27
19,87	1,28
19,90	1,26
19,92	1,27
19,95	1,26
19,97	1,25
19,99	1,25
20,02	1,24
20,04	1,23
20,07	1,25
20,09	1,24
20,12	1,24
20,14	1,24
20,17	1,24
20,19	1,24
20,21	1,26
20,24	1,23
20,26	1,24
20,29	1,22
20,31	1,23
20,34	1,24
20,36	1,25
20,39	1,23
20,41	1,26
20,43	1,25
20,46	1,28
20,48	1,27
20,51	1,27
20,53	1,26
20,56	1,27
20,58	1,24
20,61	1,25
20,63	1,23
20,65	1,24
20,68	1,22
20,70	1,22
20,73	1,22
20,75	1,23
20,78	1,21
20,80	1,24
20,83	1,21
20,85	1,23
20,87	1,23
20,90	1,23
20,92	1,22
20,95	1,24
20,97	1,21
21,00	1,24
21,02	1,23
21,05	1,24
21,07	1,26
21,09	1,28
21,12	1,27
21,14	1,29
21,17	1,27
21,19	1,32
21,22	1,31
21,24	1,30
21,26	1,30
21,29	1,29
21,31	1,29
21,34	1,30
21,36	1,28
21,39	1,29
21,41	1,28
21,44	1,29
21,46	1,32
21,48	1,34
21,51	1,35
21,53	1,38
21,56	1,38
21,58	1,39
21,61	1,41
21,63	1,40
21,66	1,41
21,68	1,41
21,70	1,39
21,73	1,41
21,75	1,41
21,78	1,41
21,80	1,45
21,83	1,45
21,85	1,47
21,88	1,48
21,90	1,50
21,92	1,53
21,95	1,56
21,97	1,53
22,00	1,54
22,02	1,52
22,05	1,55
22,07	1,55
22,10	1,55
22,12	1,55
22,14	1,58
22,17	1,58
22,19	1,63
22,22	1,63
22,24	1,65
22,27	1,67
22,29	1,68
22,31	1,67
22,34	1,69
22,36	1,68
22,39	1,70
22,41	1,70
22,44	1,71
22,46	1,72
22,49	1,74
22,51	1,74
22,53	1,78
22,56	1,79
22,58	1,82
22,61	1,81
22,63	1,82
22,66	1,84
22,68	1,86
22,71	1,85
22,73	1,87
22,75	1,85
22,78	1,86
22,80	1,86
22,83	1,87
22,85	1,87
22,88	1,89
22,90	1,89
22,93	1,92
22,95	1,93
22,97	1,94
23,00	1,96
23,02	1,97
23,05	1,97
23,07	1,96
23,10	1,95
23,12	1,96
23,15	1,97
23,17	1,96
23,19	1,96
23,22	1,95
23,24	1,97
23,27	1,99
23,29	2,00
23,32	2,01
23,34	2,02
23,36	2,01
23,39	2,05
23,41	2,04
23,44	2,04
23,46	2,03
23,49	2,02
23,51	2,01
23,54	2,03
23,56	1,99
23,58	2,01
23,61	2,00
23,63	2,01
23,66	2,01
23,68	2,01
23,71	2,00
23,73	2,04
23,76	2,02
23,78	2,03
23,80	2,02
23,83	2,02
23,85	2,01
23,88	2,02
23,90	1,98
23,93	2,01
23,95	1,97
23,98	1,98
24,00	1,96
24,02	1,97
24,05	1,95
24,07	1,96
24,10	1,93
24,12	1,99
24,15	1,96
24,17	1,97
24,20	1,95
24,22	1,94
24,24	1,91
24,27	1,93
24,29	1,88
24,32	1,90
24,34	1,87
24,37	1,87
24,39	1,88
24,42	1,89
24,44	1,86
24,46	1,89
24,49	1,85
24,51	1,87
24,54	1,86
24,56	1,86
24,59	1,84
24,61	1,85
24,63	1,81
24,66	1,83
24,68	1,80
24,71	1,80
24,73	1,79
24,76	1,78
24,78	1,78
24,81	1,78
24,83	1,76
24,85	1,79
24,88	1,78
24,90	1,76
24,93	1,76
24,95	1,73
24,98	1,74
25,00	1,74
25,03	1,72
25,05	1,72
25,07	1,72
25,10	1,71
25,12	1,73
25,15	1,72
25,17	1,72
25,20	1,73
25,22	1,73
25,25	1,72
25,27	1,74
25,29	1,72
25,32	1,74
25,34	1,73
25,37	1,72
25,39	1,72
25,42	1,73
25,44	1,71
25,47	1,73
25,49	1,71
25,51	1,73
25,54	1,71
25,56	1,72
25,59	1,74
25,61	1,75
25,64	1,73
25,66	1,75
25,68	1,71
25,71	1,73
25,73	1,72
25,76	1,72
25,78	1,70
25,81	1,71
25,83	1,70
25,86	1,75
25,88	1,74
25,90	1,75
25,93	1,75
25,95	1,78
25,98	1,79
26,00	1,81
26,03	1,81
26,05	1,84
26,08	1,85
26,10	1,86
26,12	1,87
26,15	1,87
26,17	1,88
26,20	1,91
26,22	1,90
26,25	1,94
26,27	1,94
26,30	1,95
26,32	2,00
26,34	2,03
26,37	2,03
26,39	2,06
26,42	2,04
26,44	2,07
26,47	2,08
26,49	2,08
26,52	2,10
26,54	2,11
26,56	2,14
26,59	2,18
26,61	2,20
26,64	2,22
26,66	2,26
26,69	2,28
26,71	2,32
26,73	2,32
26,76	2,34
26,78	2,36
26,81	2,40
26,83	2,40
26,86	2,43
26,88	2,43
26,91	2,45
26,93	2,48
26,95	2,51
26,98	2,52
27,00	2,56
27,03	2,56
27,05	2,64
27,08	2,65
27,10	2,68
27,13	2,70
27,15	2,70
27,17	2,71
27,20	2,74
27,22	2,73
27,25	2,77
27,27	2,76
27,30	2,79
27,32	2,83
27,35	2,87
27,37	2,88
27,39	2,92
27,42	2,92
27,44	2,98
27,47	2,98
27,49	3,01
27,52	3,01
27,54	3,04
27,57	3,04
27,59	3,07
27,61	3,05
27,64	3,08
27,66	3,07
27,69	3,10
27,71	3,11
27,74	3,13
27,76	3,13
27,78	3,18
27,81	3,17
27,83	3,18
27,86	3,18
27,88	3,18
27,91	3,18
27,93	3,19
27,96	3,17
27,98	3,19
28,00	3,17
28,03	3,18
28,05	3,18
28,08	3,19
28,10	3,18
28,13	3,19
28,15	3,17
28,18	3,20
28,20	3,19
28,22	3,19
28,25	3,18
28,27	3,17
28,30	3,15
28,32	3,16
28,35	3,13
28,37	3,13
28,40	3,13
28,42	3,12
28,44	3,11
28,47	3,11
28,49	3,09
28,52	3,11
28,54	3,10
28,57	3,07
28,59	3,06
28,62	3,04
28,64	3,03
28,66	3,02
28,69	2,99
28,71	2,97
28,74	2,95
28,76	2,93
28,79	2,94
28,81	2,91
28,84	2,90
28,86	2,87
28,88	2,86
28,91	2,85
28,93	2,84
28,96	2,79
28,98	2,78
29,01	2,75
29,03	2,75
29,05	2,73
29,08	2,71
29,10	2,69
29,13	2,69
29,15	2,66
29,18	2,66
29,20	2,63
29,23	2,62
29,25	2,60
29,27	2,59
29,30	2,56
29,32	2,57
29,35	2,54
29,37	2,54
29,40	2,50
29,42	2,50
29,45	2,47
29,47	2,46
29,49	2,42
29,52	2,43
29,54	2,40
29,57	2,40
29,59	2,38
29,62	2,39
29,64	2,39
29,67	2,41
29,69	2,38
29,71	2,38
29,74	2,36
29,76	2,36
29,79	2,36
29,81	2,34
29,84	2,32
29,86	2,32
29,89	2,30
29,91	2,32
29,93	2,31
29,96	2,29
29,98	2,28
30,01	2,28
30,03	2,29
30,06	2,30
30,08	2,28
30,10	2,28
30,13	2,29
30,15	2,28
30,18	2,30
30,20	2,28
30,23	2,28
30,25	2,29
30,28	2,29
30,30	2,29
30,32	2,31
30,35	2,31
30,37	2,33
30,40	2,33
30,42	2,34
30,45	2,36
30,47	2,38
30,50	2,39
30,52	2,43
30,54	2,43
30,57	2,46
30,59	2,47
30,62	2,49
30,64	2,50
30,67	2,52
30,69	2,50
30,72	2,55
30,74	2,54
30,76	2,57
30,79	2,59
30,81	2,61
30,84	2,63
30,86	2,67
30,89	2,67
30,91	2,72
30,94	2,71
30,96	2,75
30,98	2,77
31,01	2,80
31,03	2,82
31,06	2,86
31,08	2,87
31,11	2,94
31,13	2,96
31,15	3,00
31,18	3,04
31,20	3,08
31,23	3,10
31,25	3,16
31,28	3,18
31,30	3,23
31,33	3,26
31,35	3,30
31,37	3,33
31,40	3,38
31,42	3,40
31,45	3,45
31,47	3,47
31,50	3,51
31,52	3,54
31,55	3,58
31,57	3,61
31,59	3,66
31,62	3,69
31,64	3,75
31,67	3,77
31,69	3,82
31,72	3,88
31,74	3,92
31,77	3,95
31,79	4,00
31,81	4,03
31,84	4,07
31,86	4,11
31,89	4,13
31,91	4,18
31,94	4,21
31,96	4,26
31,99	4,31
32,01	4,35
32,03	4,39
32,06	4,43
32,08	4,44
32,11	4,50
32,13	4,52
32,16	4,54
32,18	4,56
32,20	4,59
32,23	4,61
32,25	4,65
32,28	4,65
32,30	4,68
32,33	4,69
32,35	4,72
32,38	4,74
32,40	4,74
32,42	4,73
32,45	4,78
32,47	4,79
32,50	4,82
32,52	4,82
32,55	4,84
32,57	4,85
32,60	4,88
32,62	4,87
32,64	4,88
32,67	4,87
32,69	4,88
32,72	4,88
32,74	4,90
32,77	4,89
32,79	4,90
32,82	4,88
32,84	4,90
32,86	4,87
32,89	4,86
32,91	4,84
32,94	4,83
32,96	4,80
32,99	4,80
33,01	4,76
33,04	4,76
33,06	4,73
33,08	4,71
33,11	4,69
33,13	4,67
33,16	4,64
33,18	4,63
33,21	4,59
33,23	4,57
33,26	4,54
33,28	4,51
33,30	4,50
33,33	4,46
33,35	4,41
33,38	4,39
33,40	4,36
33,43	4,33
33,45	4,32
33,47	4,29
33,50	4,26
33,52	4,24
33,55	4,21
33,57	4,20
33,60	4,17
33,62	4,10
33,65	4,08
33,67	4,03
33,69	3,99
33,72	3,95
33,74	3,90
33,77	3,85
33,79	3,83
33,82	3,78
33,84	3,77
33,87	3,74
33,89	3,71
33,91	3,70
33,94	3,68
33,96	3,64
33,99	3,62
34,01	3,58
34,04	3,57
34,06	3,52
34,09	3,49
34,11	3,45
34,13	3,43
34,16	3,40
34,18	3,41
34,21	3,37
34,23	3,37
34,26	3,33
34,28	3,32
34,31	3,30
34,33	3,29
34,35	3,22
34,38	3,22
34,40	3,16
34,43	3,16
34,45	3,12
34,48	3,11
34,50	3,08
34,52	3,07
34,55	3,04
34,57	3,06
34,60	3,04
34,62	3,05
34,65	3,04
34,67	3,06
34,70	3,05
34,72	3,06
34,74	3,03
34,77	3,03
34,79	3,02
34,82	3,01
34,84	2,99
34,87	2,99
34,89	2,97
34,92	3,02
34,94	3,03
34,96	3,05
34,99	3,06
35,01	3,08
35,04	3,12
35,06	3,15
35,09	3,13
35,11	3,16
35,14	3,15
35,16	3,16
35,18	3,17
35,21	3,16
35,23	3,18
35,26	3,20
35,28	3,22
35,31	3,26
35,33	3,28
35,36	3,30
35,38	3,36
35,40	3,38
35,43	3,42
35,45	3,45
35,48	3,47
35,50	3,50
35,53	3,55
35,55	3,56
35,57	3,60
35,60	3,60
35,62	3,64
35,65	3,70
35,67	3,75
35,70	3,78
35,72	3,83
35,75	3,86
35,77	3,95
35,79	3,99
35,82	4,02
35,84	4,06
35,87	4,11
35,89	4,13
35,92	4,19
35,94	4,21
35,97	4,27
35,99	4,30
36,01	4,35
36,04	4,40
36,06	4,48
36,09	4,53
36,11	4,62
36,14	4,66
36,16	4,74
36,19	4,80
36,21	4,88
36,23	4,92
36,26	4,98
36,28	5,01
36,31	5,09
36,33	5,13
36,36	5,19
36,38	5,26
36,41	5,34
36,43	5,39
36,45	5,48
36,48	5,53
36,50	5,64
36,53	5,69
36,55	5,74
36,58	5,80
36,60	5,85
36,62	5,90
36,65	5,96
36,67	5,98
36,70	6,06
36,72	6,09
36,75	6,15
36,77	6,22
36,80	6,28
36,82	6,33
36,84	6,41
36,87	6,45
36,89	6,51
36,92	6,55
36,94	6,60
36,97	6,63
36,99	6,66
37,02	6,67
37,04	6,71
37,06	6,75
37,09	6,77
37,11	6,82
37,14	6,85
37,16	6,89
37,19	6,91
37,21	6,94
37,24	6,98
37,26	7,00
37,28	6,98
37,31	7,00
37,33	6,98
37,36	7,00
37,38	7,00
37,41	6,99
37,43	6,98
37,46	6,99
37,48	6,97
37,50	7,01
37,53	6,99
37,55	6,99
37,58	6,98
37,60	6,98
37,63	6,96
37,65	6,96
37,68	6,92
37,70	6,91
37,72	6,87
37,75	6,84
37,77	6,79
37,80	6,76
37,82	6,70
37,85	6,68
37,87	6,61
37,89	6,60
37,92	6,54
37,94	6,53
37,97	6,49
37,99	6,46
38,02	6,40
38,04	6,39
38,07	6,31
38,09	6,28
38,11	6,20
38,14	6,16
38,16	6,08
38,19	6,03
38,21	5,96
38,24	5,92
38,26	5,84
38,29	5,79
38,31	5,74
38,33	5,70
38,36	5,65
38,38	5,60
38,41	5,53
38,43	5,49
38,46	5,43
38,48	5,36
38,51	5,31
38,53	5,24
38,55	5,17
38,58	5,13
38,60	5,07
38,63	5,02
38,65	4,97
38,68	4,91
38,70	4,88
38,73	4,84
38,75	4,79
38,77	4,75
38,80	4,68
38,82	4,64
38,85	4,60
38,87	4,55
38,90	4,51
38,92	4,45
38,94	4,40
38,97	4,37
38,99	4,34
39,02	4,29
39,04	4,28
39,07	4,25
39,09	4,24
39,12	4,21
39,14	4,20
39,16	4,18
39,19	4,17
39,21	4,10
39,24	4,10
39,26	4,04
39,29	4,03
39,31	4,00
39,34	3,99
39,36	3,97
39,38	3,97
39,41	3,94
39,43	3,99
39,46	3,96
39,48	3,99
39,51	3,97
39,53	3,96
39,56	3,95
39,58	3,96
39,60	3,92
39,63	3,94
39,65	3,91
39,68	3,93
39,70	3,94
39,73	3,96
39,75	3,96
39,78	4,01
39,80	4,01
39,82	4,05
39,85	4,06
39,87	4,10
39,90	4,11
39,92	4,15
39,95	4,15
39,97	4,20
39,99	4,21
40,02	4,26
40,04	4,29
40,07	4,34
40,09	4,35
40,12	4,41
40,14	4,43
40,17	4,51
40,19	4,54
40,21	4,57
40,24	4,61
40,26	4,64
40,29	4,69
40,31	4,75
40,34	4,77
40,36	4,82
40,39	4,87
40,41	4,92
40,43	5,00
40,46	5,05
40,48	5,10
40,51	5,18
40,53	5,23
40,56	5,30
40,58	5,38
40,61	5,44
40,63	5,52
40,65	5,58
40,68	5,66
40,70	5,73
40,73	5,80
40,75	5,87
40,78	5,95
40,80	5,99
40,83	6,09
40,85	6,15
40,87	6,25
40,90	6,35
40,92	6,43
40,95	6,50
40,97	6,61
41,00	6,66
41,02	6,77
41,05	6,83
41,07	6,90
41,09	6,99
41,12	7,09
41,14	7,16
41,17	7,27
41,19	7,32
41,22	7,43
41,24	7,51
41,26	7,60
41,29	7,68
41,31	7,79
41,34	7,86
41,36	7,97
41,39	8,03
41,41	8,13
41,44	8,21
41,46	8,31
41,48	8,36
41,51	8,45
41,53	8,51
41,56	8,60
41,58	8,67
41,61	8,74
41,63	8,82
41,66	8,90
41,68	8,96
41,70	9,04
41,73	9,07
41,75	9,14
41,78	9,19
41,80	9,23
41,83	9,28
41,85	9,33
41,88	9,37
41,90	9,44
41,92	9,46
41,95	9,50
41,97	9,53
42,00	9,57
42,02	9,61
42,05	9,64
42,07	9,65
42,10	9,67
42,12	9,69
42,14	9,71
42,17	9,72
42,19	9,70
42,22	9,70
42,24	9,69
42,27	9,69
42,29	9,69
42,31	9,68
42,34	9,64
42,36	9,67
42,39	9,64
42,41	9,63
42,44	9,59
42,46	9,55
42,49	9,49
42,51	9,46
42,53	9,41
42,56	9,38
42,58	9,32
42,61	9,29
42,63	9,25
42,66	9,21
42,68	9,15
42,71	9,11
42,73	9,03
42,75	8,99
42,78	8,89
42,80	8,82
42,83	8,73
42,85	8,68
42,88	8,58
42,90	8,54
42,93	8,43
42,95	8,39
42,97	8,30
43,00	8,25
43,02	8,16
43,05	8,09
43,07	7,97
43,10	7,94
43,12	7,83
43,15	7,76
43,17	7,64
43,19	7,57
43,22	7,48
43,24	7,43
43,27	7,32
43,29	7,28
43,32	7,15
43,34	7,10
43,36	7,02
43,39	6,95
43,41	6,84
43,44	6,77
43,46	6,66
43,49	6,62
43,51	6,54
43,54	6,47
43,56	6,39
43,58	6,35
43,61	6,27
43,63	6,23
43,66	6,14
43,68	6,08
43,71	6,01
43,73	5,95
43,76	5,88
43,78	5,82
43,80	5,76
43,83	5,74
43,85	5,67
43,88	5,62
43,90	5,57
43,93	5,52
43,95	5,48
43,98	5,45
44,00	5,39
44,02	5,37
44,05	5,32
44,07	5,30
44,10	5,28
44,12	5,25
44,15	5,23
44,17	5,21
44,20	5,19
44,22	5,18
44,24	5,18
44,27	5,15
44,29	5,16
44,32	5,13
44,34	5,13
44,37	5,14
44,39	5,13
44,41	5,12
44,44	5,14
44,46	5,13
44,49	5,17
44,51	5,18
44,54	5,20
44,56	5,23
44,59	5,26
44,61	5,27
44,63	5,30
44,66	5,31
44,68	5,35
44,71	5,35
44,73	5,38
44,76	5,42
44,78	5,45
44,81	5,48
44,83	5,54
44,85	5,57
44,88	5,64
44,90	5,69
44,93	5,75
44,95	5,80
44,98	5,87
45,00	5,91
45,03	5,99
45,05	6,04
45,07	6,11
45,10	6,18
45,12	6,25
45,15	6,31
45,17	6,39
45,20	6,45
45,22	6,55
45,25	6,63
45,27	6,70
45,29	6,80
45,32	6,88
45,34	6,94
45,37	7,02
45,39	7,08
45,42	7,17
45,44	7,24
45,47	7,31
45,49	7,42
45,51	7,51
45,54	7,62
45,56	7,73
45,59	7,82
45,61	7,94
45,64	8,07
45,66	8,16
45,68	8,28
45,71	8,37
45,73	8,46
45,76	8,55
45,78	8,66
45,81	8,74
45,83	8,88
45,86	8,97
45,88	9,08
45,90	9,20
45,93	9,33
45,95	9,44
45,98	9,58
46,00	9,64
46,03	9,77
46,05	9,87
46,08	9,98
46,10	10,06
46,12	10,18
46,15	10,27
46,17	10,41
46,20	10,51
46,22	10,65
46,25	10,73
46,27	10,86
46,30	10,97
46,32	11,10
46,34	11,18
46,37	11,28
46,39	11,36
46,42	11,48
46,44	11,56
46,47	11,64
46,49	11,71
46,52	11,82
46,54	11,91
46,56	12,03
46,59	12,10
46,61	12,20
46,64	12,27
46,66	12,36
46,69	12,41
46,71	12,48
46,73	12,50
46,76	12,58
46,78	12,60
46,81	12,65
46,83	12,68
46,86	12,72
46,88	12,76
46,91	12,81
46,93	12,82
46,95	12,87
46,98	12,85
47,00	12,88
47,03	12,90
47,05	12,92
47,08	12,92
47,10	12,92
47,13	12,89
47,15	12,92
47,17	12,90
47,20	12,88
47,22	12,86
47,25	12,84
47,27	12,79
47,30	12,79
47,32	12,73
47,35	12,70
47,37	12,64
47,39	12,59
47,42	12,54
47,44	12,50
47,47	12,43
47,49	12,39
47,52	12,31
47,54	12,24
47,57	12,16
47,59	12,06
47,61	11,97
47,64	11,87
47,66	11,77
47,69	11,68
47,71	11,56
47,74	11,45
47,76	11,40
47,78	11,29
47,81	11,20
47,83	11,10
47,86	10,99
47,88	10,90
47,91	10,81
47,93	10,66
47,96	10,57
47,98	10,43
48,00	10,32
48,03	10,21
48,05	10,11
48,08	9,98
48,10	9,90
48,13	9,76
48,15	9,69
48,18	9,57
48,20	9,48
48,22	9,35
48,25	9,25
48,27	9,10
48,30	9,02
48,32	8,86
48,35	8,78
48,37	8,63
48,40	8,55
48,42	8,43
48,44	8,37
48,47	8,25
48,49	8,21
48,52	8,10
48,54	8,04
48,57	7,95
48,59	7,90
48,62	7,80
48,64	7,73
48,66	7,61
48,69	7,56
48,71	7,47
48,74	7,42
48,76	7,35
48,79	7,28
48,81	7,22
48,84	7,20
48,86	7,14
48,88	7,12
48,91	7,05
48,93	7,01
48,96	6,98
48,98	6,95
49,01	6,91
49,03	6,89
49,05	6,84
49,08	6,86
49,10	6,83
49,13	6,83
49,15	6,82
49,18	6,81
49,20	6,81
49,23	6,82
49,25	6,81
49,27	6,83
49,30	6,80
49,32	6,81
49,35	6,83
49,37	6,86
49,40	6,88
49,42	6,90
49,45	6,92
49,47	6,98
49,49	7,02
49,52	7,06
49,54	7,09
49,57	7,12
49,59	7,15
49,62	7,21
49,64	7,23
49,67	7,28
49,69	7,34
49,71	7,40
49,74	7,48
49,76	7,54
49,79	7,62
49,81	7,71
49,84	7,78
49,86	7,83
49,89	7,91
49,91	7,97
49,93	8,07
49,96	8,13
49,98	8,22
50,01	8,30
50,03	8,39
50,06	8,48
50,08	8,60
50,10	8,69
50,13	8,81
50,15	8,91
50,18	9,04
50,20	9,14
50,23	9,25
50,25	9,33
50,28	9,44
50,30	9,53
50,32	9,66
50,35	9,77
50,37	9,91
50,40	10,03
50,42	10,17
50,45	10,30
50,47	10,46
50,50	10,58
50,52	10,72
50,54	10,84
50,57	10,97
50,59	11,08
50,62	11,22
50,64	11,32
50,67	11,45
50,69	11,57
50,72	11,71
50,74	11,87
50,76	12,02
50,79	12,16
50,81	12,33
50,84	12,49
50,86	12,64
50,89	12,77
50,91	12,91
50,94	13,06
50,96	13,20
50,98	13,30
51,01	13,43
51,03	13,55
51,06	13,69
51,08	13,85
51,11	13,99
51,13	14,12
51,15	14,26
51,18	14,40
51,20	14,56
51,23	14,71
51,25	14,80
51,28	14,92
51,30	15,01
51,33	15,14
51,35	15,24
51,37	15,33
51,40	15,42
51,42	15,53
51,45	15,63
51,47	15,77
51,50	15,84
51,52	15,94
51,55	16,03
51,57	16,13
51,59	16,20
51,62	16,30
51,64	16,34
51,67	16,44
51,69	16,48
51,72	16,54
51,74	16,57
51,77	16,63
51,79	16,66
51,81	16,74
51,84	16,75
51,86	16,79
51,89	16,79
51,91	16,83
51,94	16,83
51,96	16,85
51,99	16,81
52,01	16,82
52,03	16,78
52,06	16,79
52,08	16,76
52,11	16,73
52,13	16,67
52,16	16,65
52,18	16,58
52,20	16,56
52,23	16,45
52,25	16,39
52,28	16,33
52,30	16,30
52,33	16,21
52,35	16,17
52,38	16,07
52,40	16,03
52,42	15,95
52,45	15,86
52,47	15,73
52,50	15,63
52,52	15,49
52,55	15,41
52,57	15,27
52,60	15,17
52,62	15,03
52,64	14,92
52,67	14,80
52,69	14,69
52,72	14,54
52,74	14,44
52,77	14,29
52,79	14,17
52,82	14,03
52,84	13,87
52,86	13,72
52,89	13,58
52,91	13,41
52,94	13,27
52,96	13,10
52,99	12,98
53,01	12,87
53,04	12,74
53,06	12,61
53,08	12,49
53,11	12,35
53,13	12,23
53,16	12,08
53,18	11,93
53,21	11,79
53,23	11,64
53,26	11,50
53,28	11,40
53,30	11,28
53,33	11,16
53,35	11,05
53,38	10,93
53,40	10,84
53,43	10,72
53,45	10,60
53,47	10,50
53,50	10,40
53,52	10,27
53,55	10,17
53,57	10,05
53,60	9,99
53,62	9,89
53,65	9,82
53,67	9,73
53,69	9,68
53,72	9,60
53,74	9,59
53,77	9,50
53,79	9,47
53,82	9,40
53,84	9,39
53,87	9,33
53,89	9,31
53,91	9,22
53,94	9,21
53,96	9,16
53,99	9,15
54,01	9,13
54,04	9,13
54,06	9,10
54,09	9,12
54,11	9,11
54,13	9,14
54,16	9,13
54,18	9,13
54,21	9,13
54,23	9,15
54,26	9,16
54,28	9,19
54,31	9,20
54,33	9,24
54,35	9,28
54,38	9,32
54,40	9,37
54,43	9,43
54,45	9,47
54,48	9,54
54,50	9,58
54,52	9,64
54,55	9,73
54,57	9,80
54,60	9,87
54,62	9,94
54,65	10,00
54,67	10,09
54,70	10,19
54,72	10,26
54,74	10,38
54,77	10,45
54,79	10,55
54,82	10,64
54,84	10,76
54,87	10,87
54,89	10,99
54,92	11,07
54,94	11,22
54,96	11,33
54,99	11,48
55,01	11,59
55,04	11,73
55,06	11,85
55,09	11,99
55,11	12,09
55,14	12,26
55,16	12,37
55,18	12,52
55,21	12,64
55,23	12,79
55,26	12,93
55,28	13,10
55,31	13,23
55,33	13,40
55,36	13,56
55,38	13,72
55,40	13,89
55,43	14,04
55,45	14,17
55,48	14,36
55,50	14,50
55,53	14,67
55,55	14,81
55,57	14,97
55,60	15,17
55,62	15,36
55,65	15,50
55,67	15,70
55,70	15,85
55,72	16,05
55,75	16,22
55,77	16,36
55,79	16,51
55,82	16,67
55,84	16,81
55,87	16,99
55,89	17,13
55,92	17,28
55,94	17,48
55,97	17,67
55,99	17,84
56,01	18,03
56,04	18,19
56,06	18,37
56,09	18,54
56,11	18,69
56,14	18,83
56,16	18,97
56,19	19,08
56,21	19,23
56,23	19,36
56,26	19,50
56,28	19,62
56,31	19,77
56,33	19,92
56,36	20,06
56,38	20,17
56,41	20,33
56,43	20,43
56,45	20,52
56,48	20,61
56,50	20,68
56,53	20,76
56,55	20,83
56,58	20,88
56,60	20,95
56,62	21,00
56,65	21,06
56,67	21,17
56,70	21,21
56,72	21,28
56,75	21,31
56,77	21,35
56,80	21,38
56,82	21,41
56,84	21,38
56,87	21,42
56,89	21,39
56,92	21,41
56,94	21,39
56,97	21,39
56,99	21,37
57,02	21,35
57,04	21,27
57,06	21,28
57,09	21,21
57,11	21,18
57,14	21,11
57,16	21,05
57,19	20,96
57,21	20,94
57,24	20,82
57,26	20,77
57,28	20,66
57,31	20,59
57,33	20,50
57,36	20,41
57,38	20,29
57,41	20,22
57,43	20,08
57,46	19,97
57,48	19,83
57,50	19,72
57,53	19,58
57,55	19,46
57,58	19,28
57,60	19,17
57,63	19,01
57,65	18,89
57,68	18,71
57,70	18,55
57,72	18,37
57,75	18,22
57,77	18,03
57,80	17,89
57,82	17,71
57,85	17,56
57,87	17,40
57,89	17,23
57,92	17,06
57,94	16,93
57,97	16,75
57,99	16,60
58,02	16,43
58,04	16,27
58,07	16,15
58,09	15,99
58,11	15,83
58,14	15,70
58,16	15,53
58,19	15,37
58,21	15,22
58,24	15,07
58,26	14,93
58,29	14,79
58,31	14,64
58,33	14,52
58,36	14,39
58,38	14,26
58,41	14,12
58,43	13,98
58,46	13,86
58,48	13,73
58,51	13,60
58,53	13,54
58,55	13,43
58,58	13,31
58,60	13,24
58,63	13,12
58,65	13,06
58,68	12,97
58,70	12,88
58,73	12,82
58,75	12,76
58,77	12,68
58,80	12,67
58,82	12,59
58,85	12,56
58,87	12,51
58,90	12,48
58,92	12,45
58,94	12,46
58,97	12,41
58,99	12,41
59,02	12,40
59,04	12,39
59,07	12,39
59,09	12,39
59,12	12,38
59,14	12,42
59,16	12,43
59,19	12,47
59,21	12,49
59,24	12,54
59,26	12,61
59,29	12,65
59,31	12,68
59,34	12,73
59,36	12,75
59,38	12,82
59,41	12,87
59,43	12,93
59,46	12,99
59,48	13,07
59,51	13,13
59,53	13,26
59,56	13,35
59,58	13,46
59,60	13,54
59,63	13,65
59,65	13,76
59,68	13,89
59,70	13,98
59,73	14,10
59,75	14,22
59,78	14,36
59,80	14,52
59,82	14,63
59,85	14,77
59,87	14,92
59,90	15,07
59,92	15,21
59,95	15,33
59,97	15,43
59,99	15,55
