U1/V	IA/nA
0,02	0,57
0,04	0,55
0,07	0,53
0,09	0,50
0,12	0,47
0,14	0,49
0,17	0,47
0,19	0,46
0,21	0,48
0,24	0,47
0,26	0,48
0,29	0,49
0,31	0,48
0,34	0,50
0,36	0,49
0,39	0,48
0,41	0,48
0,43	0,48
0,46	0,48
0,48	0,51
0,51	0,50
0,53	0,51
0,56	0,52
0,58	0,52
0,61	0,52
0,63	0,53
0,65	0,50
0,68	0,51
0,70	0,50
0,73	0,50
0,75	0,50
0,78	0,50
0,80	0,48
0,83	0,50
0,85	0,48
0,87	0,50
0,90	0,47
0,92	0,48
0,95	0,48
0,97	0,49
1,00	0,48
1,02	0,49
1,05	0,47
1,07	0,51
1,09	0,50
1,12	0,50
1,14	0,49
1,17	0,50
1,19	0,49
1,22	0,53
1,24	0,51
1,26	0,53
1,29	0,52
1,31	0,52
1,34	0,53
1,36	0,53
1,39	0,50
1,41	0,51
1,44	0,49
1,46	0,50
1,48	0,48
1,51	0,47
1,53	0,47
1,56	0,47
1,58	0,47
1,61	0,48
1,63	0,48
1,66	0,49
1,68	0,52
1,70	0,51
1,73	0,52
1,75	0,52
1,78	0,52
1,80	0,51
1,83	0,51
1,85	0,50
1,88	0,50
1,90	0,48
1,92	0,49
1,95	0,51
1,97	0,52
2,00	0,52
2,02	0,51
2,05	0,51
2,07	0,53
2,10	0,52
2,12	0,51
2,14	0,51
2,17	0,50
2,19	0,48
2,22	0,50
2,24	0,47
2,27	0,49
2,29	0,46
2,31	0,47
2,34	0,48
2,36	0,50
2,39	0,48
2,41	0,52
2,44	0,51
2,46	0,52
2,49	0,50
2,51	0,51
2,53	0,50
2,56	0,52
2,58	0,48
2,61	0,50
2,63	0,49
2,66	0,50
2,68	0,51
2,71	0,52
2,73	0,49
2,75	0,50
2,78	0,49
2,80	0,53
2,83	0,51
2,85	0,50
2,88	0,49
2,90	0,49
2,93	0,49
2,95	0,50
2,97	0,47
3,00	0,48
3,02	0,47
3,05	0,47
3,07	0,49
3,10	0,50
3,12	0,49
3,15	0,51
3,17	0,50
3,19	0,50
3,22	0,51
3,24	0,51
3,27	0,50
3,29	0,50
3,32	0,48
3,34	0,50
3,36	0,49
3,39	0,50
3,41	0,52
3,44	0,51
3,46	0,52
3,49	0,52
3,51	0,52
3,54	0,55
3,56	0,54
3,58	0,52
3,61	0,53
3,63	0,51
3,66	0,52
3,68	0,51
3,71	0,50
3,73	0,49
3,76	0,49
3,78	0,48
3,80	0,50
3,83	0,49
3,85	0,51
3,88	0,52
3,90	0,53
3,93	0,52
3,95	0,54
3,98	0,52
4,00	0,53
4,02	0,51
4,05	0,51
4,07	0,50
4,10	0,51
4,12	0,49
4,15	0,53
4,17	0,52
4,20	0,53
4,22	0,51
4,24	0,52
4,27	0,53
4,29	0,54
4,32	0,50
4,34	0,52
4,37	0,49
4,39	0,51
4,42	0,50
4,44	0,49
4,46	0,48
4,49	0,50
4,51	0,48
4,54	0,51
4,56	0,49
4,59	0,50
4,61	0,52
4,63	0,53
4,66	0,53
4,68	0,54
4,71	0,52
4,73	0,53
4,76	0,53
4,78	0,50
4,81	0,50
4,83	0,49
4,85	0,49
4,88	0,51
4,90	0,51
4,93	0,52
4,95	0,52
4,98	0,51
5,00	0,54
5,03	0,53
5,05	0,52
5,07	0,52
5,10	0,51
5,12	0,50
5,15	0,50
5,17	0,48
5,20	0,49
5,22	0,48
5,25	0,48
5,27	0,49
5,29	0,50
5,32	0,49
5,34	0,52
5,37	0,51
5,39	0,52
5,42	0,51
5,44	0,52
5,47	0,51
5,49	0,53
5,51	0,49
5,54	0,51
5,56	0,47
5,59	0,48
5,61	0,48
5,64	0,50
5,66	0,49
5,68	0,51
5,71	0,48
5,73	0,55
5,76	0,54
5,78	0,55
5,81	0,53
5,83	0,52
5,86	0,51
5,88	0,53
5,90	0,48
5,93	0,50
5,95	0,47
5,98	0,47
6,00	0,47
6,03	0,49
6,05	0,48
6,08	0,51
6,10	0,49
6,12	0,52
6,15	0,51
6,17	0,53
6,20	0,52
6,22	0,52
6,25	0,49
6,27	0,51
6,30	0,49
6,32	0,50
6,34	0,50
6,37	0,50
6,39	0,49
6,42	0,49
6,44	0,50
6,47	0,53
6,49	0,52
6,52	0,53
6,54	0,53
6,56	0,51
6,59	0,52
6,61	0,52
6,64	0,50
6,66	0,49
6,69	0,49
6,71	0,48
6,73	0,52
6,76	0,51
6,78	0,50
6,81	0,52
6,83	0,53
6,86	0,53
6,88	0,54
6,91	0,53
6,93	0,54
6,95	0,54
6,98	0,52
7,00	0,52
7,03	0,53
7,05	0,52
7,08	0,54
7,10	0,52
7,13	0,53
7,15	0,51
7,17	0,51
7,20	0,54
7,22	0,56
7,25	0,55
7,27	0,56
7,30	0,53
7,32	0,56
7,35	0,55
7,37	0,53
7,39	0,52
7,42	0,52
7,44	0,51
7,47	0,54
7,49	0,53
7,52	0,54
7,54	0,54
7,57	0,54
7,59	0,54
7,61	0,55
7,64	0,53
7,66	0,54
7,69	0,54
7,71	0,54
7,74	0,54
7,76	0,53
7,78	0,52
7,81	0,54
7,83	0,54
7,86	0,56
7,88	0,56
7,91	0,56
7,93	0,59
7,96	0,60
7,98	0,58
8,00	0,58
8,03	0,56
8,05	0,55
8,08	0,54
8,10	0,52
8,13	0,52
8,15	0,52
8,18	0,52
8,20	0,54
8,22	0,54
8,25	0,54
8,27	0,55
8,30	0,56
8,32	0,57
8,35	0,58
8,37	0,58
8,40	0,58
8,42	0,59
8,44	0,59
8,47	0,60
8,49	0,58
8,52	0,58
8,54	0,57
8,57	0,58
8,59	0,58
8,62	0,58
8,64	0,56
8,66	0,61
8,69	0,60
8,71	0,62
8,74	0,62
8,76	0,61
8,79	0,60
8,81	0,61
8,84	0,57
8,86	0,60
8,88	0,58
8,91	0,59
8,93	0,59
8,96	0,60
8,98	0,59
9,01	0,61
9,03	0,59
9,05	0,61
9,08	0,60
9,10	0,61
9,13	0,61
9,15	0,63
9,18	0,61
9,20	0,64
9,23	0,61
9,25	0,63
9,27	0,63
9,30	0,64
9,32	0,63
9,35	0,65
9,37	0,63
9,40	0,69
9,42	0,67
9,45	0,68
9,47	0,67
9,49	0,67
9,52	0,66
9,54	0,67
9,57	0,64
9,59	0,66
9,62	0,64
9,64	0,64
9,67	0,66
9,69	0,67
9,71	0,66
9,74	0,67
9,76	0,66
9,79	0,68
9,81	0,69
9,84	0,68
9,86	0,69
9,89	0,68
9,91	0,68
9,93	0,70
9,96	0,69
9,98	0,69
10,01	0,70
10,03	0,69
10,06	0,70
10,08	0,70
10,10	0,71
10,13	0,74
10,15	0,74
10,18	0,72
10,20	0,73
10,23	0,72
10,25	0,73
10,28	0,72
10,30	0,72
10,32	0,72
10,35	0,71
10,37	0,70
10,40	0,73
10,42	0,71
10,45	0,72
10,47	0,70
10,50	0,71
10,52	0,72
10,54	0,74
10,57	0,72
10,59	0,74
10,62	0,73
10,64	0,75
10,67	0,76
10,69	0,76
10,72	0,75
10,74	0,75
10,76	0,74
10,79	0,77
10,81	0,75
10,84	0,76
10,86	0,76
10,89	0,78
10,91	0,77
10,94	0,78
10,96	0,77
10,98	0,78
11,01	0,77
11,03	0,78
11,06	0,78
11,08	0,78
11,11	0,77
11,13	0,79
11,15	0,78
11,18	0,79
11,20	0,79
11,23	0,80
11,25	0,82
11,28	0,83
11,30	0,81
11,33	0,82
11,35	0,82
11,37	0,82
11,40	0,84
11,42	0,82
11,45	0,82
11,47	0,82
11,50	0,83
11,52	0,84
11,55	0,84
11,57	0,83
11,59	0,86
11,62	0,84
11,64	0,85
11,67	0,85
11,69	0,84
11,72	0,84
11,74	0,86
11,77	0,85
11,79	0,87
11,81	0,84
11,84	0,85
11,86	0,87
11,89	0,87
11,91	0,87
11,94	0,89
11,96	0,87
11,99	0,91
12,01	0,89
12,03	0,88
12,06	0,88
12,08	0,89
12,11	0,89
12,13	0,93
12,16	0,92
12,18	0,94
12,21	0,94
12,23	0,96
12,25	0,96
12,28	0,97
12,30	0,94
12,33	0,96
12,35	0,94
12,38	0,95
12,40	0,94
12,42	0,95
12,45	0,95
12,47	0,97
12,50	0,95
12,52	0,98
12,55	0,96
12,57	0,97
12,60	0,97
12,62	0,98
12,64	0,98
12,67	1,00
12,69	0,98
12,72	1,02
12,74	1,02
12,77	1,03
12,79	1,03
12,82	1,04
12,84	1,04
12,86	1,07
12,89	1,07
12,91	1,09
12,94	1,08
12,96	1,08
12,99	1,09
13,01	1,10
13,04	1,09
13,06	1,09
13,08	1,09
13,11	1,08
13,13	1,09
13,16	1,08
13,18	1,09
13,21	1,09
13,23	1,10
13,26	1,11
13,28	1,10
13,30	1,10
13,33	1,13
13,35	1,12
13,38	1,13
13,40	1,12
13,43	1,13
13,45	1,15
13,47	1,17
13,50	1,15
13,52	1,16
13,55	1,15
13,57	1,16
13,60	1,17
13,62	1,19
13,65	1,19
13,67	1,20
13,69	1,20
13,72	1,22
13,74	1,21
13,77	1,21
13,79	1,20
13,82	1,20
13,84	1,18
13,87	1,21
13,89	1,19
13,91	1,20
13,94	1,19
13,96	1,20
13,99	1,20
14,01	1,21
14,04	1,18
14,06	1,22
14,09	1,20
14,11	1,22
14,13	1,22
14,16	1,22
14,18	1,23
14,21	1,25
14,23	1,22
14,26	1,23
14,28	1,22
14,31	1,23
14,33	1,25
14,35	1,25
14,38	1,24
14,40	1,25
14,43	1,25
14,45	1,29
14,48	1,28
14,50	1,26
14,52	1,26
14,55	1,25
14,57	1,25
14,60	1,25
14,62	1,23
14,65	1,24
14,67	1,23
14,70	1,24
14,72	1,26
14,74	1,25
14,77	1,24
14,79	1,27
14,82	1,26
14,84	1,28
14,87	1,29
14,89	1,29
14,92	1,31
14,94	1,30
14,96	1,29
14,99	1,29
15,01	1,29
15,04	1,28
15,06	1,31
15,09	1,30
15,11	1,32
15,14	1,32
15,16	1,33
15,18	1,34
15,21	1,36
15,23	1,32
15,26	1,33
15,28	1,31
15,31	1,32
15,33	1,31
15,36	1,32
15,38	1,31
15,40	1,32
15,43	1,31
15,45	1,34
15,48	1,34
15,50	1,35
15,53	1,35
15,55	1,37
15,57	1,37
15,60	1,39
15,62	1,37
15,65	1,38
15,67	1,38
15,70	1,37
15,72	1,35
15,75	1,37
15,77	1,35
15,79	1,40
15,82	1,38
15,84	1,39
15,87	1,39
15,89	1,40
15,92	1,41
15,94	1,42
15,97	1,40
15,99	1,42
16,01	1,41
16,04	1,42
16,06	1,42
16,09	1,42
16,11	1,42
16,14	1,42
16,16	1,42
16,19	1,44
16,21	1,44
16,23	1,46
16,26	1,48
16,28	1,49
16,31	1,49
16,33	1,50
16,36	1,50
16,38	1,51
16,41	1,52
16,43	1,50
16,45	1,52
16,48	1,51
16,50	1,51
16,53	1,54
16,55	1,55
16,58	1,57
16,60	1,58
16,63	1,58
16,65	1,62
16,67	1,63
16,70	1,61
16,72	1,62
16,75	1,61
16,77	1,60
16,80	1,62
16,82	1,60
16,84	1,62
16,87	1,62
16,89	1,64
16,92	1,65
16,94	1,67
16,97	1,67
16,99	1,72
17,02	1,72
17,04	1,75
17,06	1,74
17,09	1,77
17,11	1,76
17,14	1,78
17,16	1,76
17,19	1,79
17,21	1,77
17,24	1,80
17,26	1,81
17,28	1,84
17,31	1,84
17,33	1,87
17,36	1,86
17,38	1,91
17,41	1,90
17,43	1,90
17,46	1,91
17,48	1,91
17,50	1,90
17,53	1,92
17,55	1,91
17,58	1,94
17,60	1,93
17,63	1,95
17,65	1,98
17,68	2,00
17,70	2,01
17,72	2,04
17,75	2,05
17,77	2,06
17,80	2,08
17,82	2,09
17,85	2,10
17,87	2,11
17,89	2,09
17,92	2,11
17,94	2,11
17,97	2,11
17,99	2,13
18,02	2,13
18,04	2,14
18,07	2,14
18,09	2,15
18,11	2,18
18,14	2,19
18,16	2,17
18,19	2,18
18,21	2,16
18,24	2,17
18,26	2,17
18,29	2,16
18,31	2,16
18,33	2,17
18,36	2,16
18,38	2,20
18,41	2,21
18,43	2,22
18,46	2,24
18,48	2,25
18,51	2,24
18,53	2,27
18,55	2,26
18,58	2,28
18,60	2,26
18,63	2,25
18,65	2,25
18,68	2,26
18,70	2,24
18,73	2,26
18,75	2,25
18,77	2,27
18,80	2,26
18,82	2,27
18,85	2,28
18,87	2,30
18,90	2,28
18,92	2,29
18,94	2,26
18,97	2,27
18,99	2,26
19,02	2,25
19,04	2,24
19,07	2,24
19,09	2,22
19,12	2,26
19,14	2,24
19,16	2,25
19,19	2,27
19,21	2,29
19,24	2,29
19,26	2,30
19,29	2,28
19,31	2,29
19,34	2,28
19,36	2,26
19,38	2,25
19,41	2,22
19,43	2,21
19,46	2,22
19,48	2,22
19,51	2,23
19,53	2,23
19,56	2,22
19,58	2,26
19,60	2,25
19,63	2,25
19,65	2,25
19,68	2,22
19,70	2,21
19,73	2,22
19,75	2,20
19,78	2,20
19,80	2,18
19,82	2,18
19,85	2,19
19,87	2,19
19,90	2,17
19,92	2,20
19,95	2,19
19,97	2,20
19,99	2,18
20,02	2,19
20,04	2,19
20,07	2,21
20,09	2,19
20,12	2,21
20,14	2,18
20,17	2,19
20,19	2,18
20,21	2,20
20,24	2,19
20,26	2,19
20,29	2,17
20,31	2,23
20,34	2,21
20,36	2,22
20,39	2,21
20,41	2,20
20,43	2,20
20,46	2,22
20,48	2,18
20,51	2,21
20,53	2,20
20,56	2,21
20,58	2,23
20,61	2,25
20,63	2,24
20,65	2,26
20,68	2,25
20,70	2,27
20,73	2,27
20,75	2,28
20,78	2,27
20,80	2,31
20,83	2,30
20,85	2,32
20,87	2,31
20,90	2,33
20,92	2,34
20,95	2,36
20,97	2,35
21,00	2,37
21,02	2,37
21,05	2,43
21,07	2,43
21,09	2,45
21,12	2,46
21,14	2,45
21,17	2,47
21,19	2,50
21,22	2,49
21,24	2,49
21,26	2,49
21,29	2,50
21,31	2,56
21,34	2,58
21,36	2,60
21,39	2,62
21,41	2,65
21,44	2,69
21,46	2,71
21,48	2,72
21,51	2,74
21,53	2,74
21,56	2,78
21,58	2,79
21,61	2,80
21,63	2,82
21,66	2,85
21,68	2,86
21,70	2,90
21,73	2,91
21,75	2,95
21,78	3,00
21,80	3,03
21,83	3,03
21,85	3,07
21,88	3,06
21,90	3,10
21,92	3,11
21,95	3,12
21,97	3,14
22,00	3,17
22,02	3,19
22,05	3,25
22,07	3,25
22,10	3,28
22,12	3,30
22,14	3,33
22,17	3,36
22,19	3,40
22,22	3,39
22,24	3,44
22,27	3,46
22,29	3,48
22,31	3,50
22,34	3,51
22,36	3,51
22,39	3,55
22,41	3,55
22,44	3,59
22,46	3,60
22,49	3,62
22,51	3,68
22,53	3,70
22,56	3,72
22,58	3,75
22,61	3,76
22,63	3,77
22,66	3,78
22,68	3,77
22,71	3,78
22,73	3,78
22,75	3,79
22,78	3,79
22,80	3,80
22,83	3,81
22,85	3,83
22,88	3,85
22,90	3,87
22,93	3,88
22,95	3,88
22,97	3,89
23,00	3,90
23,02	3,89
23,05	3,90
23,07	3,87
23,10	3,88
23,12	3,88
23,15	3,89
23,17	3,89
23,19	3,90
23,22	3,88
23,24	3,91
23,27	3,90
23,29	3,90
23,32	3,90
23,34	3,90
23,36	3,88
23,39	3,88
23,41	3,85
23,44	3,87
23,46	3,85
23,49	3,85
23,51	3,84
23,54	3,84
23,56	3,81
23,58	3,83
23,61	3,79
23,63	3,82
23,66	3,79
23,68	3,78
23,71	3,76
23,73	3,76
23,76	3,73
23,78	3,75
23,80	3,71
23,83	3,71
23,85	3,69
23,88	3,69
23,90	3,66
23,93	3,67
23,95	3,63
23,98	3,65
24,00	3,62
24,02	3,62
24,05	3,59
24,07	3,59
24,10	3,58
24,12	3,58
24,15	3,56
24,17	3,56
24,20	3,52
24,22	3,52
24,24	3,51
24,27	3,50
24,29	3,49
24,32	3,48
24,34	3,46
24,37	3,47
24,39	3,46
24,42	3,45
24,44	3,44
24,46	3,42
24,49	3,41
24,51	3,42
24,54	3,40
24,56	3,39
24,59	3,39
24,61	3,39
24,63	3,40
24,66	3,38
24,68	3,38
24,71	3,38
24,73	3,37
24,76	3,35
24,78	3,35
24,81	3,32
24,83	3,34
24,85	3,32
24,88	3,33
24,90	3,33
24,93	3,33
24,95	3,32
24,98	3,35
25,00	3,35
25,03	3,36
25,05	3,34
25,07	3,35
25,10	3,36
25,12	3,37
25,15	3,35
25,17	3,38
25,20	3,37
25,22	3,40
25,25	3,42
25,27	3,45
25,29	3,45
25,32	3,47
25,34	3,47
25,37	3,51
25,39	3,50
25,42	3,50
25,44	3,51
25,47	3,53
25,49	3,52
25,51	3,55
25,54	3,54
25,56	3,58
25,59	3,59
25,61	3,62
25,64	3,64
25,66	3,66
25,68	3,67
25,71	3,73
25,73	3,74
25,76	3,78
25,78	3,79
25,81	3,83
25,83	3,86
25,86	3,89
25,88	3,89
25,90	3,93
25,93	3,96
25,95	3,99
25,98	4,04
26,00	4,08
26,03	4,11
26,05	4,16
26,08	4,20
26,10	4,24
26,12	4,28
26,15	4,29
26,17	4,34
26,20	4,36
26,22	4,41
26,25	4,44
26,27	4,48
26,30	4,51
26,32	4,56
26,34	4,58
26,37	4,66
26,39	4,68
26,42	4,73
26,44	4,78
26,47	4,83
26,49	4,86
26,52	4,92
26,54	4,94
26,56	5,01
26,59	5,05
26,61	5,09
26,64	5,13
26,66	5,20
26,69	5,24
26,71	5,32
26,73	5,35
26,76	5,41
26,78	5,46
26,81	5,51
26,83	5,54
26,86	5,60
26,88	5,61
26,91	5,67
26,93	5,70
26,95	5,74
26,98	5,77
27,00	5,83
27,03	5,86
27,05	5,91
27,08	5,94
27,10	5,99
27,13	6,00
27,15	6,06
27,17	6,10
27,20	6,14
27,22	6,17
27,25	6,20
27,27	6,22
27,30	6,28
27,32	6,30
27,35	6,32
27,37	6,34
27,39	6,37
27,42	6,39
27,44	6,43
27,47	6,45
27,49	6,48
27,52	6,50
27,54	6,51
27,57	6,53
27,59	6,55
27,61	6,54
27,64	6,56
27,66	6,55
27,69	6,54
27,71	6,56
27,74	6,55
27,76	6,56
27,78	6,56
27,81	6,55
27,83	6,55
27,86	6,53
27,88	6,52
27,91	6,54
27,93	6,52
27,96	6,52
27,98	6,50
28,00	6,49
28,03	6,48
28,05	6,48
28,08	6,42
28,10	6,41
28,13	6,37
28,15	6,34
28,18	6,34
28,20	6,32
28,22	6,29
28,25	6,29
28,27	6,25
28,30	6,26
28,32	6,22
28,35	6,18
28,37	6,15
28,40	6,13
28,42	6,08
28,44	6,06
28,47	6,00
28,49	5,99
28,52	5,93
28,54	5,91
28,57	5,87
28,59	5,85
28,62	5,80
28,64	5,80
28,66	5,75
28,69	5,74
28,71	5,70
28,74	5,69
28,76	5,63
28,79	5,61
28,81	5,55
28,84	5,54
28,86	5,50
28,88	5,47
28,91	5,45
28,93	5,43
28,96	5,39
28,98	5,37
29,01	5,34
29,03	5,33
29,05	5,30
29,08	5,26
29,10	5,23
29,13	5,21
29,15	5,18
29,18	5,17
29,20	5,14
29,23	5,11
29,25	5,09
29,27	5,07
29,30	5,08
29,32	5,06
29,35	5,03
29,37	5,03
29,40	5,03
29,42	5,02
29,45	5,02
29,47	5,01
29,49	5,01
29,52	4,99
29,54	4,98
29,57	4,97
29,59	4,97
29,62	4,96
29,64	4,98
29,67	4,97
29,69	4,98
29,71	4,98
29,74	5,00
29,76	5,02
29,79	5,04
29,81	5,02
29,84	5,05
29,86	5,04
29,89	5,06
29,91	5,07
29,93	5,09
29,96	5,09
29,98	5,11
30,01	5,10
30,03	5,15
30,06	5,15
30,08	5,18
30,10	5,21
30,13	5,25
30,15	5,27
30,18	5,32
30,20	5,36
30,23	5,41
30,25	5,44
30,28	5,47
30,30	5,50
30,32	5,54
30,35	5,56
30,37	5,63
30,40	5,65
30,42	5,70
30,45	5,72
30,47	5,78
30,50	5,84
30,52	5,90
30,54	5,92
30,57	5,98
30,59	6,01
30,62	6,07
30,64	6,11
30,67	6,15
30,69	6,19
30,72	6,24
30,74	6,29
30,76	6,36
30,79	6,41
30,81	6,48
30,84	6,57
30,86	6,65
30,89	6,73
30,91	6,80
30,94	6,87
30,96	6,94
30,98	7,02
31,01	7,05
31,03	7,12
31,06	7,17
31,08	7,24
31,11	7,32
31,13	7,41
31,15	7,47
31,18	7,57
31,20	7,64
31,23	7,75
31,25	7,82
31,28	7,89
31,30	7,96
31,33	8,03
31,35	8,09
31,37	8,17
31,40	8,22
31,42	8,31
31,45	8,36
31,47	8,44
31,50	8,53
31,52	8,61
31,55	8,68
31,57	8,81
31,59	8,88
31,62	8,97
31,64	9,05
31,67	9,14
31,69	9,22
31,72	9,30
31,74	9,33
31,77	9,42
31,79	9,47
31,81	9,53
31,84	9,59
31,86	9,66
31,89	9,72
31,91	9,80
31,94	9,85
31,96	9,95
31,99	10,00
32,01	10,05
32,03	10,10
32,06	10,12
32,08	10,15
32,11	10,21
32,13	10,21
32,16	10,25
32,18	10,27
32,20	10,30
32,23	10,34
32,25	10,38
32,28	10,39
32,30	10,45
32,33	10,46
32,35	10,49
32,38	10,51
32,40	10,52
32,42	10,54
32,45	10,55
32,47	10,52
32,50	10,52
32,52	10,51
32,55	10,50
32,57	10,49
32,60	10,46
32,62	10,46
32,64	10,44
32,67	10,43
32,69	10,43
32,72	10,40
32,74	10,37
32,77	10,35
32,79	10,30
32,82	10,27
32,84	10,23
32,86	10,18
32,89	10,14
32,91	10,09
32,94	10,03
32,96	10,02
32,99	9,96
33,01	9,91
33,04	9,87
33,06	9,82
33,08	9,75
33,11	9,72
33,13	9,65
33,16	9,61
33,18	9,54
33,21	9,48
33,23	9,42
33,26	9,38
33,28	9,30
33,30	9,26
33,33	9,16
33,35	9,12
33,38	9,04
33,40	8,99
33,43	8,94
33,45	8,89
33,47	8,81
33,50	8,79
33,52	8,70
33,55	8,66
33,57	8,59
33,60	8,53
33,62	8,46
33,65	8,41
33,67	8,32
33,69	8,30
33,72	8,23
33,74	8,18
33,77	8,14
33,79	8,11
33,82	8,07
33,84	8,04
33,87	7,97
33,89	7,97
33,91	7,92
33,94	7,87
33,96	7,83
33,99	7,77
34,01	7,72
34,04	7,70
34,06	7,65
34,09	7,63
34,11	7,61
34,13	7,58
34,16	7,60
34,18	7,58
34,21	7,56
34,23	7,55
34,26	7,51
34,28	7,49
34,31	7,48
34,33	7,45
34,35	7,45
34,38	7,44
34,40	7,44
34,43	7,46
34,45	7,47
34,48	7,47
34,50	7,51
34,52	7,51
34,55	7,54
34,57	7,56
34,60	7,58
34,62	7,59
34,65	7,62
34,67	7,61
34,70	7,66
34,72	7,66
34,74	7,71
34,77	7,73
34,79	7,78
34,82	7,82
34,84	7,88
34,87	7,89
34,89	7,99
34,92	8,01
34,94	8,07
34,96	8,11
34,99	8,14
35,01	8,19
35,04	8,27
35,06	8,30
35,09	8,38
35,11	8,42
35,14	8,49
35,16	8,58
35,18	8,65
35,21	8,69
35,23	8,77
35,26	8,82
35,28	8,91
35,31	8,98
35,33	9,05
35,36	9,13
35,38	9,23
35,40	9,30
35,43	9,41
35,45	9,47
35,48	9,57
35,50	9,67
35,53	9,77
35,55	9,85
35,57	9,95
35,60	10,03
35,62	10,17
35,65	10,25
35,67	10,34
35,70	10,42
35,72	10,49
35,75	10,60
35,77	10,71
35,79	10,80
35,82	10,91
35,84	11,00
35,87	11,11
35,89	11,25
35,92	11,36
35,94	11,46
35,97	11,56
35,99	11,67
36,01	11,78
36,04	11,90
36,06	12,02
36,09	12,14
36,11	12,24
36,14	12,39
36,16	12,50
36,19	12,63
36,21	12,73
36,23	12,85
36,26	12,95
36,28	13,08
36,31	13,17
36,33	13,28
36,36	13,41
36,38	13,53
36,41	13,64
36,43	13,77
36,45	13,86
36,48	13,98
36,50	14,09
36,53	14,20
36,55	14,30
36,58	14,40
36,60	14,49
36,62	14,60
36,65	14,68
36,67	14,78
36,70	14,85
36,72	14,94
36,75	15,02
36,77	15,12
36,80	15,20
36,82	15,30
36,84	15,37
36,87	15,45
36,89	15,53
36,92	15,59
36,94	15,63
36,97	15,68
36,99	15,71
37,02	15,77
37,04	15,80
37,06	15,83
37,09	15,88
37,11	15,93
37,14	15,94
37,16	15,98
37,19	15,98
37,21	16,01
37,24	16,01
37,26	15,99
37,28	15,99
37,31	15,98
37,33	15,97
37,36	15,97
37,38	15,94
37,41	15,93
37,43	15,91
37,46	15,90
37,48	15,88
37,50	15,85
37,53	15,81
37,55	15,78
37,58	15,74
37,60	15,69
37,63	15,65
37,65	15,58
37,68	15,52
37,70	15,46
37,72	15,40
37,75	15,34
37,77	15,27
37,80	15,18
37,82	15,12
37,85	15,03
37,87	14,94
37,89	14,85
37,92	14,73
37,94	14,62
37,97	14,53
37,99	14,43
38,02	14,36
38,04	14,25
38,07	14,18
38,09	14,09
38,11	14,00
38,14	13,90
38,16	13,80
38,19	13,67
38,21	13,59
38,24	13,46
38,26	13,35
38,29	13,25
38,31	13,15
38,33	13,04
38,36	12,98
38,38	12,85
38,41	12,77
38,43	12,67
38,46	12,59
38,48	12,50
38,51	12,42
38,53	12,30
38,55	12,25
38,58	12,14
38,60	12,07
38,63	11,97
38,65	11,88
38,68	11,79
38,70	11,73
38,73	11,65
38,75	11,60
38,77	11,51
38,80	11,47
38,82	11,43
38,85	11,39
38,87	11,33
38,90	11,30
38,92	11,24
38,94	11,23
38,97	11,18
38,99	11,14
39,02	11,11
39,04	11,08
39,07	11,04
39,09	11,06
39,12	11,04
39,14	11,04
39,16	11,02
39,19	11,01
39,21	11,01
39,24	11,01
39,26	11,00
39,29	11,01
39,31	11,02
39,34	11,03
39,36	11,06
39,38	11,07
39,41	11,10
39,43	11,11
39,46	11,14
39,48	11,17
39,51	11,20
39,53	11,23
39,56	11,30
39,58	11,34
39,60	11,41
39,63	11,46
39,65	11,53
39,68	11,61
39,70	11,69
39,73	11,73
39,75	11,81
39,78	11,86
39,80	11,94
39,82	12,03
39,85	12,12
39,87	12,19
39,90	12,30
39,92	12,39
39,95	12,51
39,97	12,60
39,99	12,69
40,02	12,78
40,04	12,88
40,07	12,96
40,09	13,06
40,12	13,13
40,14	13,23
40,17	13,32
40,19	13,43
40,21	13,54
40,24	13,65
40,26	13,76
40,29	13,93
40,31	14,05
40,34	14,19
40,36	14,31
40,39	14,46
40,41	14,60
40,43	14,74
40,46	14,84
40,48	14,97
40,51	15,09
40,53	15,23
40,56	15,37
40,58	15,49
40,61	15,64
40,63	15,79
40,65	15,93
40,68	16,10
40,70	16,27
40,73	16,42
40,75	16,60
40,78	16,74
40,80	16,89
40,83	17,04
40,85	17,17
40,87	17,29
40,90	17,44
40,92	17,57
40,95	17,76
40,97	17,90
41,00	18,08
41,02	18,26
41,05	18,44
41,07	18,58
41,09	18,76
41,12	18,88
41,14	19,05
41,17	19,17
41,19	19,31
41,22	19,44
41,24	19,60
41,26	19,71
41,29	19,89
41,31	20,01
41,34	20,18
41,36	20,33
41,39	20,49
41,41	20,61
41,44	20,78
41,46	20,89
41,48	21,05
41,51	21,14
41,53	21,25
41,56	21,35
41,58	21,48
41,61	21,57
41,63	21,68
41,66	21,77
41,68	21,89
41,70	21,96
41,73	22,06
41,75	22,16
41,78	22,25
41,80	22,32
41,83	22,41
41,85	22,45
41,88	22,53
41,90	22,59
41,92	22,63
41,95	22,68
41,97	22,72
42,00	22,75
42,02	22,83
42,05	22,84
42,07	22,88
42,10	22,90
42,12	22,92
42,14	22,94
42,17	22,97
42,19	22,94
42,22	22,97
42,24	22,94
42,27	22,92
42,29	22,90
42,31	22,85
42,34	22,82
42,36	22,78
42,39	22,71
42,41	22,67
42,44	22,60
42,46	22,55
42,49	22,50
42,51	22,43
42,53	22,36
42,56	22,30
42,58	22,23
42,61	22,18
42,63	22,09
42,66	22,00
42,68	21,91
42,71	21,81
42,73	21,70
42,75	21,62
42,78	21,51
42,80	21,38
42,83	21,25
42,85	21,11
42,88	21,02
42,90	20,89
42,93	20,75
42,95	20,64
42,97	20,51
43,00	20,39
43,02	20,28
43,05	20,12
43,07	20,01
43,10	19,84
43,12	19,69
43,15	19,54
43,17	19,38
43,19	19,23
43,22	19,13
43,24	18,98
43,27	18,88
43,29	18,75
43,32	18,64
43,34	18,52
43,36	18,42
43,39	18,25
43,41	18,14
43,44	17,97
43,46	17,85
43,49	17,74
43,51	17,63
43,54	17,49
43,56	17,40
43,58	17,28
43,61	17,24
43,63	17,13
43,66	17,04
43,68	16,96
43,71	16,87
43,73	16,78
43,76	16,71
43,78	16,61
43,80	16,56
43,83	16,48
43,85	16,42
43,88	16,38
43,90	16,34
43,93	16,28
43,95	16,27
43,98	16,23
44,00	16,21
44,02	16,20
44,05	16,18
44,07	16,17
44,10	16,16
44,12	16,15
44,15	16,16
44,17	16,18
44,20	16,19
44,22	16,24
44,24	16,25
44,27	16,29
44,29	16,32
44,32	16,35
44,34	16,39
44,37	16,43
44,39	16,45
44,41	16,52
44,44	16,54
44,46	16,61
44,49	16,68
44,51	16,74
44,54	16,81
44,56	16,91
44,59	16,98
44,61	17,09
44,63	17,16
44,66	17,25
44,68	17,35
44,71	17,46
44,73	17,55
44,76	17,67
44,78	17,77
44,81	17,91
44,83	18,03
44,85	18,17
44,88	18,31
44,90	18,45
44,93	18,56
44,95	18,73
44,98	18,84
45,00	18,99
45,03	19,09
45,05	19,22
45,07	19,37
45,10	19,54
45,12	19,68
45,15	19,87
45,17	20,01
45,20	20,19
45,22	20,36
45,25	20,54
45,27	20,70
45,29	20,88
45,32	21,03
45,34	21,21
45,37	21,37
45,39	21,54
45,42	21,71
45,44	21,88
45,47	22,04
45,49	22,23
45,51	22,41
45,54	22,62
45,56	22,82
45,59	23,00
45,61	23,19
45,64	23,40
45,66	23,57
45,68	23,76
45,71	23,93
45,73	24,12
45,76	24,32
45,78	24,48
45,81	24,67
45,83	24,86
45,86	25,04
45,88	25,24
45,90	25,44
45,93	25,62
45,95	25,85
45,98	26,05
46,00	26,24
46,03	26,41
46,05	26,59
46,08	26,75
46,10	26,93
46,12	27,08
46,15	27,30
46,17	27,48
46,20	27,69
46,22	27,86
46,25	28,06
46,27	28,23
46,30	28,44
46,32	28,57
46,34	28,78
46,37	28,90
46,39	29,08
46,42	29,21
46,44	29,36
46,47	29,47
46,49	29,60
46,52	29,70
46,54	29,89
46,56	30,01
46,59	30,15
46,61	30,27
46,64	30,40
46,66	30,52
46,69	30,66
46,71	30,71
46,73	30,82
46,76	30,91
46,78	31,00
46,81	31,10
46,83	31,18
46,86	31,23
46,88	31,34
46,91	31,38
46,93	31,44
46,95	31,47
46,98	31,51
47,00	31,57
47,03	31,62
47,05	31,62
47,08	31,68
47,10	31,69
47,13	31,73
47,15	31,75
47,17	31,75
47,20	31,75
47,22	31,76
47,25	31,73
47,27	31,76
47,30	31,72
47,32	31,68
47,35	31,64
47,37	31,57
47,39	31,51
47,42	31,48
47,44	31,41
47,47	31,39
47,49	31,33
47,52	31,27
47,54	31,23
47,57	31,16
47,59	31,06
47,61	30,99
47,64	30,88
47,66	30,77
47,69	30,64
47,71	30,50
47,74	30,35
47,76	30,22
47,78	30,09
47,81	29,97
47,83	29,84
47,86	29,68
47,88	29,57
47,91	29,44
47,93	29,29
47,96	29,11
47,98	28,92
48,00	28,78
48,03	28,62
48,05	28,43
48,08	28,25
48,10	28,07
48,13	27,91
48,15	27,74
48,18	27,56
48,20	27,38
48,22	27,20
48,25	27,02
48,27	26,87
48,30	26,68
48,32	26,52
48,35	26,34
48,37	26,17
48,40	25,99
48,42	25,85
48,44	25,67
48,47	25,53
48,49	25,37
48,52	25,23
48,54	25,11
48,57	25,00
48,59	24,86
48,62	24,74
48,64	24,60
48,66	24,50
48,69	24,37
48,71	24,26
48,74	24,18
48,76	24,08
48,79	23,97
48,81	23,89
48,84	23,80
48,86	23,75
48,88	23,68
48,91	23,63
48,93	23,59
48,96	23,56
48,98	23,53
49,01	23,51
49,03	23,48
49,05	23,48
49,08	23,45
49,10	23,45
49,13	23,47
49,15	23,47
49,18	23,47
49,20	23,50
49,23	23,52
49,25	23,56
49,27	23,59
49,30	23,63
49,32	23,68
49,35	23,75
49,37	23,80
49,40	23,88
49,42	23,96
49,45	24,06
49,47	24,18
49,49	24,27
49,52	24,37
49,54	24,47
49,57	24,56
49,59	24,68
49,62	24,79
49,64	24,86
49,67	25,00
49,69	25,11
49,71	25,27
49,74	25,43
49,76	25,58
49,79	25,72
49,81	25,90
49,84	26,02
49,86	26,19
49,89	26,31
49,91	26,45
49,93	26,60
49,96	26,78
49,98	26,92
50,01	27,13
50,03	27,31
50,06	27,53
50,08	27,71
50,10	27,89
50,13	28,08
50,15	28,30
50,18	28,48
50,20	28,69
50,23	28,87
50,25	29,09
50,28	29,29
50,30	29,47
50,32	29,65
50,35	29,86
50,37	30,06
50,40	30,30
50,42	30,49
50,45	30,72
50,47	30,97
50,50	31,19
50,52	31,43
50,54	31,64
50,57	31,82
50,59	32,04
50,62	32,25
50,64	32,45
50,67	32,71
50,69	32,91
50,72	33,16
50,74	33,42
50,76	33,67
50,79	33,91
50,81	34,16
50,84	34,36
50,86	34,61
50,89	34,81
50,91	35,00
50,94	35,20
50,96	35,40
50,98	35,60
51,01	35,81
51,03	36,00
51,06	36,25
51,08	36,49
51,11	36,71
51,13	36,94
51,15	37,15
51,18	37,38
51,20	37,58
51,23	37,78
51,25	37,96
51,28	38,14
51,30	38,32
51,33	38,50
51,35	38,67
51,37	38,82
51,40	39,02
51,42	39,20
51,45	39,40
51,47	39,55
51,50	39,75
51,52	39,90
51,55	40,11
51,57	40,23
51,59	40,38
51,62	40,48
51,64	40,61
51,67	40,73
51,69	40,86
51,72	40,96
51,74	41,09
51,77	41,20
51,79	41,36
51,81	41,49
51,84	41,62
51,86	41,73
51,89	41,82
51,91	41,89
51,94	41,99
51,96	42,02
51,99	42,09
52,01	42,12
52,03	42,17
52,06	42,21
52,08	42,26
52,11	42,26
52,13	42,31
52,16	42,32
52,18	42,34
52,20	42,34
52,23	42,34
52,25	42,34
52,28	42,35
52,30	42,33
52,33	42,33
52,35	42,28
52,38	42,27
52,40	42,23
52,42	42,19
52,45	42,12
52,47	42,07
52,50	41,99
52,52	41,98
52,55	41,86
52,57	41,79
52,60	41,67
52,62	41,53
52,64	41,42
52,67	41,31
52,69	41,14
52,72	41,04
52,74	40,89
52,77	40,79
52,79	40,69
52,82	40,54
52,84	40,38
52,86	40,26
52,89	40,05
52,91	39,87
52,94	39,67
52,96	39,49
52,99	39,32
53,01	39,14
53,04	38,93
53,06	38,79
53,08	38,58
53,11	38,37
53,13	38,18
53,16	37,96
53,18	37,73
53,21	37,51
53,23	37,29
53,26	37,15
53,28	36,94
53,30	36,73
53,33	36,53
53,35	36,34
53,38	36,17
53,40	35,99
53,43	35,78
53,45	35,63
53,47	35,47
53,50	35,27
53,52	35,10
53,55	34,92
53,57	34,74
53,60	34,59
53,62	34,41
53,65	34,26
53,67	34,15
53,69	34,02
53,72	33,91
53,74	33,80
53,77	33,67
53,79	33,56
53,82	33,45
53,84	33,34
53,87	33,26
53,89	33,16
53,91	33,10
53,94	33,03
53,96	33,01
53,99	32,99
54,01	32,96
54,04	32,93
54,06	32,93
54,09	32,87
54,11	32,87
54,13	32,86
54,16	32,85
54,18	32,86
54,21	32,88
54,23	32,88
54,26	32,95
54,28	32,98
54,31	33,05
54,33	33,12
54,35	33,19
54,38	33,26
54,40	33,35
54,43	33,42
54,45	33,52
54,48	33,60
54,50	33,71
54,52	33,82
54,55	33,93
54,57	34,05
54,60	34,17
54,62	34,30
54,65	34,44
54,67	34,59
54,70	34,73
54,72	34,89
54,74	35,02
54,77	35,19
54,79	35,35
54,82	35,50
54,84	35,64
54,87	35,82
54,89	35,97
54,92	36,19
54,94	36,36
54,96	36,59
54,99	36,81
55,01	37,04
55,04	37,22
55,06	37,48
55,09	37,65
55,11	37,87
55,14	38,04
55,16	38,24
55,18	38,44
55,21	38,67
55,23	38,85
55,26	39,13
55,28	39,35
55,31	39,63
55,33	39,90
55,36	40,15
55,38	40,41
55,40	40,69
55,43	40,90
55,45	41,19
55,48	41,41
55,50	41,62
55,53	41,83
55,55	42,06
55,57	42,28
55,60	42,56
55,62	42,81
55,65	43,08
55,67	43,33
55,70	43,64
55,72	43,93
55,75	44,19
55,77	44,41
55,79	44,63
55,82	44,86
55,84	45,12
55,87	45,35
55,89	45,58
55,92	45,84
55,94	46,12
55,97	46,36
55,99	46,67
56,01	46,93
56,04	47,18
56,06	47,46
56,09	47,71
56,11	47,95
56,14	48,17
56,16	48,36
56,19	48,60
56,21	48,81
56,23	49,02
56,26	49,22
56,28	49,42
56,31	49,62
56,33	49,77
56,36	49,85
56,38	49,94
56,41	49,98
56,43	50,00
56,45	50,00
56,48	50,00
56,50	50,00
56,53	50,00
56,55	50,00
56,58	50,00
56,60	50,00
56,62	50,00
56,65	50,00
56,67	50,00
56,70	50,00
56,72	50,00
56,75	50,00
56,77	50,00
56,80	50,00
56,82	50,00
56,84	50,00
56,87	50,00
56,89	50,00
56,92	50,00
56,94	50,00
56,97	50,00
56,99	50,00
57,02	50,00
57,04	50,00
57,06	50,00
57,09	50,00
57,11	50,00
57,14	50,00
57,16	50,00
57,19	50,00
57,21	50,00
57,24	50,00
57,26	50,00
57,28	50,00
57,31	50,00
57,33	50,00
57,36	50,00
57,38	50,00
57,41	50,00
57,43	50,00
57,46	50,00
57,48	50,00
57,50	50,00
57,53	50,00
57,55	50,00
57,58	50,00
57,60	50,00
57,63	50,00
57,65	50,00
57,68	50,00
57,70	50,00
57,72	50,00
57,75	50,00
57,77	50,00
57,80	50,00
57,82	50,00
57,85	50,00
57,87	50,00
57,89	50,00
57,92	50,00
57,94	50,00
57,97	50,00
57,99	50,00
58,02	50,00
58,04	50,00
58,07	50,00
58,09	50,00
58,11	49,98
58,14	49,92
58,16	49,83
58,19	49,72
58,21	49,61
58,24	49,42
58,26	49,22
58,29	49,02
58,31	48,84
58,33	48,62
58,36	48,39
58,38	48,14
58,41	47,90
58,43	47,68
58,46	47,46
58,48	47,22
58,51	47,01
58,53	46,80
58,55	46,61
58,58	46,45
58,60	46,24
58,63	46,03
58,65	45,86
58,68	45,72
58,70	45,57
58,73	45,44
58,75	45,30
58,77	45,18
58,80	45,06
58,82	44,93
58,85	44,81
58,87	44,72
58,90	44,59
58,92	44,54
58,94	44,43
58,97	44,35
58,99	44,26
59,02	44,19
59,04	44,10
59,07	44,06
59,09	43,97
59,12	43,97
59,14	43,96
59,16	43,94
59,19	43,93
59,21	43,94
59,24	43,94
59,26	43,96
59,29	43,96
59,31	44,01
59,34	44,03
59,36	44,11
59,38	44,20
59,41	44,28
59,43	44,36
59,46	44,48
59,48	44,56
59,51	44,73
59,53	44,82
59,56	44,93
59,58	45,06
59,60	45,18
59,63	45,28
59,65	45,45
59,68	45,58
59,70	45,72
59,73	45,86
59,75	46,00
59,78	46,21
59,80	46,42
59,82	46,56
59,85	46,75
59,87	46,96
59,90	47,16
59,92	47,38
59,95	47,53
59,97	47,69
59,99	47,83
