U1/V	IA/nA
0,02	0,48
0,04	0,49
0,07	0,49
0,09	0,49
0,12	0,51
0,14	0,48
0,17	0,50
0,19	0,49
0,21	0,50
0,24	0,52
0,26	0,54
0,29	0,51
0,31	0,53
0,34	0,50
0,36	0,51
0,39	0,49
0,41	0,48
0,43	0,47
0,46	0,48
0,48	0,47
0,51	0,50
0,53	0,49
0,56	0,50
0,58	0,50
0,61	0,52
0,63	0,51
0,65	0,53
0,68	0,51
0,70	0,53
0,73	0,53
0,75	0,52
0,78	0,51
0,80	0,50
0,83	0,48
0,85	0,49
0,87	0,48
0,90	0,49
0,92	0,49
0,95	0,48
0,97	0,51
1,00	0,51
1,02	0,50
1,05	0,51
1,07	0,47
1,09	0,47
1,12	0,48
1,14	0,46
1,17	0,46
1,19	0,45
1,22	0,45
1,24	0,47
1,26	0,47
1,29	0,47
1,31	0,50
1,34	0,50
1,36	0,52
1,39	0,51
1,41	0,51
1,44	0,51
1,46	0,51
1,48	0,49
1,51	0,50
1,53	0,47
1,56	0,48
1,58	0,48
1,61	0,48
1,63	0,48
1,66	0,48
1,68	0,46
1,70	0,51
1,73	0,50
1,75	0,51
1,78	0,51
1,80	0,50
1,83	0,49
1,85	0,51
1,88	0,47
1,90	0,49
1,92	0,45
1,95	0,46
1,97	0,47
2,00	0,49
2,02	0,49
2,05	0,50
2,07	0,48
2,10	0,52
2,12	0,51
2,14	0,51
2,17	0,50
2,19	0,51
2,22	0,48
2,24	0,51
2,27	0,48
2,29	0,49
2,31	0,48
2,34	0,48
2,36	0,47
2,39	0,49
2,41	0,47
2,44	0,53
2,46	0,51
2,49	0,52
2,51	0,51
2,53	0,49
2,56	0,48
2,58	0,49
2,61	0,46
2,63	0,47
2,66	0,45
2,68	0,46
2,71	0,48
2,73	0,49
2,75	0,49
2,78	0,49
2,80	0,49
2,83	0,50
2,85	0,50
2,88	0,50
2,90	0,50
2,93	0,50
2,95	0,51
2,97	0,51
3,00	0,49
3,02	0,49
3,05	0,50
3,07	0,48
3,10	0,48
3,12	0,47
3,15	0,48
3,17	0,52
3,19	0,53
3,22	0,51
3,24	0,54
3,27	0,51
3,29	0,53
3,32	0,52
3,34	0,50
3,36	0,49
3,39	0,49
3,41	0,47
3,44	0,51
3,46	0,50
3,49	0,51
3,51	0,50
3,54	0,51
3,56	0,51
3,58	0,52
3,61	0,50
3,63	0,51
3,66	0,49
3,68	0,50
3,71	0,50
3,73	0,50
3,76	0,48
3,78	0,50
3,80	0,48
3,83	0,50
3,85	0,50
3,88	0,50
3,90	0,51
3,93	0,53
3,95	0,51
3,98	0,52
4,00	0,50
4,02	0,50
4,05	0,49
4,07	0,48
4,10	0,48
4,12	0,49
4,15	0,47
4,17	0,50
4,20	0,49
4,22	0,50
4,24	0,49
4,27	0,49
4,29	0,49
4,32	0,49
4,34	0,47
4,37	0,47
4,39	0,47
4,42	0,48
4,44	0,49
4,46	0,48
4,49	0,47
4,51	0,49
4,54	0,50
4,56	0,50
4,59	0,49
4,61	0,47
4,63	0,50
4,66	0,49
4,68	0,49
4,71	0,49
4,73	0,50
4,76	0,49
4,78	0,50
4,81	0,47
4,83	0,50
4,85	0,48
4,88	0,47
4,90	0,48
4,93	0,48
4,95	0,48
4,98	0,50
5,00	0,49
5,03	0,52
5,05	0,52
5,07	0,51
5,10	0,50
5,12	0,51
5,15	0,50
5,17	0,53
5,20	0,49
5,22	0,50
5,25	0,50
5,27	0,52
5,29	0,51
5,32	0,53
5,34	0,49
5,37	0,53
5,39	0,51
5,42	0,52
5,44	0,50
5,47	0,51
5,49	0,48
5,51	0,51
5,54	0,49
5,56	0,51
5,59	0,47
5,61	0,49
5,64	0,48
5,66	0,50
5,68	0,48
5,71	0,50
5,73	0,47
5,76	0,50
5,78	0,49
5,81	0,50
5,83	0,49
5,86	0,50
5,88	0,49
5,90	0,52
5,93	0,51
5,95	0,52
5,98	0,51
6,00	0,52
6,03	0,52
6,05	0,53
6,08	0,51
6,10	0,53
6,12	0,51
6,15	0,51
6,17	0,50
6,20	0,49
6,22	0,50
6,25	0,51
6,27	0,50
6,30	0,51
6,32	0,48
6,34	0,48
6,37	0,50
6,39	0,50
6,42	0,49
6,44	0,49
6,47	0,49
6,49	0,52
6,52	0,53
6,54	0,52
6,56	0,53
6,59	0,52
6,61	0,52
6,64	0,53
6,66	0,53
6,69	0,52
6,71	0,53
6,73	0,52
6,76	0,55
6,78	0,54
6,81	0,53
6,83	0,53
6,86	0,53
6,88	0,52
6,91	0,52
6,93	0,50
6,95	0,52
6,98	0,50
7,00	0,52
7,03	0,49
7,05	0,49
7,08	0,48
7,10	0,51
7,13	0,49
7,15	0,51
7,17	0,49
7,20	0,52
7,22	0,51
7,25	0,54
7,27	0,50
7,30	0,52
7,32	0,50
7,35	0,52
7,37	0,52
7,39	0,53
7,42	0,50
7,44	0,53
7,47	0,52
7,49	0,55
7,52	0,53
7,54	0,53
7,57	0,53
7,59	0,54
7,61	0,52
7,64	0,54
7,66	0,51
7,69	0,52
7,71	0,50
7,74	0,51
7,76	0,51
7,78	0,51
7,81	0,49
7,83	0,52
7,86	0,51
7,88	0,52
7,91	0,52
7,93	0,53
7,96	0,54
7,98	0,54
8,00	0,53
8,03	0,54
8,05	0,54
8,08	0,54
8,10	0,57
8,13	0,56
8,15	0,56
8,18	0,56
8,20	0,55
8,22	0,57
8,25	0,58
8,27	0,54
8,30	0,56
8,32	0,55
8,35	0,56
8,37	0,57
8,40	0,56
8,42	0,55
8,44	0,56
8,47	0,54
8,49	0,56
8,52	0,54
8,54	0,55
8,57	0,55
8,59	0,56
8,62	0,54
8,64	0,57
8,66	0,56
8,69	0,60
8,71	0,58
8,74	0,58
8,76	0,56
8,79	0,58
8,81	0,56
8,84	0,60
8,86	0,57
8,88	0,60
8,91	0,59
8,93	0,62
8,96	0,62
8,98	0,64
9,01	0,59
9,03	0,62
9,05	0,59
9,08	0,60
9,10	0,58
9,13	0,58
9,15	0,57
9,18	0,60
9,20	0,58
9,23	0,62
9,25	0,60
9,27	0,62
9,30	0,64
9,32	0,65
9,35	0,63
9,37	0,64
9,40	0,62
9,42	0,63
9,45	0,62
9,47	0,61
9,49	0,61
9,52	0,62
9,54	0,60
9,57	0,63
9,59	0,64
9,62	0,66
9,64	0,65
9,67	0,64
9,69	0,65
9,71	0,66
9,74	0,63
9,76	0,64
9,79	0,62
9,81	0,62
9,84	0,63
9,86	0,62
9,89	0,64
9,91	0,64
9,93	0,63
9,96	0,64
9,98	0,63
10,01	0,62
10,03	0,65
10,06	0,63
10,08	0,65
10,10	0,64
10,13	0,65
10,15	0,65
10,18	0,67
10,20	0,64
10,23	0,67
10,25	0,65
10,28	0,65
10,30	0,66
10,32	0,68
10,35	0,67
10,37	0,68
10,40	0,67
10,42	0,71
10,45	0,70
10,47	0,71
10,50	0,70
10,52	0,71
10,54	0,69
10,57	0,70
10,59	0,67
10,62	0,69
10,64	0,66
10,67	0,67
10,69	0,66
10,72	0,69
10,74	0,69
10,76	0,74
10,79	0,72
10,81	0,74
10,84	0,73
10,86	0,76
10,89	0,74
10,91	0,75
10,94	0,70
10,96	0,73
10,98	0,71
11,01	0,73
11,03	0,73
11,06	0,75
11,08	0,73
11,11	0,75
11,13	0,74
11,15	0,77
11,18	0,76
11,20	0,74
11,23	0,74
11,25	0,74
11,28	0,74
11,30	0,76
11,33	0,74
11,35	0,74
11,37	0,74
11,40	0,74
11,42	0,75
11,45	0,77
11,47	0,76
11,50	0,77
11,52	0,78
11,55	0,79
11,57	0,80
11,59	0,80
11,62	0,80
11,64	0,79
11,67	0,79
11,69	0,79
11,72	0,79
11,74	0,78
11,77	0,80
11,79	0,79
11,81	0,81
11,84	0,80
11,86	0,81
11,89	0,83
11,91	0,84
11,94	0,81
11,96	0,83
11,99	0,80
12,01	0,83
12,03	0,81
12,06	0,81
12,08	0,79
12,11	0,80
12,13	0,79
12,16	0,84
12,18	0,82
12,21	0,85
12,23	0,86
12,25	0,88
12,28	0,88
12,30	0,90
12,33	0,88
12,35	0,89
12,38	0,87
12,40	0,87
12,42	0,86
12,45	0,87
12,47	0,85
12,50	0,88
12,52	0,87
12,55	0,90
12,57	0,90
12,60	0,91
12,62	0,91
12,64	0,93
12,67	0,91
12,69	0,93
12,72	0,89
12,74	0,90
12,77	0,89
12,79	0,90
12,82	0,90
12,84	0,91
12,86	0,89
12,89	0,93
12,91	0,92
12,94	0,92
12,96	0,94
12,99	0,94
13,01	0,94
13,04	0,96
13,06	0,94
13,08	0,97
13,11	0,97
13,13	0,95
13,16	0,96
13,18	0,95
13,21	0,96
13,23	0,97
13,26	0,97
13,28	0,98
13,30	1,00
13,33	1,00
13,35	1,03
13,38	1,01
13,40	1,02
13,43	1,03
13,45	1,01
13,47	1,00
13,50	1,01
13,52	0,99
13,55	1,00
13,57	0,98
13,60	0,98
13,62	1,00
13,65	1,00
13,67	0,99
13,69	1,03
13,72	1,03
13,74	1,06
13,77	1,05
13,79	1,06
13,82	1,05
13,84	1,07
13,87	1,05
13,89	1,08
13,91	1,05
13,94	1,07
13,96	1,06
13,99	1,07
14,01	1,06
14,04	1,07
14,06	1,05
14,09	1,10
14,11	1,08
14,13	1,10
14,16	1,09
14,18	1,09
14,21	1,06
14,23	1,09
14,26	1,05
14,28	1,08
14,31	1,05
14,33	1,08
14,35	1,11
14,38	1,13
14,40	1,11
14,43	1,16
14,45	1,14
14,48	1,17
14,50	1,15
14,52	1,16
14,55	1,16
14,57	1,18
14,60	1,15
14,62	1,16
14,65	1,15
14,67	1,17
14,70	1,16
14,72	1,16
14,74	1,15
14,77	1,15
14,79	1,14
14,82	1,19
14,84	1,18
14,87	1,18
14,89	1,17
14,92	1,16
14,94	1,17
14,96	1,18
14,99	1,15
15,01	1,16
15,04	1,15
15,06	1,15
15,09	1,19
15,11	1,18
15,14	1,19
15,16	1,19
15,18	1,19
15,21	1,20
15,23	1,23
15,26	1,21
15,28	1,23
15,31	1,21
15,33	1,22
15,36	1,22
15,38	1,20
15,40	1,19
15,43	1,20
15,45	1,18
15,48	1,21
15,50	1,20
15,53	1,22
15,55	1,26
15,57	1,28
15,60	1,26
15,62	1,29
15,65	1,24
15,67	1,26
15,70	1,23
15,72	1,22
15,75	1,20
15,77	1,20
15,79	1,18
15,82	1,24
15,84	1,22
15,87	1,25
15,89	1,23
15,92	1,26
15,94	1,26
15,97	1,29
15,99	1,26
16,01	1,27
16,04	1,26
16,06	1,28
16,09	1,28
16,11	1,29
16,14	1,27
16,16	1,29
16,19	1,28
16,21	1,30
16,23	1,28
16,26	1,28
16,28	1,31
16,31	1,31
16,33	1,30
16,36	1,32
16,38	1,30
16,41	1,32
16,43	1,31
16,45	1,31
16,48	1,32
16,50	1,32
16,53	1,31
16,55	1,34
16,58	1,33
16,60	1,34
16,63	1,35
16,65	1,36
16,67	1,39
16,70	1,39
16,72	1,39
16,75	1,40
16,77	1,41
16,80	1,41
16,82	1,43
16,84	1,40
16,87	1,41
16,89	1,42
16,92	1,43
16,94	1,44
16,97	1,46
16,99	1,44
17,02	1,50
17,04	1,50
17,06	1,52
17,09	1,51
17,11	1,52
17,14	1,50
17,16	1,52
17,19	1,50
17,21	1,52
17,24	1,49
17,26	1,52
17,28	1,53
17,31	1,56
17,33	1,55
17,36	1,58
17,38	1,58
17,41	1,62
17,43	1,59
17,46	1,60
17,48	1,60
17,50	1,63
17,53	1,61
17,55	1,65
17,58	1,62
17,60	1,66
17,63	1,66
17,65	1,68
17,68	1,67
17,70	1,70
17,72	1,67
17,75	1,73
17,77	1,72
17,80	1,74
17,82	1,73
17,85	1,75
17,87	1,73
17,89	1,75
17,92	1,75
17,94	1,77
17,97	1,75
17,99	1,77
18,02	1,79
18,04	1,82
18,07	1,81
18,09	1,82
18,11	1,80
18,14	1,83
18,16	1,83
18,19	1,83
18,21	1,83
18,24	1,84
18,26	1,84
18,29	1,88
18,31	1,87
18,33	1,88
18,36	1,89
18,38	1,89
18,41	1,90
18,43	1,91
18,46	1,90
18,48	1,93
18,51	1,92
18,53	1,92
18,55	1,93
18,58	1,92
18,60	1,93
18,63	1,93
18,65	1,93
18,68	1,93
18,70	1,92
18,73	1,92
18,75	1,95
18,77	1,95
18,80	1,96
18,82	1,95
18,85	1,96
18,87	1,97
18,90	1,99
18,92	1,96
18,94	1,97
18,97	1,94
18,99	1,96
19,02	1,97
19,04	1,98
19,07	1,96
19,09	1,99
19,12	1,97
19,14	2,00
19,16	1,98
19,19	1,99
19,21	1,98
19,24	1,99
19,26	1,96
19,29	1,99
19,31	1,96
19,34	1,98
19,36	1,96
19,38	1,97
19,41	1,97
19,43	1,98
19,46	1,95
19,48	1,99
19,51	1,97
19,53	1,98
19,56	1,96
19,58	1,97
19,60	1,97
19,63	1,99
19,65	1,96
19,68	1,97
19,70	1,96
19,73	1,98
19,75	1,99
19,78	1,99
19,80	1,98
19,82	1,99
19,85	1,99
19,87	2,01
19,90	2,00
19,92	1,98
19,95	1,99
19,97	1,99
19,99	1,98
20,02	1,98
20,04	1,96
20,07	1,96
20,09	1,94
20,12	1,93
20,14	1,94
20,17	1,93
20,19	1,93
20,21	1,94
20,24	1,94
20,26	1,95
20,29	1,96
20,31	1,96
20,34	1,98
20,36	1,97
20,39	1,96
20,41	1,96
20,43	1,97
20,46	1,96
20,48	1,99
20,51	1,97
20,53	1,99
20,56	1,99
20,58	2,01
20,61	2,02
20,63	2,04
20,65	2,00
20,68	2,02
20,70	2,00
20,73	2,01
20,75	2,01
20,78	2,02
20,80	2,01
20,83	2,03
20,85	2,01
20,87	2,05
20,90	2,02
20,92	2,04
20,95	2,04
20,97	2,07
21,00	2,05
21,02	2,09
21,05	2,07
21,07	2,12
21,09	2,10
21,12	2,12
21,14	2,12
21,17	2,14
21,19	2,13
21,22	2,19
21,24	2,17
21,26	2,20
21,29	2,19
21,31	2,21
21,34	2,22
21,36	2,25
21,39	2,23
21,41	2,27
21,44	2,25
21,46	2,28
21,48	2,28
21,51	2,30
21,53	2,31
21,56	2,33
21,58	2,34
21,61	2,37
21,63	2,36
21,66	2,38
21,68	2,40
21,70	2,42
21,73	2,44
21,75	2,47
21,78	2,48
21,80	2,52
21,83	2,55
21,85	2,56
21,88	2,58
21,90	2,58
21,92	2,59
21,95	2,64
21,97	2,65
22,00	2,66
22,02	2,68
22,05	2,68
22,07	2,72
22,10	2,73
22,12	2,74
22,14	2,76
22,17	2,78
22,19	2,78
22,22	2,82
22,24	2,82
22,27	2,84
22,29	2,84
22,31	2,87
22,34	2,88
22,36	2,91
22,39	2,90
22,41	2,96
22,44	2,96
22,46	2,99
22,49	3,00
22,51	3,03
22,53	3,04
22,56	3,09
22,58	3,07
22,61	3,11
22,63	3,10
22,66	3,13
22,68	3,14
22,71	3,17
22,73	3,16
22,75	3,20
22,78	3,18
22,80	3,24
22,83	3,23
22,85	3,25
22,88	3,24
22,90	3,26
22,93	3,25
22,95	3,28
22,97	3,25
23,00	3,28
23,02	3,26
23,05	3,28
23,07	3,29
23,10	3,31
23,12	3,30
23,15	3,34
23,17	3,33
23,19	3,35
23,22	3,34
23,24	3,35
23,27	3,34
23,29	3,36
23,32	3,33
23,34	3,34
23,36	3,33
23,39	3,34
23,41	3,36
23,44	3,36
23,46	3,34
23,49	3,35
23,51	3,35
23,54	3,38
23,56	3,38
23,58	3,34
23,61	3,34
23,63	3,33
23,66	3,33
23,68	3,33
23,71	3,31
23,73	3,29
23,76	3,29
23,78	3,28
23,80	3,30
23,83	3,29
23,85	3,27
23,88	3,28
23,90	3,28
23,93	3,26
23,95	3,27
23,98	3,25
24,00	3,24
24,02	3,22
24,05	3,20
24,07	3,19
24,10	3,19
24,12	3,17
24,15	3,20
24,17	3,18
24,20	3,18
24,22	3,16
24,24	3,17
24,27	3,17
24,29	3,17
24,32	3,11
24,34	3,13
24,37	3,09
24,39	3,11
24,42	3,07
24,44	3,07
24,46	3,05
24,49	3,05
24,51	3,03
24,54	3,06
24,56	3,02
24,59	3,03
24,61	3,03
24,63	3,04
24,66	3,02
24,68	3,02
24,71	2,99
24,73	3,01
24,76	2,99
24,78	2,99
24,81	2,97
24,83	2,98
24,85	2,96
24,88	2,98
24,90	2,97
24,93	2,98
24,95	2,97
24,98	2,96
25,00	2,97
25,03	2,98
25,05	2,97
25,07	2,99
25,10	2,96
25,12	2,97
25,15	2,96
25,17	2,96
25,20	2,96
25,22	2,96
25,25	2,95
25,27	2,98
25,29	2,98
25,32	2,98
25,34	3,02
25,37	3,03
25,39	3,05
25,42	3,06
25,44	3,06
25,47	3,08
25,49	3,10
25,51	3,07
25,54	3,10
25,56	3,08
25,59	3,10
25,61	3,11
25,64	3,13
25,66	3,14
25,68	3,17
25,71	3,16
25,73	3,22
25,76	3,22
25,78	3,26
25,81	3,27
25,83	3,28
25,86	3,27
25,88	3,31
25,90	3,30
25,93	3,34
25,95	3,33
25,98	3,37
26,00	3,40
26,03	3,44
26,05	3,44
26,08	3,51
26,10	3,52
26,12	3,57
26,15	3,58
26,17	3,62
26,20	3,63
26,22	3,68
26,25	3,67
26,27	3,71
26,30	3,73
26,32	3,77
26,34	3,80
26,37	3,85
26,39	3,86
26,42	3,91
26,44	3,93
26,47	4,02
26,49	4,04
26,52	4,08
26,54	4,09
26,56	4,13
26,59	4,14
26,61	4,20
26,64	4,18
26,66	4,24
26,69	4,27
26,71	4,31
26,73	4,36
26,76	4,41
26,78	4,44
26,81	4,51
26,83	4,53
26,86	4,58
26,88	4,62
26,91	4,66
26,93	4,69
26,95	4,72
26,98	4,72
27,00	4,77
27,03	4,80
27,05	4,84
27,08	4,88
27,10	4,91
27,13	4,95
27,15	5,00
27,17	5,02
27,20	5,07
27,22	5,11
27,25	5,12
27,27	5,15
27,30	5,15
27,32	5,18
27,35	5,20
27,37	5,22
27,39	5,25
27,42	5,27
27,44	5,29
27,47	5,35
27,49	5,36
27,52	5,38
27,54	5,40
27,57	5,42
27,59	5,43
27,61	5,46
27,64	5,46
27,66	5,48
27,69	5,48
27,71	5,49
27,74	5,50
27,76	5,51
27,78	5,50
27,81	5,53
27,83	5,51
27,86	5,53
27,88	5,52
27,91	5,52
27,93	5,54
27,96	5,55
27,98	5,52
28,00	5,54
28,03	5,50
28,05	5,51
28,08	5,49
28,10	5,48
28,13	5,46
28,15	5,46
28,18	5,43
28,20	5,45
28,22	5,41
28,25	5,42
28,27	5,40
28,30	5,39
28,32	5,38
28,35	5,38
28,37	5,34
28,40	5,35
28,42	5,32
28,44	5,30
28,47	5,27
28,49	5,24
28,52	5,20
28,54	5,19
28,57	5,16
28,59	5,16
28,62	5,13
28,64	5,11
28,66	5,12
28,69	5,10
28,71	5,08
28,74	5,07
28,76	5,01
28,79	4,98
28,81	4,95
28,84	4,91
28,86	4,90
28,88	4,86
28,91	4,83
28,93	4,83
28,96	4,81
28,98	4,78
29,01	4,77
29,03	4,73
29,05	4,73
29,08	4,70
29,10	4,67
29,13	4,65
29,15	4,65
29,18	4,62
29,20	4,62
29,23	4,57
29,25	4,55
29,27	4,53
29,30	4,52
29,32	4,50
29,35	4,50
29,37	4,46
29,40	4,50
29,42	4,48
29,45	4,48
29,47	4,46
29,49	4,45
29,52	4,42
29,54	4,43
29,57	4,38
29,59	4,40
29,62	4,36
29,64	4,37
29,67	4,36
29,69	4,38
29,71	4,37
29,74	4,39
29,76	4,37
29,79	4,40
29,81	4,39
29,84	4,41
29,86	4,40
29,89	4,42
29,91	4,40
29,93	4,43
29,96	4,40
29,98	4,43
30,01	4,42
30,03	4,44
30,06	4,44
30,08	4,47
30,10	4,46
30,13	4,54
30,15	4,54
30,18	4,56
30,20	4,56
30,23	4,58
30,25	4,60
30,28	4,64
30,30	4,64
30,32	4,66
30,35	4,68
30,37	4,72
30,40	4,76
30,42	4,80
30,45	4,81
30,47	4,84
30,50	4,87
30,52	4,92
30,54	4,95
30,57	4,99
30,59	5,03
30,62	5,06
30,64	5,10
30,67	5,15
30,69	5,17
30,72	5,21
30,74	5,25
30,76	5,27
30,79	5,32
30,81	5,35
30,84	5,41
30,86	5,48
30,89	5,54
30,91	5,57
30,94	5,65
30,96	5,70
30,98	5,77
31,01	5,80
31,03	5,85
31,06	5,91
31,08	5,95
31,11	5,98
31,13	6,06
31,15	6,10
31,18	6,18
31,20	6,23
31,23	6,30
31,25	6,37
31,28	6,46
31,30	6,51
31,33	6,59
31,35	6,64
31,37	6,71
31,40	6,76
31,42	6,82
31,45	6,86
31,47	6,93
31,50	6,98
31,52	7,06
31,55	7,12
31,57	7,19
31,59	7,27
31,62	7,35
31,64	7,40
31,67	7,48
31,69	7,53
31,72	7,61
31,74	7,65
31,77	7,71
31,79	7,76
31,81	7,81
31,84	7,84
31,86	7,92
31,89	7,97
31,91	8,04
31,94	8,10
31,96	8,17
31,99	8,23
32,01	8,30
32,03	8,33
32,06	8,39
32,08	8,43
32,11	8,48
32,13	8,52
32,16	8,55
32,18	8,57
32,20	8,62
32,23	8,64
32,25	8,68
32,28	8,71
32,30	8,72
32,33	8,77
32,35	8,78
32,38	8,79
32,40	8,83
32,42	8,84
32,45	8,85
32,47	8,85
32,50	8,85
32,52	8,88
32,55	8,86
32,57	8,86
32,60	8,87
32,62	8,87
32,64	8,86
32,67	8,87
32,69	8,85
32,72	8,86
32,74	8,83
32,77	8,81
32,79	8,79
32,82	8,80
32,84	8,76
32,86	8,77
32,89	8,72
32,91	8,72
32,94	8,68
32,96	8,67
32,99	8,63
33,01	8,61
33,04	8,54
33,06	8,53
33,08	8,46
33,11	8,44
33,13	8,38
33,16	8,36
33,18	8,30
33,21	8,28
33,23	8,22
33,26	8,21
33,28	8,12
33,30	8,08
33,33	8,02
33,35	7,99
33,38	7,94
33,40	7,91
33,43	7,84
33,45	7,83
33,47	7,79
33,50	7,76
33,52	7,69
33,55	7,66
33,57	7,59
33,60	7,58
33,62	7,51
33,65	7,47
33,67	7,41
33,69	7,37
33,72	7,32
33,74	7,28
33,77	7,21
33,79	7,19
33,82	7,13
33,84	7,09
33,87	7,04
33,89	7,01
33,91	6,96
33,94	6,93
33,96	6,89
33,99	6,87
34,01	6,82
34,04	6,79
34,06	6,77
34,09	6,75
34,11	6,72
34,13	6,68
34,16	6,65
34,18	6,65
34,21	6,62
34,23	6,59
34,26	6,58
34,28	6,56
34,31	6,54
34,33	6,55
34,35	6,54
34,38	6,52
34,40	6,52
34,43	6,50
34,45	6,51
34,48	6,50
34,50	6,50
34,52	6,50
34,55	6,50
34,57	6,49
34,60	6,51
34,62	6,50
34,65	6,52
34,67	6,52
34,70	6,54
34,72	6,56
34,74	6,56
34,77	6,57
34,79	6,63
34,82	6,64
34,84	6,69
34,87	6,69
34,89	6,74
34,92	6,78
34,94	6,83
34,96	6,83
34,99	6,89
35,01	6,90
35,04	6,96
35,06	7,01
35,09	7,06
35,11	7,09
35,14	7,16
35,16	7,18
35,18	7,27
35,21	7,31
35,23	7,34
35,26	7,39
35,28	7,45
35,31	7,47
35,33	7,55
35,36	7,59
35,38	7,66
35,40	7,71
35,43	7,79
35,45	7,87
35,48	7,94
35,50	7,99
35,53	8,10
35,55	8,14
35,57	8,22
35,60	8,30
35,62	8,37
35,65	8,45
35,67	8,53
35,70	8,57
35,72	8,68
35,75	8,76
35,77	8,85
35,79	8,96
35,82	9,04
35,84	9,14
35,87	9,24
35,89	9,32
35,92	9,41
35,94	9,50
35,97	9,55
35,99	9,65
36,01	9,72
36,04	9,81
36,06	9,90
36,09	10,00
36,11	10,08
36,14	10,20
36,16	10,29
36,19	10,44
36,21	10,53
36,23	10,64
36,26	10,73
36,28	10,83
36,31	10,91
36,33	11,03
36,36	11,10
36,38	11,21
36,41	11,30
36,43	11,41
36,45	11,50
36,48	11,61
36,50	11,69
36,53	11,82
36,55	11,89
36,58	11,99
36,60	12,07
36,62	12,16
36,65	12,25
36,67	12,34
36,70	12,38
36,72	12,47
36,75	12,52
36,77	12,60
36,80	12,66
36,82	12,74
36,84	12,80
36,87	12,89
36,89	12,93
36,92	13,03
36,94	13,07
36,97	13,13
36,99	13,18
37,02	13,24
37,04	13,27
37,06	13,33
37,09	13,33
37,11	13,39
37,14	13,42
37,16	13,44
37,19	13,46
37,21	13,49
37,24	13,49
37,26	13,55
37,28	13,55
37,31	13,56
37,33	13,55
37,36	13,55
37,38	13,57
37,41	13,58
37,43	13,54
37,46	13,53
37,48	13,49
37,50	13,47
37,53	13,44
37,55	13,39
37,58	13,36
37,60	13,33
37,63	13,29
37,65	13,28
37,68	13,23
37,70	13,19
37,72	13,17
37,75	13,12
37,77	13,08
37,80	13,03
37,82	12,96
37,85	12,89
37,87	12,84
37,89	12,74
37,92	12,69
37,94	12,59
37,97	12,53
37,99	12,48
38,02	12,43
38,04	12,36
38,07	12,30
38,09	12,20
38,11	12,15
38,14	12,06
38,16	11,95
38,19	11,85
38,21	11,75
38,24	11,64
38,26	11,56
38,29	11,45
38,31	11,39
38,33	11,31
38,36	11,24
38,38	11,15
38,41	11,10
38,43	11,02
38,46	10,98
38,48	10,88
38,51	10,83
38,53	10,74
38,55	10,69
38,58	10,58
38,60	10,52
38,63	10,40
38,65	10,35
38,68	10,25
38,70	10,20
38,73	10,15
38,75	10,12
38,77	10,05
38,80	10,03
38,82	9,96
38,85	9,95
38,87	9,87
38,90	9,81
38,92	9,75
38,94	9,71
38,97	9,65
38,99	9,64
39,02	9,57
39,04	9,56
39,07	9,51
39,09	9,49
39,12	9,49
39,14	9,48
39,16	9,45
39,19	9,47
39,21	9,44
39,24	9,45
39,26	9,45
39,29	9,45
39,31	9,46
39,34	9,47
39,36	9,46
39,38	9,48
39,41	9,48
39,43	9,50
39,46	9,52
39,48	9,52
39,51	9,55
39,53	9,58
39,56	9,61
39,58	9,67
39,60	9,72
39,63	9,74
39,65	9,80
39,68	9,81
39,70	9,86
39,73	9,89
39,75	9,92
39,78	9,95
39,80	10,01
39,82	10,05
39,85	10,14
39,87	10,19
39,90	10,27
39,92	10,35
39,95	10,45
39,97	10,53
39,99	10,63
40,02	10,70
40,04	10,79
40,07	10,87
40,09	10,93
40,12	10,99
40,14	11,06
40,17	11,11
40,19	11,21
40,21	11,28
40,24	11,40
40,26	11,48
40,29	11,60
40,31	11,74
40,34	11,86
40,36	11,96
40,39	12,09
40,41	12,17
40,43	12,28
40,46	12,36
40,48	12,45
40,51	12,54
40,53	12,65
40,56	12,75
40,58	12,88
40,61	12,99
40,63	13,13
40,65	13,30
40,68	13,45
40,70	13,59
40,73	13,74
40,75	13,87
40,78	14,00
40,80	14,13
40,83	14,23
40,85	14,36
40,87	14,47
40,90	14,58
40,92	14,71
40,95	14,85
40,97	15,00
41,00	15,14
41,02	15,27
41,05	15,42
41,07	15,57
41,09	15,72
41,12	15,84
41,14	15,96
41,17	16,07
41,19	16,20
41,22	16,31
41,24	16,44
41,26	16,55
41,29	16,70
41,31	16,84
41,34	16,97
41,36	17,10
41,39	17,28
41,41	17,39
41,44	17,53
41,46	17,63
41,48	17,75
41,51	17,84
41,53	17,96
41,56	18,01
41,58	18,13
41,61	18,20
41,63	18,31
41,66	18,40
41,68	18,51
41,70	18,58
41,73	18,69
41,75	18,75
41,78	18,88
41,80	18,92
41,83	18,98
41,85	19,04
41,88	19,09
41,90	19,13
41,92	19,21
41,95	19,22
41,97	19,30
42,00	19,33
42,02	19,38
42,05	19,40
42,07	19,44
42,10	19,44
42,12	19,48
42,14	19,46
42,17	19,49
42,19	19,47
42,22	19,50
42,24	19,48
42,27	19,50
42,29	19,44
42,31	19,44
42,34	19,38
42,36	19,37
42,39	19,32
42,41	19,29
42,44	19,23
42,46	19,20
42,49	19,13
42,51	19,13
42,53	19,06
42,56	19,02
42,58	18,95
42,61	18,88
42,63	18,81
42,66	18,75
42,68	18,64
42,71	18,55
42,73	18,44
42,75	18,34
42,78	18,26
42,80	18,17
42,83	18,06
42,85	17,96
42,88	17,85
42,90	17,77
42,93	17,68
42,95	17,58
42,97	17,46
43,00	17,36
43,02	17,26
43,05	17,16
43,07	17,01
43,10	16,89
43,12	16,77
43,15	16,64
43,17	16,52
43,19	16,38
43,22	16,26
43,24	16,20
43,27	16,09
43,29	15,97
43,32	15,88
43,34	15,75
43,36	15,66
43,39	15,55
43,41	15,42
43,44	15,30
43,46	15,18
43,49	15,06
43,51	14,99
43,54	14,88
43,56	14,79
43,58	14,69
43,61	14,63
43,63	14,54
43,66	14,49
43,68	14,40
43,71	14,34
43,73	14,26
43,76	14,22
43,78	14,15
43,80	14,10
43,83	14,02
43,85	13,98
43,88	13,91
43,90	13,89
43,93	13,83
43,95	13,80
43,98	13,80
44,00	13,79
44,02	13,75
44,05	13,75
44,07	13,70
44,10	13,71
44,12	13,69
44,15	13,68
44,17	13,67
44,20	13,69
44,22	13,68
44,24	13,72
44,27	13,73
44,29	13,77
44,32	13,79
44,34	13,83
44,37	13,86
44,39	13,90
44,41	13,94
44,44	13,99
44,46	14,04
44,49	14,10
44,51	14,16
44,54	14,20
44,56	14,27
44,59	14,33
44,61	14,39
44,63	14,47
44,66	14,53
44,68	14,60
44,71	14,70
44,73	14,77
44,76	14,88
44,78	14,99
44,81	15,10
44,83	15,20
44,85	15,32
44,88	15,43
44,90	15,57
44,93	15,66
44,95	15,76
44,98	15,86
45,00	15,98
45,03	16,08
45,05	16,22
45,07	16,33
45,10	16,49
45,12	16,61
45,15	16,77
45,17	16,89
45,20	17,06
45,22	17,18
45,25	17,35
45,27	17,46
45,29	17,65
45,32	17,77
45,34	17,92
45,37	18,04
45,39	18,20
45,42	18,31
45,44	18,48
45,47	18,60
45,49	18,76
45,51	18,92
45,54	19,11
45,56	19,27
45,59	19,46
45,61	19,62
45,64	19,83
45,66	19,97
45,68	20,14
45,71	20,28
45,73	20,45
45,76	20,58
45,78	20,74
45,81	20,88
45,83	21,09
45,86	21,28
45,88	21,48
45,90	21,64
45,93	21,84
45,95	22,02
45,98	22,22
46,00	22,35
46,03	22,50
46,05	22,66
46,08	22,82
46,10	22,98
46,12	23,13
46,15	23,27
46,17	23,47
46,20	23,63
46,22	23,79
46,25	23,95
46,27	24,10
46,30	24,28
46,32	24,46
46,34	24,60
46,37	24,74
46,39	24,87
46,42	24,99
46,44	25,13
46,47	25,24
46,49	25,35
46,52	25,47
46,54	25,59
46,56	25,72
46,59	25,86
46,61	25,95
46,64	26,07
46,66	26,15
46,69	26,26
46,71	26,36
46,73	26,44
46,76	26,50
46,78	26,58
46,81	26,62
46,83	26,70
46,86	26,73
46,88	26,78
46,91	26,85
46,93	26,92
46,95	26,94
46,98	27,00
47,00	27,01
47,03	27,07
47,05	27,08
47,08	27,10
47,10	27,10
47,13	27,10
47,15	27,10
47,17	27,13
47,20	27,11
47,22	27,11
47,25	27,07
47,27	27,07
47,30	27,04
47,32	27,01
47,35	26,94
47,37	26,90
47,39	26,85
47,42	26,82
47,44	26,75
47,47	26,73
47,49	26,66
47,52	26,63
47,54	26,54
47,57	26,50
47,59	26,40
47,61	26,31
47,64	26,20
47,66	26,08
47,69	25,94
47,71	25,85
47,74	25,67
47,76	25,56
47,78	25,42
47,81	25,32
47,83	25,21
47,86	25,09
47,88	24,97
47,91	24,88
47,93	24,74
47,96	24,60
47,98	24,45
48,00	24,30
48,03	24,15
48,05	23,98
48,08	23,80
48,10	23,66
48,13	23,52
48,15	23,38
48,18	23,25
48,20	23,10
48,22	22,96
48,25	22,84
48,27	22,67
48,30	22,52
48,32	22,36
48,35	22,19
48,37	22,04
48,40	21,87
48,42	21,70
48,44	21,58
48,47	21,45
48,49	21,32
48,52	21,19
48,54	21,09
48,57	21,00
48,59	20,89
48,62	20,78
48,64	20,68
48,66	20,59
48,69	20,50
48,71	20,40
48,74	20,31
48,76	20,25
48,79	20,17
48,81	20,10
48,84	20,03
48,86	20,00
48,88	19,95
48,91	19,92
48,93	19,88
48,96	19,88
48,98	19,84
49,01	19,83
49,03	19,79
49,05	19,77
49,08	19,76
49,10	19,77
49,13	19,76
49,15	19,79
49,18	19,79
49,20	19,83
49,23	19,89
49,25	19,94
49,27	19,96
49,30	20,03
49,32	20,07
49,35	20,14
49,37	20,19
49,40	20,25
49,42	20,31
49,45	20,39
49,47	20,44
49,49	20,54
49,52	20,61
49,54	20,70
49,57	20,79
49,59	20,89
49,62	20,98
49,64	21,11
49,67	21,21
49,69	21,35
49,71	21,47
49,74	21,61
49,76	21,75
49,79	21,87
49,81	22,00
49,84	22,13
49,86	22,26
49,89	22,41
49,91	22,55
49,93	22,69
49,96	22,88
49,98	23,04
50,01	23,19
50,03	23,36
50,06	23,53
50,08	23,70
50,10	23,87
50,13	24,02
50,15	24,23
50,18	24,42
50,20	24,60
50,23	24,75
50,25	24,90
50,28	25,06
50,30	25,25
50,32	25,40
50,35	25,61
50,37	25,78
50,40	25,99
50,42	26,20
50,45	26,42
50,47	26,61
50,50	26,85
50,52	27,02
50,54	27,23
50,57	27,41
50,59	27,63
50,62	27,79
50,64	28,02
50,67	28,16
50,69	28,38
50,72	28,57
50,74	28,82
50,76	29,00
50,79	29,24
50,81	29,40
50,84	29,64
50,86	29,85
50,89	30,06
50,91	30,20
50,94	30,41
50,96	30,60
50,98	30,81
51,01	30,96
51,03	31,14
51,06	31,31
51,08	31,56
51,11	31,76
51,13	31,96
51,15	32,17
51,18	32,39
51,20	32,57
51,23	32,79
51,25	32,91
51,28	33,06
51,30	33,20
51,33	33,33
51,35	33,47
51,37	33,63
51,40	33,76
51,42	33,95
51,45	34,11
51,47	34,27
51,50	34,44
51,52	34,58
51,55	34,71
51,57	34,86
51,59	34,97
51,62	35,10
51,64	35,17
51,67	35,25
51,69	35,38
51,72	35,47
51,74	35,54
51,77	35,65
51,79	35,74
51,81	35,85
51,84	35,93
51,86	35,97
51,89	36,02
51,91	36,07
51,94	36,10
51,96	36,13
51,99	36,14
52,01	36,19
52,03	36,23
52,06	36,24
52,08	36,28
52,11	36,31
52,13	36,34
52,16	36,37
52,18	36,34
52,20	36,31
52,23	36,31
52,25	36,27
52,28	36,24
52,30	36,20
52,33	36,16
52,35	36,14
52,38	36,09
52,40	36,05
52,42	36,03
52,45	35,98
52,47	35,93
52,50	35,85
52,52	35,77
52,55	35,70
52,57	35,61
52,60	35,48
52,62	35,39
52,64	35,25
52,67	35,17
52,69	35,04
52,72	34,94
52,74	34,82
52,77	34,71
52,79	34,54
52,82	34,44
52,84	34,26
52,86	34,12
52,89	33,94
52,91	33,76
52,94	33,55
52,96	33,41
52,99	33,20
53,01	33,06
53,04	32,88
53,06	32,74
53,08	32,58
53,11	32,42
53,13	32,22
53,16	32,08
53,18	31,89
53,21	31,70
53,23	31,51
53,26	31,33
53,28	31,15
53,30	30,99
53,33	30,78
53,35	30,64
53,38	30,49
53,40	30,34
53,43	30,20
53,45	30,09
53,47	29,95
53,50	29,83
53,52	29,67
53,55	29,54
53,57	29,40
53,60	29,24
53,62	29,09
53,65	28,94
53,67	28,80
53,69	28,70
53,72	28,58
53,74	28,48
53,77	28,41
53,79	28,34
53,82	28,30
53,84	28,23
53,87	28,18
53,89	28,15
53,91	28,11
53,94	28,05
53,96	28,02
53,99	27,98
54,01	27,98
54,04	27,95
54,06	27,94
54,09	27,94
54,11	27,95
54,13	27,95
54,16	28,01
54,18	28,02
54,21	28,08
54,23	28,10
54,26	28,15
54,28	28,20
54,31	28,27
54,33	28,29
54,35	28,39
54,38	28,41
54,40	28,50
54,43	28,57
54,45	28,68
54,48	28,76
54,50	28,89
54,52	28,96
54,55	29,11
54,57	29,22
54,60	29,36
54,62	29,47
54,65	29,63
54,67	29,77
54,70	29,92
54,72	30,03
54,74	30,17
54,77	30,33
54,79	30,48
54,82	30,62
54,84	30,77
54,87	30,93
54,89	31,15
54,92	31,34
54,94	31,54
54,96	31,73
54,99	31,95
55,01	32,18
55,04	32,40
55,06	32,57
55,09	32,75
55,11	32,92
55,14	33,10
55,16	33,27
55,18	33,45
55,21	33,63
55,23	33,84
55,26	34,06
55,28	34,29
55,31	34,51
55,33	34,72
55,36	34,97
55,38	35,22
55,40	35,45
55,43	35,65
55,45	35,86
55,48	36,06
55,50	36,31
55,53	36,49
55,55	36,72
55,57	36,93
55,60	37,19
55,62	37,46
55,65	37,73
55,67	37,95
55,70	38,20
55,72	38,40
55,75	38,69
55,77	38,86
55,79	39,05
55,82	39,23
55,84	39,44
55,87	39,62
55,89	39,87
55,92	40,02
55,94	40,30
55,97	40,52
55,99	40,79
56,01	41,01
56,04	41,28
56,06	41,47
56,09	41,72
56,11	41,91
56,14	42,13
56,16	42,30
56,19	42,49
56,21	42,66
56,23	42,85
56,26	43,02
56,28	43,23
56,31	43,40
56,33	43,62
56,36	43,85
56,38	44,04
56,41	44,22
56,43	44,40
56,45	44,58
56,48	44,79
56,50	44,94
56,53	45,07
56,55	45,20
56,58	45,32
56,60	45,46
56,62	45,59
56,65	45,71
56,67	45,83
56,70	45,94
56,72	46,08
56,75	46,22
56,77	46,35
56,80	46,47
56,82	46,58
56,84	46,68
56,87	46,77
56,89	46,86
56,92	46,93
56,94	46,97
56,97	46,98
56,99	47,00
57,02	47,05
57,04	47,08
57,06	47,14
57,09	47,23
57,11	47,27
57,14	47,33
57,16	47,34
57,19	47,34
57,21	47,41
57,24	47,37
57,26	47,28
57,28	47,28
57,31	47,22
57,33	47,21
57,36	47,17
57,38	47,08
57,41	47,05
57,43	47,04
57,46	46,95
57,48	46,91
57,50	46,83
57,53	46,74
57,55	46,66
57,58	46,56
57,60	46,45
57,63	46,37
57,65	46,23
57,68	46,10
57,70	45,96
57,72	45,81
57,75	45,65
57,77	45,47
57,80	45,28
57,82	45,14
57,85	45,00
57,87	44,87
57,89	44,67
57,92	44,49
57,94	44,35
57,97	44,21
57,99	44,00
58,02	43,83
58,04	43,57
58,07	43,42
58,09	43,22
58,11	42,99
58,14	42,77
58,16	42,59
58,19	42,35
58,21	42,21
58,24	41,99
58,26	41,85
58,29	41,68
58,31	41,49
58,33	41,29
58,36	41,12
58,38	40,91
58,41	40,73
58,43	40,53
58,46	40,34
58,48	40,16
58,51	39,97
58,53	39,79
58,55	39,63
58,58	39,48
58,60	39,35
58,63	39,21
58,65	39,09
58,68	39,00
58,70	38,90
58,73	38,79
58,75	38,70
58,77	38,56
58,80	38,45
58,82	38,36
58,85	38,26
58,87	38,19
58,90	38,11
58,92	38,05
58,94	38,00
58,97	37,94
58,99	37,89
59,02	37,89
59,04	37,84
59,07	37,83
59,09	37,79
59,12	37,79
59,14	37,79
59,16	37,83
59,19	37,83
59,21	37,89
59,24	37,90
59,26	37,96
59,29	38,01
59,31	38,10
59,34	38,14
59,36	38,21
59,38	38,25
59,41	38,40
59,43	38,49
59,46	38,60
59,48	38,68
59,51	38,79
59,53	38,89
59,56	39,03
59,58	39,11
59,60	39,25
59,63	39,35
59,65	39,49
59,68	39,63
59,70	39,79
59,73	39,94
59,75	40,12
59,78	40,27
59,80	40,45
59,82	40,64
59,85	40,83
59,87	41,01
59,90	41,21
59,92	41,39
59,95	41,57
59,97	41,74
59,99	41,86
