U1/V	IA/nA
0,02	0,48
0,04	0,50
0,07	0,50
0,09	0,51
0,12	0,51
0,14	0,50
0,17	0,51
0,19	0,50
0,21	0,48
0,24	0,49
0,26	0,48
0,29	0,50
0,31	0,50
0,34	0,50
0,36	0,51
0,39	0,49
0,41	0,48
0,43	0,50
0,46	0,49
0,48	0,50
0,51	0,48
0,53	0,48
0,56	0,50
0,58	0,52
0,61	0,49
0,63	0,51
0,65	0,49
0,68	0,50
0,70	0,50
0,73	0,51
0,75	0,49
0,78	0,51
0,80	0,48
0,83	0,52
0,85	0,52
0,87	0,52
0,90	0,51
0,92	0,52
0,95	0,49
0,97	0,52
1,00	0,49
1,02	0,49
1,05	0,46
1,07	0,47
1,09	0,48
1,12	0,48
1,14	0,46
1,17	0,49
1,19	0,48
1,22	0,49
1,24	0,49
1,26	0,49
1,29	0,50
1,31	0,50
1,34	0,48
1,36	0,49
1,39	0,48
1,41	0,49
1,44	0,50
1,46	0,51
1,48	0,50
1,51	0,51
1,53	0,50
1,56	0,52
1,58	0,52
1,61	0,49
1,63	0,49
1,66	0,48
1,68	0,48
1,70	0,49
1,73	0,48
1,75	0,47
1,78	0,47
1,80	0,47
1,83	0,48
1,85	0,47
1,88	0,46
1,90	0,47
1,92	0,48
1,95	0,47
1,97	0,47
2,00	0,47
2,02	0,49
2,05	0,48
2,07	0,47
2,10	0,47
2,12	0,48
2,14	0,48
2,17	0,50
2,19	0,49
2,22	0,50
2,24	0,49
2,27	0,50
2,29	0,50
2,31	0,51
2,34	0,48
2,36	0,50
2,39	0,47
2,41	0,49
2,44	0,47
2,46	0,47
2,49	0,46
2,51	0,48
2,53	0,46
2,56	0,49
2,58	0,46
2,61	0,48
2,63	0,48
2,66	0,49
2,68	0,48
2,71	0,50
2,73	0,47
2,75	0,50
2,78	0,47
2,80	0,48
2,83	0,47
2,85	0,48
2,88	0,46
2,90	0,50
2,93	0,49
2,95	0,52
2,97	0,51
3,00	0,52
3,02	0,52
3,05	0,52
3,07	0,49
3,10	0,51
3,12	0,48
3,15	0,48
3,17	0,47
3,19	0,46
3,22	0,47
3,24	0,48
3,27	0,47
3,29	0,50
3,32	0,47
3,34	0,47
3,36	0,49
3,39	0,49
3,41	0,49
3,44	0,49
3,46	0,47
3,49	0,49
3,51	0,50
3,54	0,48
3,56	0,49
3,58	0,48
3,61	0,49
3,63	0,51
3,66	0,52
3,68	0,52
3,71	0,52
3,73	0,50
3,76	0,53
3,78	0,52
3,80	0,51
3,83	0,50
3,85	0,49
3,88	0,48
3,90	0,49
3,93	0,46
3,95	0,47
3,98	0,47
4,00	0,48
4,02	0,47
4,05	0,49
4,07	0,48
4,10	0,52
4,12	0,50
4,15	0,51
4,17	0,50
4,20	0,51
4,22	0,50
4,24	0,52
4,27	0,49
4,29	0,50
4,32	0,47
4,34	0,49
4,37	0,50
4,39	0,51
4,42	0,48
4,44	0,50
4,46	0,48
4,49	0,52
4,51	0,50
4,54	0,48
4,56	0,48
4,59	0,49
4,61	0,46
4,63	0,49
4,66	0,46
4,68	0,48
4,71	0,47
4,73	0,48
4,76	0,49
4,78	0,50
4,81	0,48
4,83	0,50
4,85	0,48
4,88	0,50
4,90	0,49
4,93	0,50
4,95	0,49
4,98	0,50
5,00	0,48
5,03	0,49
5,05	0,48
5,07	0,48
5,10	0,50
5,12	0,50
5,15	0,49
5,17	0,50
5,20	0,49
5,22	0,52
5,25	0,53
5,27	0,50
5,29	0,50
5,32	0,49
5,34	0,49
5,37	0,49
5,39	0,47
5,42	0,46
5,44	0,46
5,47	0,46
5,49	0,48
5,51	0,47
5,54	0,48
5,56	0,50
5,59	0,51
5,61	0,51
5,64	0,53
5,66	0,51
5,68	0,52
5,71	0,51
5,73	0,49
5,76	0,48
5,78	0,48
5,81	0,47
5,83	0,51
5,86	0,49
5,88	0,50
5,90	0,50
5,93	0,51
5,95	0,52
5,98	0,53
6,00	0,49
6,03	0,51
6,05	0,49
6,08	0,49
6,10	0,49
6,12	0,48
6,15	0,46
6,17	0,48
6,20	0,46
6,22	0,51
6,25	0,50
6,27	0,51
6,30	0,52
6,32	0,53
6,34	0,52
6,37	0,53
6,39	0,51
6,42	0,51
6,44	0,51
6,47	0,50
6,49	0,50
6,52	0,50
6,54	0,50
6,56	0,52
6,59	0,53
6,61	0,53
6,64	0,51
6,66	0,51
6,69	0,53
6,71	0,52
6,73	0,50
6,76	0,51
6,78	0,48
6,81	0,50
6,83	0,49
6,86	0,49
6,88	0,49
6,91	0,48
6,93	0,48
6,95	0,49
6,98	0,48
7,00	0,48
7,03	0,50
7,05	0,51
7,08	0,52
7,10	0,52
7,13	0,52
7,15	0,52
7,17	0,53
7,20	0,50
7,22	0,51
7,25	0,49
7,27	0,49
7,30	0,49
7,32	0,50
7,35	0,50
7,37	0,51
7,39	0,49
7,42	0,53
7,44	0,53
7,47	0,55
7,49	0,53
7,52	0,52
7,54	0,50
7,57	0,52
7,59	0,48
7,61	0,49
7,64	0,47
7,66	0,47
7,69	0,48
7,71	0,50
7,74	0,49
7,76	0,52
7,78	0,51
7,81	0,53
7,83	0,52
7,86	0,53
7,88	0,53
7,91	0,55
7,93	0,51
7,96	0,54
7,98	0,52
8,00	0,53
8,03	0,53
8,05	0,54
8,08	0,52
8,10	0,53
8,13	0,52
8,15	0,56
8,18	0,55
8,20	0,55
8,22	0,55
8,25	0,54
8,27	0,54
8,30	0,55
8,32	0,52
8,35	0,53
8,37	0,52
8,40	0,51
8,42	0,53
8,44	0,53
8,47	0,53
8,49	0,56
8,52	0,56
8,54	0,57
8,57	0,57
8,59	0,56
8,62	0,57
8,64	0,56
8,66	0,54
8,69	0,54
8,71	0,54
8,74	0,54
8,76	0,55
8,79	0,54
8,81	0,55
8,84	0,55
8,86	0,55
8,88	0,58
8,91	0,59
8,93	0,59
8,96	0,60
8,98	0,56
9,01	0,57
9,03	0,57
9,05	0,56
9,08	0,55
9,10	0,55
9,13	0,53
9,15	0,58
9,18	0,57
9,20	0,58
9,23	0,58
9,25	0,60
9,27	0,60
9,30	0,62
9,32	0,60
9,35	0,62
9,37	0,60
9,40	0,61
9,42	0,60
9,45	0,60
9,47	0,58
9,49	0,60
9,52	0,58
9,54	0,61
9,57	0,60
9,59	0,61
9,62	0,63
9,64	0,65
9,67	0,63
9,69	0,65
9,71	0,62
9,74	0,62
9,76	0,61
9,79	0,61
9,81	0,60
9,84	0,61
9,86	0,60
9,89	0,63
9,91	0,62
9,93	0,63
9,96	0,62
9,98	0,63
10,01	0,64
10,03	0,64
10,06	0,62
10,08	0,64
10,10	0,64
10,13	0,64
10,15	0,65
10,18	0,64
10,20	0,64
10,23	0,65
10,25	0,64
10,28	0,65
10,30	0,66
10,32	0,65
10,35	0,69
10,37	0,68
10,40	0,69
10,42	0,70
10,45	0,68
10,47	0,66
10,50	0,67
10,52	0,65
10,54	0,67
10,57	0,65
10,59	0,65
10,62	0,67
10,64	0,69
10,67	0,68
10,69	0,69
10,72	0,67
10,74	0,70
10,76	0,70
10,79	0,70
10,81	0,68
10,84	0,69
10,86	0,68
10,89	0,70
10,91	0,67
10,94	0,68
10,96	0,67
10,98	0,69
11,01	0,69
11,03	0,70
11,06	0,69
11,08	0,74
11,11	0,73
11,13	0,75
11,15	0,74
11,18	0,73
11,20	0,72
11,23	0,75
11,25	0,72
11,28	0,74
11,30	0,72
11,33	0,73
11,35	0,75
11,37	0,76
11,40	0,74
11,42	0,75
11,45	0,74
11,47	0,76
11,50	0,75
11,52	0,76
11,55	0,75
11,57	0,76
11,59	0,75
11,62	0,77
11,64	0,75
11,67	0,76
11,69	0,75
11,72	0,76
11,74	0,77
11,77	0,78
11,79	0,76
11,81	0,81
11,84	0,80
11,86	0,81
11,89	0,81
11,91	0,81
11,94	0,82
11,96	0,83
11,99	0,81
12,01	0,81
12,03	0,80
12,06	0,79
12,08	0,81
12,11	0,81
12,13	0,81
12,16	0,81
12,18	0,82
12,21	0,83
12,23	0,85
12,25	0,83
12,28	0,84
12,30	0,83
12,33	0,84
12,35	0,84
12,38	0,84
12,40	0,83
12,42	0,85
12,45	0,84
12,47	0,86
12,50	0,85
12,52	0,86
12,55	0,87
12,57	0,88
12,60	0,86
12,62	0,89
12,64	0,87
12,67	0,89
12,69	0,88
12,72	0,89
12,74	0,88
12,77	0,90
12,79	0,89
12,82	0,93
12,84	0,91
12,86	0,92
12,89	0,90
12,91	0,92
12,94	0,92
12,96	0,93
12,99	0,90
13,01	0,93
13,04	0,92
13,06	0,93
13,08	0,95
13,11	0,95
13,13	0,94
13,16	0,96
13,18	0,94
13,21	0,97
13,23	0,96
13,26	0,94
13,28	0,95
13,30	0,95
13,33	0,94
13,35	0,96
13,38	0,96
13,40	0,97
13,43	0,96
13,45	0,97
13,47	0,98
13,50	0,97
13,52	0,96
13,55	0,97
13,57	0,97
13,60	0,99
13,62	0,99
13,65	1,00
13,67	1,03
13,69	1,04
13,72	1,03
13,74	1,03
13,77	1,04
13,79	1,04
13,82	1,07
13,84	1,05
13,87	1,06
13,89	1,06
13,91	1,07
13,94	1,08
13,96	1,08
13,99	1,06
14,01	1,08
14,04	1,07
14,06	1,08
14,09	1,08
14,11	1,08
14,13	1,06
14,16	1,07
14,18	1,05
14,21	1,08
14,23	1,06
14,26	1,07
14,28	1,07
14,31	1,09
14,33	1,07
14,35	1,09
14,38	1,07
14,40	1,10
14,43	1,08
14,45	1,09
14,48	1,09
14,50	1,11
14,52	1,10
14,55	1,14
14,57	1,12
14,60	1,15
14,62	1,14
14,65	1,16
14,67	1,14
14,70	1,16
14,72	1,12
14,74	1,15
14,77	1,12
14,79	1,13
14,82	1,12
14,84	1,13
14,87	1,12
14,89	1,14
14,92	1,12
14,94	1,14
14,96	1,11
14,99	1,11
15,01	1,10
15,04	1,12
15,06	1,11
15,09	1,12
15,11	1,11
15,14	1,15
15,16	1,16
15,18	1,17
15,21	1,17
15,23	1,19
15,26	1,18
15,28	1,21
15,31	1,21
15,33	1,22
15,36	1,22
15,38	1,22
15,40	1,22
15,43	1,23
15,45	1,22
15,48	1,22
15,50	1,20
15,53	1,20
15,55	1,20
15,57	1,19
15,60	1,20
15,62	1,19
15,65	1,19
15,67	1,20
15,70	1,19
15,72	1,19
15,75	1,23
15,77	1,21
15,79	1,23
15,82	1,23
15,84	1,23
15,87	1,25
15,89	1,26
15,92	1,23
15,94	1,25
15,97	1,23
15,99	1,25
16,01	1,27
16,04	1,28
16,06	1,27
16,09	1,29
16,11	1,27
16,14	1,30
16,16	1,30
16,19	1,29
16,21	1,28
16,23	1,29
16,26	1,27
16,28	1,30
16,31	1,28
16,33	1,29
16,36	1,27
16,38	1,29
16,41	1,30
16,43	1,30
16,45	1,28
16,48	1,32
16,50	1,32
16,53	1,35
16,55	1,34
16,58	1,35
16,60	1,36
16,63	1,39
16,65	1,35
16,67	1,37
16,70	1,36
16,72	1,37
16,75	1,39
16,77	1,40
16,80	1,40
16,82	1,41
16,84	1,41
16,87	1,44
16,89	1,44
16,92	1,42
16,94	1,43
16,97	1,43
16,99	1,45
17,02	1,46
17,04	1,46
17,06	1,47
17,09	1,47
17,11	1,46
17,14	1,49
17,16	1,49
17,19	1,50
17,21	1,51
17,24	1,52
17,26	1,53
17,28	1,57
17,31	1,57
17,33	1,58
17,36	1,58
17,38	1,58
17,41	1,58
17,43	1,59
17,46	1,58
17,48	1,62
17,50	1,62
17,53	1,63
17,55	1,64
17,58	1,65
17,60	1,67
17,63	1,70
17,65	1,67
17,68	1,69
17,70	1,67
17,72	1,70
17,75	1,70
17,77	1,70
17,80	1,68
17,82	1,71
17,85	1,70
17,87	1,74
17,89	1,72
17,92	1,74
17,94	1,76
17,97	1,79
17,99	1,78
18,02	1,80
18,04	1,79
18,07	1,81
18,09	1,81
18,11	1,81
18,14	1,81
18,16	1,83
18,19	1,82
18,21	1,87
18,24	1,87
18,26	1,88
18,29	1,88
18,31	1,90
18,33	1,90
18,36	1,92
18,38	1,89
18,41	1,91
18,43	1,89
18,46	1,90
18,48	1,89
18,51	1,89
18,53	1,89
18,55	1,89
18,58	1,89
18,60	1,91
18,63	1,91
18,65	1,91
18,68	1,94
18,70	1,95
18,73	1,96
18,75	1,97
18,77	1,96
18,80	1,96
18,82	1,98
18,85	1,95
18,87	1,96
18,90	1,95
18,92	1,94
18,94	1,97
18,97	1,98
18,99	1,98
19,02	2,00
19,04	1,98
19,07	2,02
19,09	2,01
19,12	2,01
19,14	2,00
19,16	1,98
19,19	1,96
19,21	1,96
19,24	1,92
19,26	1,94
19,29	1,93
19,31	1,94
19,34	1,95
19,36	1,96
19,38	1,95
19,41	2,00
19,43	1,97
19,46	1,99
19,48	1,97
19,51	1,98
19,53	1,96
19,56	1,97
19,58	1,94
19,60	1,96
19,63	1,93
19,65	1,95
19,68	1,95
19,70	1,97
19,73	1,96
19,75	1,97
19,78	1,94
19,80	1,99
19,82	1,96
19,85	1,96
19,87	1,94
19,90	1,94
19,92	1,93
19,95	1,94
19,97	1,91
19,99	1,92
20,02	1,91
20,04	1,92
20,07	1,92
20,09	1,93
20,12	1,92
20,14	1,96
20,17	1,95
20,19	1,96
20,21	1,96
20,24	1,97
20,26	1,97
20,29	1,98
20,31	1,94
20,34	1,95
20,36	1,95
20,39	1,95
20,41	1,95
20,43	1,94
20,46	1,95
20,48	1,95
20,51	1,95
20,53	1,98
20,56	1,98
20,58	1,98
20,61	2,00
20,63	1,98
20,65	1,98
20,68	1,99
20,70	1,98
20,73	1,97
20,75	1,98
20,78	1,96
20,80	2,00
20,83	2,00
20,85	2,01
20,87	2,03
20,90	2,05
20,92	2,05
20,95	2,07
20,97	2,06
21,00	2,08
21,02	2,07
21,05	2,07
21,07	2,07
21,09	2,08
21,12	2,08
21,14	2,11
21,17	2,10
21,19	2,12
21,22	2,12
21,24	2,13
21,26	2,16
21,29	2,18
21,31	2,17
21,34	2,20
21,36	2,18
21,39	2,21
21,41	2,21
21,44	2,23
21,46	2,23
21,48	2,25
21,51	2,25
21,53	2,31
21,56	2,30
21,58	2,33
21,61	2,35
21,63	2,39
21,66	2,40
21,68	2,43
21,70	2,42
21,73	2,45
21,75	2,46
21,78	2,47
21,80	2,48
21,83	2,49
21,85	2,49
21,88	2,53
21,90	2,54
21,92	2,57
21,95	2,57
21,97	2,57
22,00	2,63
22,02	2,65
22,05	2,66
22,07	2,68
22,10	2,67
22,12	2,69
22,14	2,71
22,17	2,70
22,19	2,73
22,22	2,74
22,24	2,76
22,27	2,80
22,29	2,82
22,31	2,83
22,34	2,87
22,36	2,87
22,39	2,91
22,41	2,92
22,44	2,93
22,46	2,96
22,49	2,99
22,51	3,00
22,53	3,04
22,56	3,02
22,58	3,04
22,61	3,06
22,63	3,09
22,66	3,09
22,68	3,11
22,71	3,09
22,73	3,17
22,75	3,16
22,78	3,18
22,80	3,17
22,83	3,17
22,85	3,16
22,88	3,19
22,90	3,16
22,93	3,20
22,95	3,18
22,97	3,19
23,00	3,22
23,02	3,25
23,05	3,23
23,07	3,26
23,10	3,25
23,12	3,28
23,15	3,28
23,17	3,29
23,19	3,28
23,22	3,30
23,24	3,29
23,27	3,31
23,29	3,29
23,32	3,31
23,34	3,30
23,36	3,31
23,39	3,30
23,41	3,31
23,44	3,29
23,46	3,35
23,49	3,34
23,51	3,35
23,54	3,33
23,56	3,32
23,58	3,31
23,61	3,31
23,63	3,27
23,66	3,26
23,68	3,23
23,71	3,23
23,73	3,25
23,76	3,25
23,78	3,24
23,80	3,25
23,83	3,24
23,85	3,25
23,88	3,25
23,90	3,22
23,93	3,22
23,95	3,20
23,98	3,19
24,00	3,19
24,02	3,17
24,05	3,16
24,07	3,16
24,10	3,14
24,12	3,16
24,15	3,16
24,17	3,15
24,20	3,17
24,22	3,16
24,24	3,14
24,27	3,14
24,29	3,11
24,32	3,11
24,34	3,10
24,37	3,08
24,39	3,08
24,42	3,06
24,44	3,04
24,46	3,06
24,49	3,03
24,51	3,03
24,54	3,00
24,56	3,00
24,59	2,99
24,61	3,01
24,63	2,98
24,66	3,00
24,68	2,98
24,71	2,99
24,73	2,98
24,76	2,98
24,78	2,95
24,81	2,96
24,83	2,93
24,85	2,95
24,88	2,93
24,90	2,93
24,93	2,94
24,95	2,96
24,98	2,94
25,00	2,96
25,03	2,93
25,05	2,95
25,07	2,94
25,10	2,94
25,12	2,93
25,15	2,92
25,17	2,92
25,20	2,94
25,22	2,94
25,25	2,95
25,27	2,95
25,29	2,97
25,32	2,99
25,34	3,00
25,37	2,99
25,39	3,00
25,42	3,00
25,44	3,02
25,47	3,03
25,49	3,01
25,51	3,02
25,54	3,04
25,56	3,06
25,59	3,08
25,61	3,10
25,64	3,09
25,66	3,12
25,68	3,13
25,71	3,15
25,73	3,17
25,76	3,18
25,78	3,17
25,81	3,20
25,83	3,22
25,86	3,26
25,88	3,24
25,90	3,27
25,93	3,29
25,95	3,32
25,98	3,34
26,00	3,37
26,03	3,38
26,05	3,44
26,08	3,45
26,10	3,49
26,12	3,51
26,15	3,55
26,17	3,55
26,20	3,61
26,22	3,60
26,25	3,64
26,27	3,65
26,30	3,70
26,32	3,72
26,34	3,78
26,37	3,78
26,39	3,84
26,42	3,86
26,44	3,90
26,47	3,92
26,49	3,96
26,52	3,98
26,54	4,03
26,56	4,06
26,59	4,11
26,61	4,11
26,64	4,16
26,66	4,18
26,69	4,23
26,71	4,26
26,73	4,31
26,76	4,34
26,78	4,42
26,81	4,45
26,83	4,48
26,86	4,52
26,88	4,56
26,91	4,58
26,93	4,62
26,95	4,64
26,98	4,68
27,00	4,71
27,03	4,75
27,05	4,79
27,08	4,83
27,10	4,86
27,13	4,91
27,15	4,94
27,17	4,97
27,20	4,99
27,22	5,01
27,25	5,04
27,27	5,06
27,30	5,08
27,32	5,10
27,35	5,12
27,37	5,14
27,39	5,20
27,42	5,21
27,44	5,25
27,47	5,26
27,49	5,29
27,52	5,32
27,54	5,34
27,57	5,34
27,59	5,36
27,61	5,36
27,64	5,39
27,66	5,41
27,69	5,44
27,71	5,44
27,74	5,46
27,76	5,46
27,78	5,48
27,81	5,47
27,83	5,48
27,86	5,47
27,88	5,48
27,91	5,46
27,93	5,47
27,96	5,45
27,98	5,47
28,00	5,44
28,03	5,45
28,05	5,43
28,08	5,43
28,10	5,40
28,13	5,42
28,15	5,39
28,18	5,39
28,20	5,37
28,22	5,37
28,25	5,37
28,27	5,37
28,30	5,33
28,32	5,33
28,35	5,30
28,37	5,30
28,40	5,28
28,42	5,26
28,44	5,24
28,47	5,22
28,49	5,19
28,52	5,20
28,54	5,16
28,57	5,14
28,59	5,11
28,62	5,08
28,64	5,05
28,66	5,04
28,69	5,00
28,71	4,98
28,74	4,94
28,76	4,91
28,79	4,90
28,81	4,86
28,84	4,83
28,86	4,82
28,88	4,79
28,91	4,78
28,93	4,76
28,96	4,73
28,98	4,73
29,01	4,70
29,03	4,67
29,05	4,65
29,08	4,63
29,10	4,61
29,13	4,61
29,15	4,59
29,18	4,58
29,20	4,56
29,23	4,54
29,25	4,53
29,27	4,51
29,30	4,47
29,32	4,46
29,35	4,42
29,37	4,42
29,40	4,40
29,42	4,39
29,45	4,37
29,47	4,36
29,49	4,35
29,52	4,37
29,54	4,33
29,57	4,33
29,59	4,32
29,62	4,33
29,64	4,32
29,67	4,33
29,69	4,31
29,71	4,35
29,74	4,33
29,76	4,34
29,79	4,33
29,81	4,34
29,84	4,32
29,86	4,36
29,89	4,35
29,91	4,38
29,93	4,37
29,96	4,39
29,98	4,40
30,01	4,43
30,03	4,40
30,06	4,43
30,08	4,42
30,10	4,45
30,13	4,45
30,15	4,46
30,18	4,47
30,20	4,50
30,23	4,50
30,25	4,55
30,28	4,55
30,30	4,59
30,32	4,63
30,35	4,65
30,37	4,64
30,40	4,68
30,42	4,69
30,45	4,73
30,47	4,76
30,50	4,77
30,52	4,82
30,54	4,87
30,57	4,91
30,59	4,97
30,62	5,02
30,64	5,06
30,67	5,10
30,69	5,13
30,72	5,19
30,74	5,22
30,76	5,25
30,79	5,29
30,81	5,32
30,84	5,35
30,86	5,41
30,89	5,45
30,91	5,52
30,94	5,56
30,96	5,62
30,98	5,67
31,01	5,74
31,03	5,77
31,06	5,85
31,08	5,88
31,11	5,95
31,13	5,99
31,15	6,06
31,18	6,12
31,20	6,19
31,23	6,23
31,25	6,31
31,28	6,36
31,30	6,44
31,33	6,52
31,35	6,58
31,37	6,63
31,40	6,70
31,42	6,74
31,45	6,83
31,47	6,90
31,50	6,94
31,52	7,01
31,55	7,07
31,57	7,13
31,59	7,21
31,62	7,25
31,64	7,32
31,67	7,37
31,69	7,44
31,72	7,51
31,74	7,58
31,77	7,62
31,79	7,71
31,81	7,75
31,84	7,81
31,86	7,87
31,89	7,93
31,91	7,98
31,94	8,04
31,96	8,06
31,99	8,13
32,01	8,18
32,03	8,24
32,06	8,30
32,08	8,33
32,11	8,37
32,13	8,40
32,16	8,43
32,18	8,48
32,20	8,50
32,23	8,51
32,25	8,55
32,28	8,57
32,30	8,61
32,33	8,64
32,35	8,65
32,38	8,67
32,40	8,68
32,42	8,69
32,45	8,73
32,47	8,72
32,50	8,73
32,52	8,74
32,55	8,75
32,57	8,75
32,60	8,77
32,62	8,76
32,64	8,77
32,67	8,76
32,69	8,74
32,72	8,73
32,74	8,72
32,77	8,70
32,79	8,71
32,82	8,68
32,84	8,67
32,86	8,63
32,89	8,62
32,91	8,60
32,94	8,59
32,96	8,52
32,99	8,51
33,01	8,45
33,04	8,44
33,06	8,38
33,08	8,34
33,11	8,29
33,13	8,26
33,16	8,20
33,18	8,19
33,21	8,13
33,23	8,10
33,26	8,07
33,28	8,04
33,30	7,99
33,33	7,96
33,35	7,89
33,38	7,86
33,40	7,80
33,43	7,75
33,45	7,69
33,47	7,64
33,50	7,58
33,52	7,57
33,55	7,51
33,57	7,48
33,60	7,43
33,62	7,38
33,65	7,35
33,67	7,32
33,69	7,25
33,72	7,22
33,74	7,16
33,77	7,10
33,79	7,06
33,82	7,01
33,84	6,98
33,87	6,93
33,89	6,88
33,91	6,86
33,94	6,82
33,96	6,78
33,99	6,77
34,01	6,72
34,04	6,69
34,06	6,65
34,09	6,63
34,11	6,60
34,13	6,58
34,16	6,53
34,18	6,52
34,21	6,49
34,23	6,48
34,26	6,47
34,28	6,46
34,31	6,45
34,33	6,44
34,35	6,41
34,38	6,45
34,40	6,43
34,43	6,42
34,45	6,41
34,48	6,39
34,50	6,38
34,52	6,39
34,55	6,36
34,57	6,39
34,60	6,37
34,62	6,39
34,65	6,41
34,67	6,43
34,70	6,44
34,72	6,49
34,74	6,49
34,77	6,54
34,79	6,56
34,82	6,59
34,84	6,61
34,87	6,64
34,89	6,63
34,92	6,68
34,94	6,69
34,96	6,73
34,99	6,76
35,01	6,80
35,04	6,85
35,06	6,91
35,09	6,93
35,11	7,02
35,14	7,05
35,16	7,11
35,18	7,14
35,21	7,17
35,23	7,20
35,26	7,26
35,28	7,29
35,31	7,35
35,33	7,38
35,36	7,45
35,38	7,54
35,40	7,62
35,43	7,67
35,45	7,76
35,48	7,83
35,50	7,92
35,53	8,01
35,55	8,07
35,57	8,14
35,60	8,20
35,62	8,25
35,65	8,32
35,67	8,39
35,70	8,45
35,72	8,55
35,75	8,62
35,77	8,72
35,79	8,81
35,82	8,90
35,84	9,02
35,87	9,12
35,89	9,17
35,92	9,27
35,94	9,32
35,97	9,43
35,99	9,50
36,01	9,57
36,04	9,64
36,06	9,75
36,09	9,85
36,11	9,99
36,14	10,07
36,16	10,18
36,19	10,30
36,21	10,42
36,23	10,51
36,26	10,61
36,28	10,68
36,31	10,79
36,33	10,87
36,36	10,95
36,38	11,03
36,41	11,12
36,43	11,21
36,45	11,34
36,48	11,42
36,50	11,53
36,53	11,61
36,55	11,71
36,58	11,84
36,60	11,92
36,62	12,00
36,65	12,10
36,67	12,15
36,70	12,24
36,72	12,31
36,75	12,36
36,77	12,44
36,80	12,50
36,82	12,55
36,84	12,65
36,87	12,71
36,89	12,78
36,92	12,85
36,94	12,90
36,97	12,97
36,99	13,02
37,02	13,05
37,04	13,09
37,06	13,12
37,09	13,15
37,11	13,20
37,14	13,20
37,16	13,23
37,19	13,26
37,21	13,29
37,24	13,31
37,26	13,32
37,28	13,32
37,31	13,37
37,33	13,37
37,36	13,37
37,38	13,37
37,41	13,34
37,43	13,31
37,46	13,30
37,48	13,26
37,50	13,25
37,53	13,20
37,55	13,18
37,58	13,16
37,60	13,14
37,63	13,09
37,65	13,06
37,68	13,02
37,70	13,00
37,72	12,95
37,75	12,90
37,77	12,85
37,80	12,80
37,82	12,73
37,85	12,69
37,87	12,58
37,89	12,53
37,92	12,44
37,94	12,38
37,97	12,30
37,99	12,25
38,02	12,14
38,04	12,13
38,07	12,03
38,09	11,98
38,11	11,87
38,14	11,79
38,16	11,68
38,19	11,61
38,21	11,48
38,24	11,41
38,26	11,28
38,29	11,21
38,31	11,13
38,33	11,07
38,36	10,99
38,38	10,94
38,41	10,85
38,43	10,81
38,46	10,73
38,48	10,67
38,51	10,58
38,53	10,51
38,55	10,40
38,58	10,35
38,60	10,24
38,63	10,19
38,65	10,11
38,68	10,05
38,70	9,98
38,73	9,94
38,75	9,87
38,77	9,86
38,80	9,80
38,82	9,75
38,85	9,70
38,87	9,66
38,90	9,60
38,92	9,56
38,94	9,50
38,97	9,47
38,99	9,42
39,02	9,38
39,04	9,37
39,07	9,35
39,09	9,33
39,12	9,30
39,14	9,28
39,16	9,28
39,19	9,28
39,21	9,26
39,24	9,26
39,26	9,24
39,29	9,26
39,31	9,26
39,34	9,26
39,36	9,26
39,38	9,28
39,41	9,28
39,43	9,31
39,46	9,33
39,48	9,35
39,51	9,38
39,53	9,41
39,56	9,42
39,58	9,46
39,60	9,49
39,63	9,55
39,65	9,58
39,68	9,64
39,70	9,67
39,73	9,72
39,75	9,75
39,78	9,81
39,80	9,84
39,82	9,91
39,85	9,96
39,87	10,02
39,90	10,10
39,92	10,18
39,95	10,24
39,97	10,32
39,99	10,38
40,02	10,47
40,04	10,57
40,07	10,62
40,09	10,70
40,12	10,79
40,14	10,86
40,17	10,96
40,19	11,03
40,21	11,11
40,24	11,23
40,26	11,32
40,29	11,42
40,31	11,53
40,34	11,63
40,36	11,74
40,39	11,84
40,41	11,95
40,43	12,07
40,46	12,15
40,48	12,26
40,51	12,38
40,53	12,49
40,56	12,59
40,58	12,71
40,61	12,83
40,63	12,98
40,65	13,09
40,68	13,22
40,70	13,34
40,73	13,49
40,75	13,62
40,78	13,76
40,80	13,84
40,83	13,98
40,85	14,09
40,87	14,23
40,90	14,36
40,92	14,50
40,95	14,61
40,97	14,80
41,00	14,92
41,02	15,09
41,05	15,22
41,07	15,37
41,09	15,50
41,12	15,64
41,14	15,73
41,17	15,87
41,19	15,95
41,22	16,08
41,24	16,19
41,26	16,33
41,29	16,44
41,31	16,59
41,34	16,70
41,36	16,86
41,39	16,99
41,41	17,10
41,44	17,20
41,46	17,35
41,48	17,45
41,51	17,58
41,53	17,66
41,56	17,77
41,58	17,88
41,61	17,99
41,63	18,08
41,66	18,19
41,68	18,27
41,70	18,38
41,73	18,45
41,75	18,54
41,78	18,61
41,80	18,66
41,83	18,72
41,85	18,77
41,88	18,83
41,90	18,89
41,92	18,90
41,95	18,94
41,97	19,01
42,00	19,05
42,02	19,08
42,05	19,10
42,07	19,12
42,10	19,16
42,12	19,17
42,14	19,16
42,17	19,16
42,19	19,16
42,22	19,15
42,24	19,16
42,27	19,14
42,29	19,11
42,31	19,08
42,34	19,04
42,36	19,03
42,39	19,00
42,41	18,94
42,44	18,91
42,46	18,87
42,49	18,81
42,51	18,77
42,53	18,70
42,56	18,65
42,58	18,58
42,61	18,53
42,63	18,46
42,66	18,37
42,68	18,28
42,71	18,21
42,73	18,10
42,75	18,03
42,78	17,91
42,80	17,80
42,83	17,70
42,85	17,61
42,88	17,50
42,90	17,41
42,93	17,28
42,95	17,20
42,97	17,11
43,00	17,03
43,02	16,91
43,05	16,80
43,07	16,65
43,10	16,56
43,12	16,42
43,15	16,29
43,17	16,14
43,19	16,02
43,22	15,89
43,24	15,82
43,27	15,69
43,29	15,60
43,32	15,47
43,34	15,39
43,36	15,30
43,39	15,19
43,41	15,05
43,44	14,98
43,46	14,86
43,49	14,76
43,51	14,64
43,54	14,54
43,56	14,46
43,58	14,39
43,61	14,29
43,63	14,22
43,66	14,15
43,68	14,09
43,71	14,05
43,73	13,99
43,76	13,92
43,78	13,85
43,80	13,79
43,83	13,75
43,85	13,69
43,88	13,62
43,90	13,58
43,93	13,53
43,95	13,51
43,98	13,48
44,00	13,45
44,02	13,43
44,05	13,41
44,07	13,38
44,10	13,40
44,12	13,38
44,15	13,38
44,17	13,38
44,20	13,40
44,22	13,40
44,24	13,44
44,27	13,44
44,29	13,48
44,32	13,49
44,34	13,53
44,37	13,55
44,39	13,60
44,41	13,62
44,44	13,71
44,46	13,75
44,49	13,83
44,51	13,89
44,54	13,97
44,56	14,04
44,59	14,13
44,61	14,14
44,63	14,23
44,66	14,26
44,68	14,34
44,71	14,41
44,73	14,49
44,76	14,57
44,78	14,68
44,81	14,77
44,83	14,91
44,85	15,02
44,88	15,14
44,90	15,28
44,93	15,40
44,95	15,51
44,98	15,64
45,00	15,74
45,03	15,86
45,05	15,96
45,07	16,06
45,10	16,17
45,12	16,31
45,15	16,45
45,17	16,63
45,20	16,77
45,22	16,92
45,25	17,08
45,27	17,23
45,29	17,40
45,32	17,53
45,34	17,64
45,37	17,78
45,39	17,91
45,42	18,05
45,44	18,19
45,47	18,32
45,49	18,50
45,51	18,67
45,54	18,84
45,56	19,01
45,59	19,18
45,61	19,36
45,64	19,58
45,66	19,72
45,68	19,88
45,71	20,02
45,73	20,19
45,76	20,33
45,78	20,50
45,81	20,62
45,83	20,81
45,86	20,96
45,88	21,16
45,90	21,36
45,93	21,55
45,95	21,70
45,98	21,90
46,00	22,02
46,03	22,22
46,05	22,37
46,08	22,51
46,10	22,66
46,12	22,83
46,15	22,97
46,17	23,17
46,20	23,29
46,22	23,46
46,25	23,60
46,27	23,77
46,30	23,92
46,32	24,08
46,34	24,22
46,37	24,39
46,39	24,52
46,42	24,67
46,44	24,79
46,47	24,90
46,49	25,00
46,52	25,11
46,54	25,21
46,56	25,32
46,59	25,41
46,61	25,52
46,64	25,66
46,66	25,79
46,69	25,87
46,71	25,97
46,73	26,05
46,76	26,16
46,78	26,22
46,81	26,26
46,83	26,31
46,86	26,35
46,88	26,40
46,91	26,47
46,93	26,50
46,95	26,55
46,98	26,58
47,00	26,62
47,03	26,67
47,05	26,68
47,08	26,68
47,10	26,71
47,13	26,70
47,15	26,70
47,17	26,68
47,20	26,67
47,22	26,66
47,25	26,64
47,27	26,58
47,30	26,57
47,32	26,54
47,35	26,49
47,37	26,46
47,39	26,41
47,42	26,36
47,44	26,30
47,47	26,24
47,49	26,20
47,52	26,13
47,54	26,02
47,57	25,92
47,59	25,80
47,61	25,70
47,64	25,58
47,66	25,44
47,69	25,33
47,71	25,22
47,74	25,09
47,76	25,02
47,78	24,91
47,81	24,81
47,83	24,70
47,86	24,58
47,88	24,45
47,91	24,35
47,93	24,17
47,96	24,03
47,98	23,85
48,00	23,70
48,03	23,53
48,05	23,38
48,08	23,19
48,10	23,08
48,13	22,92
48,15	22,80
48,18	22,65
48,20	22,53
48,22	22,40
48,25	22,27
48,27	22,10
48,30	21,98
48,32	21,77
48,35	21,62
48,37	21,45
48,40	21,30
48,42	21,15
48,44	21,02
48,47	20,88
48,49	20,81
48,52	20,70
48,54	20,61
48,57	20,52
48,59	20,44
48,62	20,33
48,64	20,24
48,66	20,13
48,69	20,05
48,71	19,96
48,74	19,85
48,76	19,78
48,79	19,69
48,81	19,61
48,84	19,55
48,86	19,50
48,88	19,46
48,91	19,41
48,93	19,37
48,96	19,38
48,98	19,36
49,01	19,34
49,03	19,33
49,05	19,31
49,08	19,33
49,10	19,33
49,13	19,32
49,15	19,35
49,18	19,36
49,20	19,39
49,23	19,43
49,25	19,46
49,27	19,50
49,30	19,55
49,32	19,60
49,35	19,68
49,37	19,73
49,40	19,81
49,42	19,90
49,45	19,99
49,47	20,09
49,49	20,19
49,52	20,24
49,54	20,35
49,57	20,41
49,59	20,51
49,62	20,59
49,64	20,70
49,67	20,80
49,69	20,97
49,71	21,08
49,74	21,25
49,76	21,37
49,79	21,53
49,81	21,66
49,84	21,80
49,86	21,90
49,89	22,04
49,91	22,15
49,93	22,30
49,96	22,43
49,98	22,59
50,01	22,77
50,03	22,95
50,06	23,12
50,08	23,32
50,10	23,49
50,13	23,67
50,15	23,86
50,18	24,03
50,20	24,19
50,23	24,37
50,25	24,53
50,28	24,71
50,30	24,88
50,32	25,04
50,35	25,22
50,37	25,43
50,40	25,62
50,42	25,85
50,45	26,04
50,47	26,27
50,50	26,47
50,52	26,67
50,54	26,86
50,57	27,05
50,59	27,20
50,62	27,39
50,64	27,58
50,67	27,74
50,69	27,94
50,72	28,13
50,74	28,36
50,76	28,58
50,79	28,80
50,81	29,03
50,84	29,25
50,86	29,45
50,89	29,67
50,91	29,84
50,94	30,03
50,96	30,20
50,98	30,38
51,01	30,56
51,03	30,77
51,06	30,92
51,08	31,15
51,11	31,31
51,13	31,52
51,15	31,72
51,18	31,94
51,20	32,12
51,23	32,35
51,25	32,50
51,28	32,68
51,30	32,81
51,33	32,96
51,35	33,07
51,37	33,21
51,40	33,32
51,42	33,51
51,45	33,65
51,47	33,81
51,50	33,94
51,52	34,09
51,55	34,22
51,57	34,36
51,59	34,43
51,62	34,55
51,64	34,65
51,67	34,76
51,69	34,86
51,72	34,96
51,74	35,03
51,77	35,14
51,79	35,19
51,81	35,28
51,84	35,33
51,86	35,41
51,89	35,50
51,91	35,58
51,94	35,62
51,96	35,69
51,99	35,73
52,01	35,80
52,03	35,81
52,06	35,81
52,08	35,81
52,11	35,81
52,13	35,81
52,16	35,81
52,18	35,78
52,20	35,78
52,23	35,74
52,25	35,71
52,28	35,71
52,30	35,67
52,33	35,61
52,35	35,57
52,38	35,50
52,40	35,46
52,42	35,40
52,45	35,33
52,47	35,24
52,50	35,16
52,52	35,03
52,55	34,94
52,57	34,82
52,60	34,71
52,62	34,61
52,64	34,51
52,67	34,40
52,69	34,29
52,72	34,18
52,74	34,08
52,77	33,94
52,79	33,78
52,82	33,62
52,84	33,45
52,86	33,30
52,89	33,13
52,91	32,93
52,94	32,75
52,96	32,57
52,99	32,40
53,01	32,26
53,04	32,10
53,06	31,93
53,08	31,79
53,11	31,64
53,13	31,47
53,16	31,32
53,18	31,12
53,21	30,97
53,23	30,76
53,26	30,56
53,28	30,37
53,30	30,20
53,33	30,03
53,35	29,92
53,38	29,74
53,40	29,63
53,43	29,47
53,45	29,36
53,47	29,22
53,50	29,08
53,52	28,89
53,55	28,76
53,57	28,59
53,60	28,48
53,62	28,34
53,65	28,23
53,67	28,11
53,69	28,02
53,72	27,93
53,74	27,87
53,77	27,79
53,79	27,72
53,82	27,67
53,84	27,63
53,87	27,57
53,89	27,53
53,91	27,47
53,94	27,43
53,96	27,39
53,99	27,35
54,01	27,33
54,04	27,31
54,06	27,28
54,09	27,30
54,11	27,31
54,13	27,35
54,16	27,38
54,18	27,40
54,21	27,48
54,23	27,54
54,26	27,59
54,28	27,66
54,31	27,72
54,33	27,77
54,35	27,87
54,38	27,91
54,40	28,00
54,43	28,06
54,45	28,13
54,48	28,21
54,50	28,33
54,52	28,40
54,55	28,57
54,57	28,68
54,60	28,85
54,62	29,00
54,65	29,17
54,67	29,31
54,70	29,49
54,72	29,57
54,74	29,74
54,77	29,84
54,79	29,99
54,82	30,15
54,84	30,30
54,87	30,45
54,89	30,66
54,92	30,83
54,94	31,09
54,96	31,27
54,99	31,47
55,01	31,68
55,04	31,87
55,06	32,07
55,09	32,28
55,11	32,42
55,14	32,60
55,16	32,78
55,18	32,97
55,21	33,18
55,23	33,38
55,26	33,58
55,28	33,83
55,31	34,05
55,33	34,29
55,36	34,51
55,38	34,75
55,40	35,00
55,43	35,22
55,45	35,42
55,48	35,64
55,50	35,84
55,53	36,06
55,55	36,28
55,57	36,50
55,60	36,75
55,62	36,99
55,65	37,26
55,67	37,53
55,70	37,77
55,72	38,00
55,75	38,22
55,77	38,39
55,79	38,61
55,82	38,79
55,84	38,98
55,87	39,18
55,89	39,38
55,92	39,58
55,94	39,85
55,97	40,08
55,99	40,33
56,01	40,59
56,04	40,82
56,06	41,05
56,09	41,30
56,11	41,49
56,14	41,70
56,16	41,88
56,19	42,03
56,21	42,20
56,23	42,41
56,26	42,55
56,28	42,76
56,31	42,91
56,33	43,12
56,36	43,33
56,38	43,50
56,41	43,68
56,43	43,89
56,45	44,05
56,48	44,24
56,50	44,35
56,53	44,49
56,55	44,63
56,58	44,76
56,60	44,87
56,62	44,99
56,65	45,10
56,67	45,22
56,70	45,31
56,72	45,45
56,75	45,55
56,77	45,66
56,80	45,77
56,82	45,88
56,84	45,98
56,87	46,09
56,89	46,15
56,92	46,23
56,94	46,27
56,97	46,31
56,99	46,34
57,02	46,43
57,04	46,47
57,06	46,54
57,09	46,57
57,11	46,61
57,14	46,65
57,16	46,68
57,19	46,67
57,21	46,70
57,24	46,66
57,26	46,65
57,28	46,59
57,31	46,55
57,33	46,51
57,36	46,44
57,38	46,37
57,41	46,33
57,43	46,27
57,46	46,20
57,48	46,12
57,50	46,01
57,53	45,90
57,55	45,78
57,58	45,69
57,60	45,57
57,63	45,48
57,65	45,35
57,68	45,25
57,70	45,13
57,72	45,00
57,75	44,83
57,77	44,64
57,80	44,46
57,82	44,29
57,85	44,11
57,87	43,97
57,89	43,79
57,92	43,62
57,94	43,48
57,97	43,31
57,99	43,12
58,02	42,94
58,04	42,72
58,07	42,53
58,09	42,32
58,11	42,12
58,14	41,91
58,16	41,70
58,19	41,47
58,21	41,29
58,24	41,10
58,26	40,93
58,29	40,73
58,31	40,57
58,33	40,38
58,36	40,23
58,38	40,02
58,41	39,83
58,43	39,60
58,46	39,45
58,48	39,26
58,51	39,10
58,53	38,92
58,55	38,79
58,58	38,65
58,60	38,56
58,63	38,38
58,65	38,24
58,68	38,10
58,70	37,99
58,73	37,88
58,75	37,79
58,77	37,68
58,80	37,63
58,82	37,55
58,85	37,51
58,87	37,47
58,90	37,41
58,92	37,33
58,94	37,28
58,97	37,21
58,99	37,21
59,02	37,17
59,04	37,13
59,07	37,12
59,09	37,14
59,12	37,12
59,14	37,16
59,16	37,16
59,19	37,20
59,21	37,24
59,24	37,30
59,26	37,34
59,29	37,41
59,31	37,45
59,34	37,52
59,36	37,58
59,38	37,63
59,41	37,70
59,43	37,79
59,46	37,90
59,48	38,01
59,51	38,15
59,53	38,26
59,56	38,42
59,58	38,54
59,60	38,68
59,63	38,79
59,65	38,92
59,68	39,02
59,70	39,19
59,73	39,34
59,75	39,51
59,78	39,65
59,80	39,84
59,82	40,01
59,85	40,22
59,87	40,43
59,90	40,61
59,92	40,80
59,95	41,00
59,97	41,14
59,99	41,27
