U1/V	IA/nA
0,02	0,51
0,04	0,50
0,07	0,49
0,09	0,49
0,12	0,47
0,14	0,51
0,17	0,48
0,19	0,51
0,21	0,50
0,24	0,51
0,26	0,49
0,29	0,51
0,31	0,47
0,34	0,49
0,36	0,48
0,39	0,48
0,41	0,48
0,43	0,48
0,46	0,47
0,48	0,49
0,51	0,48
0,53	0,51
0,56	0,50
0,58	0,49
0,61	0,49
0,63	0,47
0,65	0,47
0,68	0,48
0,70	0,46
0,73	0,46
0,75	0,46
0,78	0,46
0,80	0,49
0,83	0,49
0,85	0,48
0,87	0,50
0,90	0,50
0,92	0,50
0,95	0,52
0,97	0,50
1,00	0,52
1,02	0,51
1,05	0,49
1,07	0,49
1,09	0,48
1,12	0,47
1,14	0,49
1,17	0,47
1,19	0,49
1,22	0,49
1,24	0,50
1,26	0,52
1,29	0,54
1,31	0,51
1,34	0,53
1,36	0,49
1,39	0,49
1,41	0,48
1,44	0,48
1,46	0,46
1,48	0,47
1,51	0,45
1,53	0,50
1,56	0,49
1,58	0,51
1,61	0,52
1,63	0,53
1,66	0,52
1,68	0,55
1,70	0,52
1,73	0,53
1,75	0,52
1,78	0,51
1,80	0,50
1,83	0,51
1,85	0,48
1,88	0,50
1,90	0,48
1,92	0,49
1,95	0,48
1,97	0,49
2,00	0,50
2,02	0,51
2,05	0,50
2,07	0,52
2,10	0,49
2,12	0,50
2,14	0,49
2,17	0,49
2,19	0,49
2,22	0,49
2,24	0,49
2,27	0,50
2,29	0,48
2,31	0,48
2,34	0,50
2,36	0,50
2,39	0,50
2,41	0,49
2,44	0,49
2,46	0,50
2,49	0,50
2,51	0,48
2,53	0,48
2,56	0,46
2,58	0,46
2,61	0,47
2,63	0,47
2,66	0,47
2,68	0,48
2,71	0,47
2,73	0,51
2,75	0,50
2,78	0,51
2,80	0,50
2,83	0,50
2,85	0,48
2,88	0,49
2,90	0,46
2,93	0,48
2,95	0,45
2,97	0,46
3,00	0,46
3,02	0,47
3,05	0,46
3,07	0,50
3,10	0,48
3,12	0,51
3,15	0,49
3,17	0,51
3,19	0,50
3,22	0,52
3,24	0,49
3,27	0,51
3,29	0,48
3,32	0,49
3,34	0,48
3,36	0,49
3,39	0,47
3,41	0,49
3,44	0,45
3,46	0,51
3,49	0,50
3,51	0,50
3,54	0,49
3,56	0,49
3,58	0,46
3,61	0,49
3,63	0,46
3,66	0,47
3,68	0,45
3,71	0,46
3,73	0,46
3,76	0,48
3,78	0,46
3,80	0,48
3,83	0,46
3,85	0,48
3,88	0,48
3,90	0,50
3,93	0,50
3,95	0,51
3,98	0,47
4,00	0,49
4,02	0,47
4,05	0,47
4,07	0,47
4,10	0,46
4,12	0,47
4,15	0,48
4,17	0,48
4,20	0,53
4,22	0,53
4,24	0,53
4,27	0,52
4,29	0,50
4,32	0,50
4,34	0,49
4,37	0,47
4,39	0,47
4,42	0,46
4,44	0,46
4,46	0,49
4,49	0,49
4,51	0,50
4,54	0,49
4,56	0,50
4,59	0,49
4,61	0,52
4,63	0,50
4,66	0,51
4,68	0,49
4,71	0,50
4,73	0,50
4,76	0,52
4,78	0,49
4,81	0,51
4,83	0,49
4,85	0,51
4,88	0,48
4,90	0,49
4,93	0,51
4,95	0,52
4,98	0,50
5,00	0,52
5,03	0,49
5,05	0,52
5,07	0,50
5,10	0,49
5,12	0,48
5,15	0,48
5,17	0,46
5,20	0,49
5,22	0,47
5,25	0,49
5,27	0,47
5,29	0,49
5,32	0,48
5,34	0,50
5,37	0,47
5,39	0,49
5,42	0,48
5,44	0,49
5,47	0,49
5,49	0,47
5,51	0,46
5,54	0,48
5,56	0,48
5,59	0,50
5,61	0,49
5,64	0,50
5,66	0,53
5,68	0,52
5,71	0,52
5,73	0,52
5,76	0,50
5,78	0,50
5,81	0,49
5,83	0,47
5,86	0,48
5,88	0,47
5,90	0,47
5,93	0,47
5,95	0,47
5,98	0,47
6,00	0,48
6,03	0,48
6,05	0,49
6,08	0,49
6,10	0,49
6,12	0,50
6,15	0,51
6,17	0,50
6,20	0,52
6,22	0,50
6,25	0,51
6,27	0,50
6,30	0,51
6,32	0,51
6,34	0,52
6,37	0,48
6,39	0,54
6,42	0,51
6,44	0,53
6,47	0,53
6,49	0,53
6,52	0,51
6,54	0,53
6,56	0,48
6,59	0,51
6,61	0,47
6,64	0,48
6,66	0,47
6,69	0,49
6,71	0,47
6,73	0,49
6,76	0,46
6,78	0,50
6,81	0,49
6,83	0,50
6,86	0,49
6,88	0,51
6,91	0,51
6,93	0,55
6,95	0,51
6,98	0,53
7,00	0,52
7,03	0,53
7,05	0,52
7,08	0,52
7,10	0,50
7,13	0,55
7,15	0,53
7,17	0,54
7,20	0,53
7,22	0,53
7,25	0,52
7,27	0,53
7,30	0,50
7,32	0,52
7,35	0,48
7,37	0,49
7,39	0,50
7,42	0,52
7,44	0,52
7,47	0,54
7,49	0,52
7,52	0,55
7,54	0,55
7,57	0,55
7,59	0,55
7,61	0,52
7,64	0,52
7,66	0,54
7,69	0,53
7,71	0,53
7,74	0,54
7,76	0,54
7,78	0,54
7,81	0,54
7,83	0,53
7,86	0,55
7,88	0,55
7,91	0,53
7,93	0,54
7,96	0,53
7,98	0,54
8,00	0,53
8,03	0,53
8,05	0,53
8,08	0,52
8,10	0,50
8,13	0,54
8,15	0,53
8,18	0,55
8,20	0,53
8,22	0,54
8,25	0,55
8,27	0,58
8,30	0,55
8,32	0,56
8,35	0,53
8,37	0,54
8,40	0,54
8,42	0,56
8,44	0,55
8,47	0,57
8,49	0,55
8,52	0,59
8,54	0,57
8,57	0,58
8,59	0,56
8,62	0,57
8,64	0,55
8,66	0,57
8,69	0,54
8,71	0,56
8,74	0,54
8,76	0,57
8,79	0,56
8,81	0,56
8,84	0,55
8,86	0,58
8,88	0,56
8,91	0,58
8,93	0,57
8,96	0,58
8,98	0,58
9,01	0,60
9,03	0,57
9,05	0,59
9,08	0,58
9,10	0,58
9,13	0,59
9,15	0,60
9,18	0,60
9,20	0,61
9,23	0,60
9,25	0,62
9,27	0,61
9,30	0,60
9,32	0,60
9,35	0,59
9,37	0,58
9,40	0,60
9,42	0,58
9,45	0,58
9,47	0,59
9,49	0,58
9,52	0,60
9,54	0,59
9,57	0,58
9,59	0,59
9,62	0,60
9,64	0,59
9,67	0,61
9,69	0,60
9,71	0,63
9,74	0,63
9,76	0,62
9,79	0,62
9,81	0,63
9,84	0,61
9,86	0,65
9,89	0,65
9,91	0,66
9,93	0,65
9,96	0,67
9,98	0,68
10,01	0,70
10,03	0,65
10,06	0,67
10,08	0,64
10,10	0,66
10,13	0,64
10,15	0,65
10,18	0,63
10,20	0,65
10,23	0,63
10,25	0,66
10,28	0,63
10,30	0,64
10,32	0,63
10,35	0,65
10,37	0,64
10,40	0,67
10,42	0,65
10,45	0,68
10,47	0,68
10,50	0,70
10,52	0,68
10,54	0,69
10,57	0,66
10,59	0,70
10,62	0,69
10,64	0,71
10,67	0,70
10,69	0,72
10,72	0,72
10,74	0,73
10,76	0,71
10,79	0,73
10,81	0,70
10,84	0,70
10,86	0,69
10,89	0,69
10,91	0,69
10,94	0,71
10,96	0,69
10,98	0,71
11,01	0,71
11,03	0,71
11,06	0,73
11,08	0,75
11,11	0,74
11,13	0,75
11,15	0,74
11,18	0,74
11,20	0,75
11,23	0,73
11,25	0,73
11,28	0,72
11,30	0,73
11,33	0,74
11,35	0,76
11,37	0,76
11,40	0,76
11,42	0,75
11,45	0,78
11,47	0,77
11,50	0,76
11,52	0,76
11,55	0,76
11,57	0,75
11,59	0,77
11,62	0,76
11,64	0,78
11,67	0,76
11,69	0,77
11,72	0,77
11,74	0,78
11,77	0,76
11,79	0,80
11,81	0,79
11,84	0,81
11,86	0,80
11,89	0,81
11,91	0,80
11,94	0,83
11,96	0,79
11,99	0,82
12,01	0,79
12,03	0,81
12,06	0,82
12,08	0,84
12,11	0,83
12,13	0,85
12,16	0,82
12,18	0,87
12,21	0,85
12,23	0,84
12,25	0,83
12,28	0,84
12,30	0,83
12,33	0,85
12,35	0,82
12,38	0,83
12,40	0,82
12,42	0,84
12,45	0,85
12,47	0,87
12,50	0,86
12,52	0,89
12,55	0,88
12,57	0,90
12,60	0,90
12,62	0,91
12,64	0,91
12,67	0,91
12,69	0,87
12,72	0,88
12,74	0,88
12,77	0,89
12,79	0,91
12,82	0,92
12,84	0,92
12,86	0,94
12,89	0,96
12,91	0,99
12,94	0,99
12,96	0,96
12,99	0,97
13,01	0,95
13,04	0,95
13,06	0,95
13,08	0,94
13,11	0,93
13,13	0,94
13,16	0,94
13,18	0,99
13,21	0,98
13,23	0,99
13,26	1,00
13,28	1,01
13,30	1,01
13,33	1,02
13,35	1,00
13,38	1,02
13,40	1,02
13,43	1,02
13,45	1,01
13,47	1,02
13,50	1,01
13,52	1,05
13,55	1,03
13,57	1,04
13,60	1,04
13,62	1,06
13,65	1,07
13,67	1,10
13,69	1,06
13,72	1,08
13,74	1,06
13,77	1,07
13,79	1,05
13,82	1,05
13,84	1,03
13,87	1,05
13,89	1,03
13,91	1,07
13,94	1,05
13,96	1,07
13,99	1,09
14,01	1,11
14,04	1,10
14,06	1,12
14,09	1,09
14,11	1,12
14,13	1,11
14,16	1,10
14,18	1,10
14,21	1,10
14,23	1,09
14,26	1,11
14,28	1,10
14,31	1,12
14,33	1,12
14,35	1,11
14,38	1,13
14,40	1,13
14,43	1,12
14,45	1,14
14,48	1,08
14,50	1,08
14,52	1,08
14,55	1,07
14,57	1,08
14,60	1,08
14,62	1,07
14,65	1,13
14,67	1,12
14,70	1,12
14,72	1,15
14,74	1,15
14,77	1,17
14,79	1,16
14,82	1,18
14,84	1,18
14,87	1,19
14,89	1,17
14,92	1,18
14,94	1,16
14,96	1,17
14,99	1,15
15,01	1,17
15,04	1,17
15,06	1,18
15,09	1,16
15,11	1,20
15,14	1,20
15,16	1,21
15,18	1,21
15,21	1,20
15,23	1,19
15,26	1,20
15,28	1,16
15,31	1,18
15,33	1,16
15,36	1,16
15,38	1,17
15,40	1,18
15,43	1,17
15,45	1,22
15,48	1,20
15,50	1,22
15,53	1,22
15,55	1,23
15,57	1,22
15,60	1,24
15,62	1,20
15,65	1,22
15,67	1,18
15,70	1,20
15,72	1,19
15,75	1,21
15,77	1,21
15,79	1,23
15,82	1,22
15,84	1,29
15,87	1,27
15,89	1,29
15,92	1,28
15,94	1,27
15,97	1,25
15,99	1,27
16,01	1,24
16,04	1,24
16,06	1,22
16,09	1,22
16,11	1,25
16,14	1,27
16,16	1,26
16,19	1,28
16,21	1,28
16,23	1,30
16,26	1,31
16,28	1,31
16,31	1,31
16,33	1,32
16,36	1,29
16,38	1,31
16,41	1,30
16,43	1,31
16,45	1,31
16,48	1,31
16,50	1,31
16,53	1,32
16,55	1,33
16,58	1,37
16,60	1,38
16,63	1,37
16,65	1,39
16,67	1,37
16,70	1,39
16,72	1,39
16,75	1,38
16,77	1,37
16,80	1,38
16,82	1,37
16,84	1,41
16,87	1,40
16,89	1,42
16,92	1,42
16,94	1,44
16,97	1,44
16,99	1,47
17,02	1,46
17,04	1,49
17,06	1,47
17,09	1,50
17,11	1,49
17,14	1,50
17,16	1,49
17,19	1,52
17,21	1,50
17,24	1,54
17,26	1,53
17,28	1,56
17,31	1,59
17,33	1,61
17,36	1,60
17,38	1,63
17,41	1,59
17,43	1,62
17,46	1,60
17,48	1,60
17,50	1,60
17,53	1,61
17,55	1,60
17,58	1,66
17,60	1,65
17,63	1,67
17,65	1,67
17,68	1,69
17,70	1,70
17,72	1,72
17,75	1,71
17,77	1,73
17,80	1,73
17,82	1,75
17,85	1,75
17,87	1,75
17,89	1,74
17,92	1,75
17,94	1,75
17,97	1,78
17,99	1,78
18,02	1,77
18,04	1,82
18,07	1,83
18,09	1,83
18,11	1,85
18,14	1,84
18,16	1,84
18,19	1,84
18,21	1,83
18,24	1,85
18,26	1,83
18,29	1,84
18,31	1,86
18,33	1,86
18,36	1,87
18,38	1,88
18,41	1,88
18,43	1,91
18,46	1,91
18,48	1,91
18,51	1,91
18,53	1,92
18,55	1,92
18,58	1,94
18,60	1,92
18,63	1,92
18,65	1,92
18,68	1,94
18,70	1,94
18,73	1,96
18,75	1,94
18,77	1,99
18,80	1,97
18,82	1,99
18,85	1,98
18,87	2,00
18,90	1,98
18,92	1,99
18,94	1,96
18,97	1,99
18,99	1,96
19,02	1,98
19,04	1,96
19,07	1,97
19,09	1,95
19,12	1,99
19,14	1,96
19,16	1,99
19,19	1,98
19,21	1,99
19,24	1,97
19,26	1,99
19,29	1,96
19,31	2,00
19,34	1,97
19,36	1,98
19,38	1,97
19,41	1,99
19,43	1,99
19,46	2,00
19,48	1,97
19,51	2,00
19,53	1,98
19,56	1,97
19,58	1,95
19,60	1,96
19,63	1,95
19,65	1,96
19,68	1,96
19,70	1,97
19,73	1,95
19,75	1,96
19,78	1,96
19,80	1,97
19,82	1,96
19,85	1,96
19,87	1,94
19,90	1,97
19,92	1,97
19,95	1,96
19,97	1,96
19,99	1,96
20,02	1,96
20,04	1,97
20,07	1,95
20,09	1,95
20,12	1,95
20,14	1,94
20,17	1,95
20,19	1,94
20,21	1,94
20,24	1,96
20,26	1,96
20,29	1,95
20,31	1,96
20,34	1,95
20,36	1,97
20,39	1,96
20,41	1,96
20,43	1,95
20,46	1,94
20,48	1,92
20,51	1,94
20,53	1,93
20,56	1,95
20,58	1,95
20,61	1,95
20,63	1,97
20,65	2,00
20,68	1,97
20,70	2,00
20,73	1,98
20,75	2,00
20,78	2,00
20,80	2,02
20,83	2,01
20,85	2,05
20,87	2,04
20,90	2,07
20,92	2,07
20,95	2,08
20,97	2,08
21,00	2,09
21,02	2,07
21,05	2,09
21,07	2,07
21,09	2,09
21,12	2,08
21,14	2,11
21,17	2,12
21,19	2,13
21,22	2,13
21,24	2,16
21,26	2,16
21,29	2,18
21,31	2,17
21,34	2,19
21,36	2,21
21,39	2,23
21,41	2,22
21,44	2,24
21,46	2,25
21,48	2,27
21,51	2,30
21,53	2,32
21,56	2,32
21,58	2,35
21,61	2,36
21,63	2,40
21,66	2,42
21,68	2,43
21,70	2,44
21,73	2,45
21,75	2,48
21,78	2,50
21,80	2,51
21,83	2,51
21,85	2,53
21,88	2,53
21,90	2,57
21,92	2,57
21,95	2,59
21,97	2,61
22,00	2,63
22,02	2,65
22,05	2,68
22,07	2,69
22,10	2,74
22,12	2,75
22,14	2,76
22,17	2,78
22,19	2,81
22,22	2,82
22,24	2,87
22,27	2,86
22,29	2,89
22,31	2,91
22,34	2,94
22,36	2,95
22,39	2,99
22,41	2,97
22,44	3,01
22,46	3,00
22,49	3,02
22,51	3,03
22,53	3,06
22,56	3,05
22,58	3,08
22,61	3,08
22,63	3,12
22,66	3,10
22,68	3,12
22,71	3,13
22,73	3,16
22,75	3,16
22,78	3,19
22,80	3,18
22,83	3,23
22,85	3,23
22,88	3,25
22,90	3,25
22,93	3,28
22,95	3,27
22,97	3,31
23,00	3,30
23,02	3,31
23,05	3,31
23,07	3,31
23,10	3,30
23,12	3,32
23,15	3,29
23,17	3,30
23,19	3,30
23,22	3,31
23,24	3,32
23,27	3,32
23,29	3,33
23,32	3,34
23,34	3,34
23,36	3,34
23,39	3,33
23,41	3,31
23,44	3,34
23,46	3,34
23,49	3,34
23,51	3,33
23,54	3,32
23,56	3,33
23,58	3,34
23,61	3,31
23,63	3,31
23,66	3,29
23,68	3,29
23,71	3,30
23,73	3,29
23,76	3,28
23,78	3,28
23,80	3,27
23,83	3,29
23,85	3,27
23,88	3,26
23,90	3,25
23,93	3,24
23,95	3,21
23,98	3,21
24,00	3,16
24,02	3,17
24,05	3,15
24,07	3,15
24,10	3,13
24,12	3,15
24,15	3,12
24,17	3,16
24,20	3,13
24,22	3,14
24,24	3,11
24,27	3,13
24,29	3,10
24,32	3,11
24,34	3,06
24,37	3,08
24,39	3,04
24,42	3,05
24,44	3,04
24,46	3,05
24,49	3,04
24,51	3,05
24,54	3,01
24,56	3,06
24,59	3,03
24,61	3,01
24,63	3,00
24,66	2,99
24,68	2,97
24,71	2,99
24,73	2,96
24,76	2,97
24,78	2,95
24,81	2,95
24,83	2,96
24,85	2,97
24,88	2,95
24,90	2,98
24,93	2,97
24,95	2,98
24,98	2,98
25,00	2,98
25,03	2,98
25,05	2,99
25,07	2,94
25,10	2,96
25,12	2,95
25,15	2,95
25,17	2,96
25,20	2,96
25,22	2,96
25,25	2,98
25,27	2,98
25,29	3,01
25,32	3,02
25,34	3,00
25,37	3,02
25,39	3,00
25,42	3,02
25,44	3,03
25,47	3,03
25,49	3,03
25,51	3,04
25,54	3,03
25,56	3,07
25,59	3,08
25,61	3,09
25,64	3,12
25,66	3,14
25,68	3,16
25,71	3,20
25,73	3,20
25,76	3,22
25,78	3,22
25,81	3,23
25,83	3,23
25,86	3,25
25,88	3,26
25,90	3,32
25,93	3,33
25,95	3,38
25,98	3,39
26,00	3,44
26,03	3,47
26,05	3,51
26,08	3,50
26,10	3,54
26,12	3,54
26,15	3,58
26,17	3,59
26,20	3,61
26,22	3,62
26,25	3,66
26,27	3,67
26,30	3,74
26,32	3,75
26,34	3,81
26,37	3,84
26,39	3,90
26,42	3,92
26,44	3,97
26,47	3,97
26,49	4,02
26,52	4,04
26,54	4,07
26,56	4,06
26,59	4,11
26,61	4,13
26,64	4,21
26,66	4,23
26,69	4,28
26,71	4,32
26,73	4,38
26,76	4,43
26,78	4,48
26,81	4,49
26,83	4,54
26,86	4,55
26,88	4,58
26,91	4,62
26,93	4,64
26,95	4,67
26,98	4,70
27,00	4,74
27,03	4,79
27,05	4,83
27,08	4,86
27,10	4,93
27,13	4,95
27,15	5,00
27,17	5,02
27,20	5,05
27,22	5,07
27,25	5,10
27,27	5,09
27,30	5,14
27,32	5,14
27,35	5,18
27,37	5,21
27,39	5,26
27,42	5,28
27,44	5,32
27,47	5,32
27,49	5,38
27,52	5,38
27,54	5,39
27,57	5,39
27,59	5,39
27,61	5,39
27,64	5,42
27,66	5,39
27,69	5,43
27,71	5,43
27,74	5,45
27,76	5,46
27,78	5,48
27,81	5,47
27,83	5,52
27,86	5,50
27,88	5,52
27,91	5,51
27,93	5,52
27,96	5,51
27,98	5,53
28,00	5,48
28,03	5,50
28,05	5,47
28,08	5,47
28,10	5,45
28,13	5,45
28,15	5,42
28,18	5,43
28,20	5,39
28,22	5,43
28,25	5,40
28,27	5,39
28,30	5,36
28,32	5,34
28,35	5,31
28,37	5,30
28,40	5,25
28,42	5,24
28,44	5,21
28,47	5,19
28,49	5,18
28,52	5,18
28,54	5,15
28,57	5,15
28,59	5,12
28,62	5,11
28,64	5,10
28,66	5,08
28,69	5,05
28,71	5,02
28,74	4,98
28,76	4,96
28,79	4,93
28,81	4,89
28,84	4,86
28,86	4,83
28,88	4,81
28,91	4,78
28,93	4,76
28,96	4,77
28,98	4,76
29,01	4,73
29,03	4,72
29,05	4,67
29,08	4,65
29,10	4,62
29,13	4,59
29,15	4,56
29,18	4,54
29,20	4,50
29,23	4,53
29,25	4,50
29,27	4,50
29,30	4,49
29,32	4,48
29,35	4,46
29,37	4,47
29,40	4,44
29,42	4,45
29,45	4,42
29,47	4,40
29,49	4,38
29,52	4,39
29,54	4,36
29,57	4,37
29,59	4,33
29,62	4,35
29,64	4,33
29,67	4,33
29,69	4,34
29,71	4,35
29,74	4,33
29,76	4,36
29,79	4,32
29,81	4,33
29,84	4,32
29,86	4,31
29,89	4,30
29,91	4,32
29,93	4,31
29,96	4,36
29,98	4,35
30,01	4,38
30,03	4,40
30,06	4,43
30,08	4,44
30,10	4,46
30,13	4,46
30,15	4,49
30,18	4,50
30,20	4,50
30,23	4,53
30,25	4,54
30,28	4,56
30,30	4,60
30,32	4,62
30,35	4,66
30,37	4,69
30,40	4,70
30,42	4,76
30,45	4,78
30,47	4,81
30,50	4,85
30,52	4,86
30,54	4,89
30,57	4,93
30,59	4,95
30,62	5,00
30,64	5,03
30,67	5,08
30,69	5,14
30,72	5,18
30,74	5,21
30,76	5,27
30,79	5,30
30,81	5,37
30,84	5,40
30,86	5,46
30,89	5,50
30,91	5,57
30,94	5,61
30,96	5,69
30,98	5,71
31,01	5,77
31,03	5,81
31,06	5,88
31,08	5,92
31,11	5,99
31,13	6,01
31,15	6,13
31,18	6,18
31,20	6,25
31,23	6,31
31,25	6,37
31,28	6,42
31,30	6,51
31,33	6,53
31,35	6,61
31,37	6,64
31,40	6,71
31,42	6,78
31,45	6,86
31,47	6,91
31,50	6,99
31,52	7,04
31,55	7,13
31,57	7,19
31,59	7,26
31,62	7,32
31,64	7,40
31,67	7,46
31,69	7,55
31,72	7,59
31,74	7,65
31,77	7,72
31,79	7,78
31,81	7,83
31,84	7,89
31,86	7,92
31,89	8,02
31,91	8,07
31,94	8,12
31,96	8,16
31,99	8,20
32,01	8,29
32,03	8,35
32,06	8,36
32,08	8,40
32,11	8,43
32,13	8,47
32,16	8,53
32,18	8,52
32,20	8,55
32,23	8,59
32,25	8,61
32,28	8,64
32,30	8,67
32,33	8,69
32,35	8,72
32,38	8,73
32,40	8,76
32,42	8,79
32,45	8,80
32,47	8,80
32,50	8,83
32,52	8,81
32,55	8,83
32,57	8,81
32,60	8,81
32,62	8,84
32,64	8,83
32,67	8,80
32,69	8,82
32,72	8,78
32,74	8,79
32,77	8,76
32,79	8,73
32,82	8,70
32,84	8,68
32,86	8,64
32,89	8,64
32,91	8,58
32,94	8,57
32,96	8,52
32,99	8,50
33,01	8,47
33,04	8,46
33,06	8,39
33,08	8,38
33,11	8,32
33,13	8,30
33,16	8,26
33,18	8,21
33,21	8,14
33,23	8,13
33,26	8,06
33,28	8,05
33,30	7,99
33,33	7,94
33,35	7,90
33,38	7,86
33,40	7,80
33,43	7,78
33,45	7,71
33,47	7,66
33,50	7,61
33,52	7,57
33,55	7,52
33,57	7,47
33,60	7,41
33,62	7,38
33,65	7,32
33,67	7,27
33,69	7,22
33,72	7,17
33,74	7,13
33,77	7,09
33,79	7,04
33,82	7,01
33,84	6,98
33,87	6,94
33,89	6,93
33,91	6,87
33,94	6,83
33,96	6,79
33,99	6,75
34,01	6,71
34,04	6,68
34,06	6,62
34,09	6,62
34,11	6,58
34,13	6,55
34,16	6,53
34,18	6,52
34,21	6,50
34,23	6,48
34,26	6,46
34,28	6,47
34,31	6,43
34,33	6,42
34,35	6,41
34,38	6,41
34,40	6,39
34,43	6,40
34,45	6,37
34,48	6,42
34,50	6,41
34,52	6,41
34,55	6,40
34,57	6,42
34,60	6,42
34,62	6,46
34,65	6,42
34,67	6,45
34,70	6,46
34,72	6,49
34,74	6,51
34,77	6,54
34,79	6,53
34,82	6,60
34,84	6,60
34,87	6,64
34,89	6,66
34,92	6,69
34,94	6,70
34,96	6,75
34,99	6,77
35,01	6,83
35,04	6,84
35,06	6,89
35,09	6,94
35,11	6,99
35,14	7,03
35,16	7,09
35,18	7,11
35,21	7,20
35,23	7,24
35,26	7,29
35,28	7,34
35,31	7,39
35,33	7,43
35,36	7,51
35,38	7,56
35,40	7,64
35,43	7,71
35,45	7,78
35,48	7,86
35,50	7,93
35,53	8,00
35,55	8,09
35,57	8,15
35,60	8,20
35,62	8,28
35,65	8,35
35,67	8,43
35,70	8,49
35,72	8,57
35,75	8,65
35,77	8,73
35,79	8,81
35,82	8,93
35,84	9,01
35,87	9,11
35,89	9,18
35,92	9,28
35,94	9,36
35,97	9,47
35,99	9,53
36,01	9,64
36,04	9,72
36,06	9,83
36,09	9,94
36,11	10,06
36,14	10,15
36,16	10,26
36,19	10,34
36,21	10,47
36,23	10,55
36,26	10,63
36,28	10,71
36,31	10,80
36,33	10,88
36,36	10,99
36,38	11,05
36,41	11,17
36,43	11,26
36,45	11,37
36,48	11,48
36,50	11,56
36,53	11,64
36,55	11,77
36,58	11,84
36,60	11,95
36,62	12,02
36,65	12,10
36,67	12,19
36,70	12,28
36,72	12,33
36,75	12,42
36,77	12,48
36,80	12,57
36,82	12,65
36,84	12,72
36,87	12,78
36,89	12,85
36,92	12,90
36,94	12,97
36,97	13,02
36,99	13,05
37,02	13,09
37,04	13,12
37,06	13,14
37,09	13,19
37,11	13,21
37,14	13,24
37,16	13,26
37,19	13,28
37,21	13,31
37,24	13,32
37,26	13,33
37,28	13,35
37,31	13,35
37,33	13,35
37,36	13,36
37,38	13,36
37,41	13,36
37,43	13,34
37,46	13,31
37,48	13,30
37,50	13,27
37,53	13,23
37,55	13,22
37,58	13,18
37,60	13,15
37,63	13,11
37,65	13,08
37,68	13,05
37,70	13,02
37,72	12,94
37,75	12,90
37,77	12,83
37,80	12,79
37,82	12,71
37,85	12,65
37,87	12,56
37,89	12,49
37,92	12,41
37,94	12,36
37,97	12,25
37,99	12,19
38,02	12,11
38,04	12,06
38,07	11,98
38,09	11,93
38,11	11,83
38,14	11,79
38,16	11,68
38,19	11,60
38,21	11,48
38,24	11,39
38,26	11,28
38,29	11,23
38,31	11,12
38,33	11,06
38,36	10,97
38,38	10,91
38,41	10,84
38,43	10,78
38,46	10,68
38,48	10,63
38,51	10,51
38,53	10,43
38,55	10,34
38,58	10,27
38,60	10,19
38,63	10,12
38,65	10,02
38,68	9,99
38,70	9,92
38,73	9,88
38,75	9,83
38,77	9,79
38,80	9,74
38,82	9,70
38,85	9,64
38,87	9,59
38,90	9,55
38,92	9,50
38,94	9,47
38,97	9,42
38,99	9,38
39,02	9,38
39,04	9,37
39,07	9,33
39,09	9,32
39,12	9,29
39,14	9,28
39,16	9,26
39,19	9,23
39,21	9,23
39,24	9,22
39,26	9,20
39,29	9,21
39,31	9,20
39,34	9,23
39,36	9,23
39,38	9,24
39,41	9,25
39,43	9,28
39,46	9,29
39,48	9,35
39,51	9,36
39,53	9,40
39,56	9,43
39,58	9,48
39,60	9,51
39,63	9,57
39,65	9,57
39,68	9,64
39,70	9,67
39,73	9,73
39,75	9,79
39,78	9,85
39,80	9,87
39,82	9,94
39,85	9,99
39,87	10,08
39,90	10,14
39,92	10,21
39,95	10,28
39,97	10,36
39,99	10,43
40,02	10,52
40,04	10,58
40,07	10,66
40,09	10,72
40,12	10,81
40,14	10,89
40,17	10,98
40,19	11,05
40,21	11,18
40,24	11,26
40,26	11,38
40,29	11,47
40,31	11,59
40,34	11,70
40,36	11,81
40,39	11,88
40,41	12,01
40,43	12,10
40,46	12,21
40,48	12,33
40,51	12,43
40,53	12,53
40,56	12,66
40,58	12,76
40,61	12,91
40,63	13,03
40,65	13,13
40,68	13,26
40,70	13,37
40,73	13,52
40,75	13,66
40,78	13,78
40,80	13,88
40,83	14,02
40,85	14,12
40,87	14,29
40,90	14,39
40,92	14,52
40,95	14,67
40,97	14,84
41,00	14,97
41,02	15,15
41,05	15,28
41,07	15,43
41,09	15,57
41,12	15,68
41,14	15,80
41,17	15,92
41,19	16,02
41,22	16,17
41,24	16,28
41,26	16,41
41,29	16,54
41,31	16,68
41,34	16,83
41,36	16,97
41,39	17,05
41,41	17,20
41,44	17,31
41,46	17,43
41,48	17,52
41,51	17,61
41,53	17,70
41,56	17,82
41,58	17,89
41,61	18,01
41,63	18,09
41,66	18,20
41,68	18,34
41,70	18,44
41,73	18,51
41,75	18,61
41,78	18,67
41,80	18,74
41,83	18,80
41,85	18,83
41,88	18,87
41,90	18,92
41,92	18,95
41,95	19,01
41,97	19,03
42,00	19,08
42,02	19,10
42,05	19,13
42,07	19,17
42,10	19,20
42,12	19,18
42,14	19,19
42,17	19,18
42,19	19,16
42,22	19,15
42,24	19,12
42,27	19,11
42,29	19,09
42,31	19,06
42,34	19,05
42,36	19,01
42,39	18,97
42,41	18,95
42,44	18,91
42,46	18,86
42,49	18,81
42,51	18,75
42,53	18,70
42,56	18,66
42,58	18,56
42,61	18,49
42,63	18,41
42,66	18,33
42,68	18,24
42,71	18,14
42,73	18,04
42,75	17,96
42,78	17,85
42,80	17,77
42,83	17,65
42,85	17,56
42,88	17,47
42,90	17,36
42,93	17,24
42,95	17,14
42,97	17,00
43,00	16,92
43,02	16,80
43,05	16,69
43,07	16,56
43,10	16,45
43,12	16,31
43,15	16,25
43,17	16,11
43,19	16,01
43,22	15,88
43,24	15,79
43,27	15,66
43,29	15,59
43,32	15,43
43,34	15,35
43,36	15,22
43,39	15,14
43,41	15,02
43,44	14,93
43,46	14,80
43,49	14,72
43,51	14,59
43,54	14,54
43,56	14,43
43,58	14,35
43,61	14,25
43,63	14,16
43,66	14,07
43,68	14,03
43,71	13,93
43,73	13,88
43,76	13,80
43,78	13,74
43,80	13,71
43,83	13,66
43,85	13,59
43,88	13,57
43,90	13,50
43,93	13,48
43,95	13,45
43,98	13,41
44,00	13,39
44,02	13,37
44,05	13,34
44,07	13,34
44,10	13,34
44,12	13,32
44,15	13,34
44,17	13,33
44,20	13,35
44,22	13,35
44,24	13,38
44,27	13,43
44,29	13,46
44,32	13,46
44,34	13,51
44,37	13,51
44,39	13,56
44,41	13,59
44,44	13,61
44,46	13,66
44,49	13,74
44,51	13,80
44,54	13,91
44,56	13,96
44,59	14,05
44,61	14,13
44,63	14,21
44,66	14,27
44,68	14,36
44,71	14,41
44,73	14,51
44,76	14,59
44,78	14,69
44,81	14,80
44,83	14,91
44,85	15,01
44,88	15,14
44,90	15,27
44,93	15,41
44,95	15,51
44,98	15,62
45,00	15,76
45,03	15,88
45,05	15,98
45,07	16,09
45,10	16,17
45,12	16,32
45,15	16,46
45,17	16,58
45,20	16,73
45,22	16,89
45,25	17,03
45,27	17,21
45,29	17,35
45,32	17,48
45,34	17,62
45,37	17,77
45,39	17,91
45,42	18,07
45,44	18,20
45,47	18,34
45,49	18,52
45,51	18,69
45,54	18,86
45,56	19,00
45,59	19,18
45,61	19,35
45,64	19,56
45,66	19,72
45,68	19,88
45,71	20,02
45,73	20,23
45,76	20,37
45,78	20,55
45,81	20,67
45,83	20,84
45,86	21,00
45,88	21,19
45,90	21,33
45,93	21,53
45,95	21,68
45,98	21,87
46,00	22,03
46,03	22,21
46,05	22,35
46,08	22,54
46,10	22,68
46,12	22,87
46,15	23,01
46,17	23,19
46,20	23,35
46,22	23,53
46,25	23,64
46,27	23,82
46,30	23,93
46,32	24,10
46,34	24,26
46,37	24,40
46,39	24,53
46,42	24,68
46,44	24,79
46,47	24,98
46,49	25,06
46,52	25,17
46,54	25,28
46,56	25,41
46,59	25,52
46,61	25,63
46,64	25,68
46,66	25,80
46,69	25,87
46,71	25,97
46,73	26,04
46,76	26,12
46,78	26,18
46,81	26,26
46,83	26,30
46,86	26,38
46,88	26,42
46,91	26,47
46,93	26,50
46,95	26,55
46,98	26,58
47,00	26,62
47,03	26,61
47,05	26,64
47,08	26,64
47,10	26,64
47,13	26,63
47,15	26,63
47,17	26,61
47,20	26,64
47,22	26,61
47,25	26,59
47,27	26,56
47,30	26,52
47,32	26,47
47,35	26,41
47,37	26,33
47,39	26,27
47,42	26,20
47,44	26,13
47,47	26,07
47,49	26,01
47,52	25,93
47,54	25,86
47,57	25,75
47,59	25,65
47,61	25,55
47,64	25,43
47,66	25,32
47,69	25,20
47,71	25,07
47,74	24,97
47,76	24,85
47,78	24,73
47,81	24,64
47,83	24,50
47,86	24,37
47,88	24,22
47,91	24,09
47,93	23,96
47,96	23,82
47,98	23,64
48,00	23,49
48,03	23,31
48,05	23,18
48,08	23,01
48,10	22,87
48,13	22,70
48,15	22,54
48,18	22,39
48,20	22,29
48,22	22,12
48,25	21,99
48,27	21,83
48,30	21,70
48,32	21,55
48,35	21,43
48,37	21,25
48,40	21,13
48,42	20,96
48,44	20,86
48,47	20,74
48,49	20,65
48,52	20,51
48,54	20,42
48,57	20,31
48,59	20,26
48,62	20,13
48,64	20,03
48,66	19,93
48,69	19,84
48,71	19,75
48,74	19,69
48,76	19,58
48,79	19,51
48,81	19,44
48,84	19,39
48,86	19,34
48,88	19,28
48,91	19,22
48,93	19,20
48,96	19,19
48,98	19,18
49,01	19,15
49,03	19,16
49,05	19,19
49,08	19,21
49,10	19,23
49,13	19,26
49,15	19,26
49,18	19,29
49,20	19,31
49,23	19,35
49,25	19,38
49,27	19,42
49,30	19,45
49,32	19,53
49,35	19,59
49,37	19,67
49,40	19,74
49,42	19,82
49,45	19,90
49,47	20,00
49,49	20,08
49,52	20,18
49,54	20,27
49,57	20,33
49,59	20,44
49,62	20,50
49,64	20,62
49,67	20,72
49,69	20,85
49,71	20,96
49,74	21,12
49,76	21,22
49,79	21,42
49,81	21,54
49,84	21,67
49,86	21,78
49,89	21,94
49,91	22,08
49,93	22,25
49,96	22,37
49,98	22,54
50,01	22,71
50,03	22,91
50,06	23,07
50,08	23,24
50,10	23,39
50,13	23,60
50,15	23,78
50,18	23,99
50,20	24,14
50,23	24,32
50,25	24,52
50,28	24,70
50,30	24,86
50,32	25,04
50,35	25,16
50,37	25,37
50,40	25,57
50,42	25,76
50,45	25,97
50,47	26,18
50,50	26,38
50,52	26,64
50,54	26,80
50,57	27,00
50,59	27,19
50,62	27,39
50,64	27,58
50,67	27,78
50,69	27,94
50,72	28,16
50,74	28,37
50,76	28,60
50,79	28,82
50,81	29,01
50,84	29,22
50,86	29,45
50,89	29,66
50,91	29,84
50,94	30,02
50,96	30,20
50,98	30,42
51,01	30,60
51,03	30,80
51,06	30,98
51,08	31,16
51,11	31,33
51,13	31,53
51,15	31,68
51,18	31,90
51,20	32,07
51,23	32,28
51,25	32,46
51,28	32,63
51,30	32,74
51,33	32,92
51,35	33,03
51,37	33,20
51,40	33,31
51,42	33,48
51,45	33,63
51,47	33,81
51,50	33,92
51,52	34,08
51,55	34,17
51,57	34,33
51,59	34,41
51,62	34,54
51,64	34,63
51,67	34,77
51,69	34,82
51,72	34,96
51,74	35,02
51,77	35,12
51,79	35,17
51,81	35,23
51,84	35,26
51,86	35,36
51,89	35,38
51,91	35,45
51,94	35,47
51,96	35,54
51,99	35,59
52,01	35,64
52,03	35,64
52,06	35,68
52,08	35,65
52,11	35,68
52,13	35,65
52,16	35,67
52,18	35,63
52,20	35,63
52,23	35,57
52,25	35,57
52,28	35,52
52,30	35,49
52,33	35,43
52,35	35,39
52,38	35,33
52,40	35,30
52,42	35,21
52,45	35,17
52,47	35,06
52,50	34,96
52,52	34,86
52,55	34,72
52,57	34,60
52,60	34,49
52,62	34,34
52,64	34,24
52,67	34,10
52,69	33,98
52,72	33,89
52,74	33,76
52,77	33,60
52,79	33,46
52,82	33,31
52,84	33,17
52,86	33,00
52,89	32,81
52,91	32,64
52,94	32,47
52,96	32,31
52,99	32,15
53,01	31,97
53,04	31,82
53,06	31,66
53,08	31,50
53,11	31,34
53,13	31,18
53,16	30,99
53,18	30,82
53,21	30,62
53,23	30,42
53,26	30,23
53,28	30,02
53,30	29,86
53,33	29,68
53,35	29,53
53,38	29,38
53,40	29,24
53,43	29,08
53,45	29,00
53,47	28,83
53,50	28,71
53,52	28,57
53,55	28,45
53,57	28,33
53,60	28,24
53,62	28,08
53,65	28,00
53,67	27,87
53,69	27,79
53,72	27,70
53,74	27,61
53,77	27,51
53,79	27,44
53,82	27,36
53,84	27,32
53,87	27,25
53,89	27,19
53,91	27,16
53,94	27,13
53,96	27,12
53,99	27,13
54,01	27,12
54,04	27,12
54,06	27,11
54,09	27,13
54,11	27,14
54,13	27,14
54,16	27,14
54,18	27,19
54,21	27,23
54,23	27,27
54,26	27,34
54,28	27,41
54,31	27,52
54,33	27,58
54,35	27,67
54,38	27,75
54,40	27,86
54,43	27,93
54,45	28,03
54,48	28,11
54,50	28,23
54,52	28,33
54,55	28,47
54,57	28,58
54,60	28,73
54,62	28,86
54,65	29,03
54,67	29,17
54,70	29,33
54,72	29,45
54,74	29,59
54,77	29,70
54,79	29,85
54,82	29,99
54,84	30,17
54,87	30,30
54,89	30,49
54,92	30,70
54,94	30,93
54,96	31,13
54,99	31,36
55,01	31,54
55,04	31,78
55,06	32,00
55,09	32,18
55,11	32,38
55,14	32,54
55,16	32,70
55,18	32,92
55,21	33,13
55,23	33,32
55,26	33,56
55,28	33,77
55,31	34,01
55,33	34,26
55,36	34,48
55,38	34,72
55,40	34,96
55,43	35,17
55,45	35,39
55,48	35,60
55,50	35,81
55,53	36,03
55,55	36,22
55,57	36,45
55,60	36,67
55,62	36,91
55,65	37,19
55,67	37,46
55,70	37,70
55,72	37,95
55,75	38,19
55,77	38,41
55,79	38,63
55,82	38,81
55,84	39,00
55,87	39,20
55,89	39,41
55,92	39,63
55,94	39,88
55,97	40,11
55,99	40,34
56,01	40,56
56,04	40,80
56,06	41,01
56,09	41,24
56,11	41,43
56,14	41,61
56,16	41,81
56,19	41,99
56,21	42,14
56,23	42,35
56,26	42,51
56,28	42,69
56,31	42,88
56,33	43,08
56,36	43,27
56,38	43,47
56,41	43,61
56,43	43,81
56,45	43,99
56,48	44,16
56,50	44,30
56,53	44,44
56,55	44,55
56,58	44,71
56,60	44,81
56,62	44,92
56,65	45,04
56,67	45,17
56,70	45,27
56,72	45,42
56,75	45,48
56,77	45,61
56,80	45,71
56,82	45,80
56,84	45,90
56,87	45,99
56,89	46,03
56,92	46,13
56,94	46,15
56,97	46,20
56,99	46,22
57,02	46,26
57,04	46,29
57,06	46,31
57,09	46,33
57,11	46,37
57,14	46,37
57,16	46,40
57,19	46,38
57,21	46,38
57,24	46,37
57,26	46,36
57,28	46,30
57,31	46,29
57,33	46,24
57,36	46,21
57,38	46,18
57,41	46,12
57,43	46,02
57,46	45,94
57,48	45,83
57,50	45,74
57,53	45,63
57,55	45,52
57,58	45,42
57,60	45,32
57,63	45,19
57,65	45,08
57,68	44,95
57,70	44,80
57,72	44,60
57,75	44,43
57,77	44,27
57,80	44,12
57,82	43,92
57,85	43,75
57,87	43,58
57,89	43,44
57,92	43,29
57,94	43,09
57,97	42,91
57,99	42,76
58,02	42,57
58,04	42,38
58,07	42,17
58,09	41,97
58,11	41,83
58,14	41,60
58,16	41,39
58,19	41,17
58,21	40,99
58,24	40,81
58,26	40,61
58,29	40,40
58,31	40,23
58,33	40,01
58,36	39,84
58,38	39,65
58,41	39,45
58,43	39,25
58,46	39,07
58,48	38,91
58,51	38,79
58,53	38,61
58,55	38,46
58,58	38,33
58,60	38,21
58,63	38,07
58,65	37,96
58,68	37,82
58,70	37,73
58,73	37,64
58,75	37,54
58,77	37,43
58,80	37,34
58,82	37,24
58,85	37,22
58,87	37,13
58,90	37,08
58,92	37,01
58,94	36,98
58,97	36,95
58,99	36,94
59,02	36,87
59,04	36,87
59,07	36,84
59,09	36,86
59,12	36,86
59,14	36,87
59,16	36,90
59,19	36,94
59,21	36,99
59,24	37,06
59,26	37,11
59,29	37,17
59,31	37,27
59,34	37,34
59,36	37,42
59,38	37,48
59,41	37,55
59,43	37,63
59,46	37,73
59,48	37,80
59,51	37,94
59,53	38,06
59,56	38,21
59,58	38,38
59,60	38,53
59,63	38,66
59,65	38,81
59,68	38,91
59,70	39,07
59,73	39,20
59,75	39,35
59,78	39,52
59,80	39,72
59,82	39,90
59,85	40,12
59,87	40,29
59,90	40,51
59,92	40,68
59,95	40,83
59,97	40,96
59,99	41,06
