U1/V	IA/nA
0,02	0,47
0,04	0,48
0,07	0,45
0,09	0,46
0,12	0,45
0,14	0,47
0,17	0,46
0,19	0,48
0,21	0,46
0,24	0,49
0,26	0,47
0,29	0,48
0,31	0,47
0,34	0,47
0,36	0,45
0,39	0,46
0,41	0,45
0,43	0,46
0,46	0,42
0,48	0,43
0,51	0,44
0,53	0,45
0,56	0,44
0,58	0,44
0,61	0,44
0,63	0,45
0,65	0,46
0,68	0,45
0,70	0,45
0,73	0,44
0,75	0,44
0,78	0,45
0,80	0,45
0,83	0,44
0,85	0,45
0,87	0,44
0,90	0,46
0,92	0,46
0,95	0,45
0,97	0,47
1,00	0,47
1,02	0,45
1,05	0,46
1,07	0,44
1,09	0,45
1,12	0,44
1,14	0,44
1,17	0,43
1,19	0,42
1,22	0,41
1,24	0,44
1,26	0,43
1,29	0,45
1,31	0,43
1,34	0,45
1,36	0,46
1,39	0,48
1,41	0,45
1,44	0,47
1,46	0,45
1,48	0,46
1,51	0,46
1,53	0,46
1,56	0,44
1,58	0,47
1,61	0,43
1,63	0,47
1,66	0,47
1,68	0,46
1,70	0,46
1,73	0,47
1,75	0,45
1,78	0,48
1,80	0,45
1,83	0,46
1,85	0,44
1,88	0,44
1,90	0,43
1,92	0,43
1,95	0,42
1,97	0,45
2,00	0,43
2,02	0,45
2,05	0,45
2,07	0,46
2,10	0,46
2,12	0,47
2,14	0,45
2,17	0,46
2,19	0,46
2,22	0,46
2,24	0,47
2,27	0,47
2,29	0,45
2,31	0,47
2,34	0,47
2,36	0,49
2,39	0,49
2,41	0,47
2,44	0,47
2,46	0,46
2,49	0,46
2,51	0,47
2,53	0,45
2,56	0,45
2,58	0,46
2,61	0,45
2,63	0,48
2,66	0,45
2,68	0,45
2,71	0,45
2,73	0,46
2,75	0,45
2,78	0,47
2,80	0,45
2,83	0,48
2,85	0,47
2,88	0,47
2,90	0,46
2,93	0,48
2,95	0,46
2,97	0,50
3,00	0,48
3,02	0,49
3,05	0,48
3,07	0,49
3,10	0,48
3,12	0,49
3,15	0,45
3,17	0,47
3,19	0,44
3,22	0,46
3,24	0,45
3,27	0,46
3,29	0,43
3,32	0,45
3,34	0,44
3,36	0,47
3,39	0,43
3,41	0,44
3,44	0,45
3,46	0,48
3,49	0,47
3,51	0,48
3,54	0,46
3,56	0,49
3,58	0,48
3,61	0,48
3,63	0,47
3,66	0,47
3,68	0,45
3,71	0,48
3,73	0,47
3,76	0,48
3,78	0,47
3,80	0,47
3,83	0,48
3,85	0,49
3,88	0,47
3,90	0,48
3,93	0,46
3,95	0,46
3,98	0,45
4,00	0,45
4,02	0,46
4,05	0,45
4,07	0,46
4,10	0,46
4,12	0,44
4,15	0,44
4,17	0,45
4,20	0,45
4,22	0,46
4,24	0,44
4,27	0,45
4,29	0,46
4,32	0,48
4,34	0,46
4,37	0,46
4,39	0,45
4,42	0,46
4,44	0,46
4,46	0,47
4,49	0,46
4,51	0,47
4,54	0,45
4,56	0,48
4,59	0,46
4,61	0,46
4,63	0,45
4,66	0,46
4,68	0,44
4,71	0,46
4,73	0,44
4,76	0,45
4,78	0,43
4,81	0,44
4,83	0,44
4,85	0,45
4,88	0,43
4,90	0,47
4,93	0,45
4,95	0,47
4,98	0,46
5,00	0,47
5,03	0,46
5,05	0,48
5,07	0,44
5,10	0,45
5,12	0,43
5,15	0,44
5,17	0,46
5,20	0,47
5,22	0,45
5,25	0,48
5,27	0,47
5,29	0,50
5,32	0,48
5,34	0,47
5,37	0,45
5,39	0,45
5,42	0,44
5,44	0,45
5,47	0,43
5,49	0,45
5,51	0,43
5,54	0,45
5,56	0,47
5,59	0,48
5,61	0,48
5,64	0,50
5,66	0,48
5,68	0,48
5,71	0,51
5,73	0,51
5,76	0,50
5,78	0,50
5,81	0,48
5,83	0,49
5,86	0,51
5,88	0,47
5,90	0,50
5,93	0,49
5,95	0,49
5,98	0,49
6,00	0,49
6,03	0,50
6,05	0,51
6,08	0,47
6,10	0,48
6,12	0,47
6,15	0,48
6,17	0,47
6,20	0,47
6,22	0,45
6,25	0,46
6,27	0,44
6,30	0,46
6,32	0,45
6,34	0,46
6,37	0,47
6,39	0,49
6,42	0,48
6,44	0,52
6,47	0,50
6,49	0,52
6,52	0,51
6,54	0,49
6,56	0,48
6,59	0,49
6,61	0,46
6,64	0,50
6,66	0,48
6,69	0,51
6,71	0,50
6,73	0,52
6,76	0,52
6,78	0,55
6,81	0,51
6,83	0,53
6,86	0,50
6,88	0,51
6,91	0,48
6,93	0,48
6,95	0,46
6,98	0,47
7,00	0,46
7,03	0,49
7,05	0,48
7,08	0,50
7,10	0,51
7,13	0,52
7,15	0,52
7,17	0,53
7,20	0,51
7,22	0,52
7,25	0,51
7,27	0,50
7,30	0,49
7,32	0,49
7,35	0,47
7,37	0,50
7,39	0,50
7,42	0,50
7,44	0,50
7,47	0,50
7,49	0,52
7,52	0,53
7,54	0,51
7,57	0,51
7,59	0,51
7,61	0,50
7,64	0,51
7,66	0,50
7,69	0,51
7,71	0,52
7,74	0,52
7,76	0,53
7,78	0,54
7,81	0,54
7,83	0,56
7,86	0,55
7,88	0,57
7,91	0,56
7,93	0,57
7,96	0,56
7,98	0,58
8,00	0,55
8,03	0,57
8,05	0,54
8,08	0,54
8,10	0,54
8,13	0,55
8,15	0,53
8,18	0,56
8,20	0,53
8,22	0,57
8,25	0,56
8,27	0,57
8,30	0,57
8,32	0,57
8,35	0,54
8,37	0,57
8,40	0,54
8,42	0,57
8,44	0,54
8,47	0,55
8,49	0,56
8,52	0,58
8,54	0,57
8,57	0,62
8,59	0,59
8,62	0,62
8,64	0,61
8,66	0,62
8,69	0,61
8,71	0,62
8,74	0,58
8,76	0,62
8,79	0,59
8,81	0,60
8,84	0,59
8,86	0,61
8,88	0,59
8,91	0,61
8,93	0,59
8,96	0,63
8,98	0,63
9,01	0,63
9,03	0,63
9,05	0,62
9,08	0,63
9,10	0,64
9,13	0,61
9,15	0,60
9,18	0,59
9,20	0,59
9,23	0,62
9,25	0,62
9,27	0,63
9,30	0,65
9,32	0,67
9,35	0,68
9,37	0,70
9,40	0,70
9,42	0,70
9,45	0,69
9,47	0,68
9,49	0,68
9,52	0,67
9,54	0,66
9,57	0,67
9,59	0,66
9,62	0,67
9,64	0,67
9,67	0,68
9,69	0,71
9,71	0,72
9,74	0,70
9,76	0,73
9,79	0,69
9,81	0,71
9,84	0,70
9,86	0,69
9,89	0,68
9,91	0,68
9,93	0,66
9,96	0,70
9,98	0,69
10,01	0,70
10,03	0,70
10,06	0,72
10,08	0,71
10,10	0,74
10,13	0,72
10,15	0,74
10,18	0,72
10,20	0,72
10,23	0,72
10,25	0,73
10,28	0,71
10,30	0,73
10,32	0,72
10,35	0,75
10,37	0,74
10,40	0,75
10,42	0,77
10,45	0,78
10,47	0,77
10,50	0,79
10,52	0,75
10,54	0,76
10,57	0,76
10,59	0,76
10,62	0,75
10,64	0,75
10,67	0,74
10,69	0,77
10,72	0,75
10,74	0,76
10,76	0,77
10,79	0,78
10,81	0,78
10,84	0,78
10,86	0,79
10,89	0,80
10,91	0,80
10,94	0,80
10,96	0,81
10,98	0,79
11,01	0,80
11,03	0,80
11,06	0,81
11,08	0,81
11,11	0,81
11,13	0,79
11,15	0,84
11,18	0,83
11,20	0,85
11,23	0,85
11,25	0,84
11,28	0,83
11,30	0,85
11,33	0,82
11,35	0,84
11,37	0,82
11,40	0,83
11,42	0,84
11,45	0,86
11,47	0,84
11,50	0,87
11,52	0,86
11,55	0,89
11,57	0,88
11,59	0,89
11,62	0,88
11,64	0,91
11,67	0,88
11,69	0,91
11,72	0,87
11,74	0,89
11,77	0,88
11,79	0,91
11,81	0,90
11,84	0,92
11,86	0,90
11,89	0,96
11,91	0,95
11,94	0,97
11,96	0,95
11,99	0,94
12,01	0,93
12,03	0,96
12,06	0,92
12,08	0,95
12,11	0,93
12,13	0,95
12,16	0,97
12,18	0,98
12,21	0,97
12,23	0,99
12,25	0,97
12,28	1,00
12,30	1,01
12,33	1,02
12,35	1,03
12,38	1,04
12,40	1,03
12,42	1,06
12,45	1,04
12,47	1,05
12,50	1,05
12,52	1,04
12,55	1,04
12,57	1,05
12,60	1,04
12,62	1,10
12,64	1,09
12,67	1,08
12,69	1,09
12,72	1,09
12,74	1,11
12,77	1,12
12,79	1,10
12,82	1,10
12,84	1,10
12,86	1,10
12,89	1,11
12,91	1,11
12,94	1,12
12,96	1,11
12,99	1,12
13,01	1,13
13,04	1,16
13,06	1,15
13,08	1,16
13,11	1,15
13,13	1,16
13,16	1,17
13,18	1,17
13,21	1,15
13,23	1,17
13,26	1,14
13,28	1,17
13,30	1,16
13,33	1,17
13,35	1,19
13,38	1,21
13,40	1,20
13,43	1,23
13,45	1,22
13,47	1,24
13,50	1,22
13,52	1,23
13,55	1,22
13,57	1,22
13,60	1,20
13,62	1,24
13,65	1,22
13,67	1,24
13,69	1,22
13,72	1,24
13,74	1,24
13,77	1,26
13,79	1,23
13,82	1,25
13,84	1,24
13,87	1,26
13,89	1,26
13,91	1,26
13,94	1,25
13,96	1,27
13,99	1,26
14,01	1,29
14,04	1,28
14,06	1,27
14,09	1,28
14,11	1,28
14,13	1,27
14,16	1,28
14,18	1,27
14,21	1,28
14,23	1,28
14,26	1,28
14,28	1,29
14,31	1,29
14,33	1,29
14,35	1,30
14,38	1,30
14,40	1,30
14,43	1,31
14,45	1,32
14,48	1,34
14,50	1,33
14,52	1,32
14,55	1,33
14,57	1,33
14,60	1,32
14,62	1,33
14,65	1,30
14,67	1,32
14,70	1,31
14,72	1,32
14,74	1,33
14,77	1,35
14,79	1,32
14,82	1,36
14,84	1,34
14,87	1,35
14,89	1,34
14,92	1,35
14,94	1,33
14,96	1,35
14,99	1,33
15,01	1,36
15,04	1,33
15,06	1,34
15,09	1,33
15,11	1,35
15,14	1,33
15,16	1,35
15,18	1,33
15,21	1,36
15,23	1,35
15,26	1,35
15,28	1,34
15,31	1,36
15,33	1,34
15,36	1,37
15,38	1,36
15,40	1,38
15,43	1,37
15,45	1,40
15,48	1,39
15,50	1,41
15,53	1,38
15,55	1,41
15,57	1,39
15,60	1,41
15,62	1,39
15,65	1,40
15,67	1,40
15,70	1,42
15,72	1,39
15,75	1,42
15,77	1,38
15,79	1,40
15,82	1,40
15,84	1,42
15,87	1,41
15,89	1,43
15,92	1,42
15,94	1,45
15,97	1,45
15,99	1,46
16,01	1,46
16,04	1,47
16,06	1,46
16,09	1,49
16,11	1,50
16,14	1,52
16,16	1,52
16,19	1,51
16,21	1,53
16,23	1,54
16,26	1,54
16,28	1,55
16,31	1,56
16,33	1,56
16,36	1,59
16,38	1,57
16,41	1,58
16,43	1,59
16,45	1,59
16,48	1,60
16,50	1,60
16,53	1,59
16,55	1,64
16,58	1,64
16,60	1,66
16,63	1,66
16,65	1,69
16,67	1,71
16,70	1,74
16,72	1,71
16,75	1,74
16,77	1,73
16,80	1,76
16,82	1,78
16,84	1,80
16,87	1,80
16,89	1,84
16,92	1,81
16,94	1,86
16,97	1,85
16,99	1,86
17,02	1,86
17,04	1,88
17,06	1,87
17,09	1,91
17,11	1,90
17,14	1,94
17,16	1,93
17,19	1,95
17,21	1,96
17,24	1,97
17,26	1,97
17,28	2,02
17,31	2,01
17,33	2,04
17,36	2,05
17,38	2,08
17,41	2,09
17,43	2,12
17,46	2,10
17,48	2,12
17,50	2,13
17,53	2,16
17,55	2,18
17,58	2,19
17,60	2,19
17,63	2,22
17,65	2,23
17,68	2,27
17,70	2,27
17,72	2,26
17,75	2,27
17,77	2,27
17,80	2,27
17,82	2,29
17,85	2,28
17,87	2,28
17,89	2,29
17,92	2,29
17,94	2,32
17,97	2,33
17,99	2,34
18,02	2,35
18,04	2,35
18,07	2,35
18,09	2,38
18,11	2,38
18,14	2,39
18,16	2,37
18,19	2,37
18,21	2,37
18,24	2,38
18,26	2,37
18,29	2,41
18,31	2,39
18,33	2,41
18,36	2,41
18,38	2,42
18,41	2,43
18,43	2,43
18,46	2,39
18,48	2,41
18,51	2,37
18,53	2,39
18,55	2,38
18,58	2,38
18,60	2,36
18,63	2,38
18,65	2,35
18,68	2,39
18,70	2,37
18,73	2,37
18,75	2,36
18,77	2,39
18,80	2,36
18,82	2,39
18,85	2,36
18,87	2,37
18,90	2,35
18,92	2,35
18,94	2,32
18,97	2,33
18,99	2,29
19,02	2,33
19,04	2,30
19,07	2,32
19,09	2,30
19,12	2,31
19,14	2,30
19,16	2,31
19,19	2,27
19,21	2,29
19,24	2,25
19,26	2,26
19,29	2,23
19,31	2,23
19,34	2,22
19,36	2,23
19,38	2,20
19,41	2,22
19,43	2,20
19,46	2,21
19,48	2,23
19,51	2,23
19,53	2,23
19,56	2,24
19,58	2,23
19,60	2,23
19,63	2,24
19,65	2,21
19,68	2,21
19,70	2,18
19,73	2,17
19,75	2,18
19,78	2,17
19,80	2,16
19,82	2,17
19,85	2,16
19,87	2,19
19,90	2,19
19,92	2,18
19,95	2,16
19,97	2,17
19,99	2,15
20,02	2,15
20,04	2,12
20,07	2,14
20,09	2,12
20,12	2,14
20,14	2,14
20,17	2,16
20,19	2,15
20,21	2,20
20,24	2,18
20,26	2,20
20,29	2,19
20,31	2,21
20,34	2,19
20,36	2,22
20,39	2,19
20,41	2,22
20,43	2,20
20,46	2,22
20,48	2,24
20,51	2,28
20,53	2,27
20,56	2,29
20,58	2,27
20,61	2,32
20,63	2,32
20,65	2,32
20,68	2,30
20,70	2,31
20,73	2,31
20,75	2,34
20,78	2,33
20,80	2,35
20,83	2,35
20,85	2,37
20,87	2,39
20,90	2,42
20,92	2,42
20,95	2,47
20,97	2,46
21,00	2,49
21,02	2,51
21,05	2,55
21,07	2,56
21,09	2,59
21,12	2,57
21,14	2,61
21,17	2,63
21,19	2,65
21,22	2,68
21,24	2,70
21,26	2,71
21,29	2,74
21,31	2,75
21,34	2,81
21,36	2,83
21,39	2,83
21,41	2,86
21,44	2,87
21,46	2,91
21,48	2,94
21,51	2,95
21,53	2,97
21,56	3,01
21,58	3,03
21,61	3,10
21,63	3,12
21,66	3,16
21,68	3,20
21,70	3,25
21,73	3,27
21,75	3,32
21,78	3,32
21,80	3,36
21,83	3,37
21,85	3,40
21,88	3,41
21,90	3,46
21,92	3,47
21,95	3,51
21,97	3,52
22,00	3,57
22,02	3,58
22,05	3,62
22,07	3,65
22,10	3,69
22,12	3,70
22,14	3,76
22,17	3,75
22,19	3,79
22,22	3,80
22,24	3,83
22,27	3,84
22,29	3,88
22,31	3,88
22,34	3,94
22,36	3,95
22,39	3,98
22,41	4,00
22,44	4,03
22,46	4,04
22,49	4,07
22,51	4,06
22,53	4,08
22,56	4,08
22,58	4,09
22,61	4,10
22,63	4,10
22,66	4,09
22,68	4,11
22,71	4,10
22,73	4,12
22,75	4,12
22,78	4,12
22,80	4,15
22,83	4,16
22,85	4,17
22,88	4,17
22,90	4,14
22,93	4,15
22,95	4,14
22,97	4,11
23,00	4,11
23,02	4,10
23,05	4,10
23,07	4,11
23,10	4,10
23,12	4,09
23,15	4,11
23,17	4,10
23,19	4,10
23,22	4,08
23,24	4,06
23,27	4,04
23,29	4,04
23,32	4,01
23,34	4,00
23,36	3,95
23,39	3,95
23,41	3,93
23,44	3,93
23,46	3,90
23,49	3,90
23,51	3,86
23,54	3,89
23,56	3,85
23,58	3,83
23,61	3,81
23,63	3,78
23,66	3,74
23,68	3,74
23,71	3,68
23,73	3,68
23,76	3,64
23,78	3,63
23,80	3,63
23,83	3,62
23,85	3,58
23,88	3,59
23,90	3,55
23,93	3,56
23,95	3,52
23,98	3,52
24,00	3,47
24,02	3,48
24,05	3,43
24,07	3,44
24,10	3,39
24,12	3,39
24,15	3,36
24,17	3,37
24,20	3,33
24,22	3,34
24,24	3,30
24,27	3,34
24,29	3,31
24,32	3,31
24,34	3,28
24,37	3,27
24,39	3,24
24,42	3,24
24,44	3,19
24,46	3,19
24,49	3,16
24,51	3,16
24,54	3,17
24,56	3,19
24,59	3,18
24,61	3,19
24,63	3,16
24,66	3,18
24,68	3,17
24,71	3,16
24,73	3,14
24,76	3,13
24,78	3,13
24,81	3,14
24,83	3,13
24,85	3,14
24,88	3,16
24,90	3,16
24,93	3,17
24,95	3,18
24,98	3,19
25,00	3,23
25,03	3,23
25,05	3,22
25,07	3,24
25,10	3,23
25,12	3,25
25,15	3,26
25,17	3,26
25,20	3,26
25,22	3,28
25,25	3,28
25,27	3,33
25,29	3,34
25,32	3,36
25,34	3,37
25,37	3,41
25,39	3,43
25,42	3,47
25,44	3,47
25,47	3,51
25,49	3,52
25,51	3,55
25,54	3,58
25,56	3,60
25,59	3,62
25,61	3,67
25,64	3,69
25,66	3,75
25,68	3,77
25,71	3,80
25,73	3,86
25,76	3,91
25,78	3,93
25,81	3,99
25,83	4,00
25,86	4,06
25,88	4,08
25,90	4,12
25,93	4,15
25,95	4,20
25,98	4,23
26,00	4,30
26,03	4,33
26,05	4,40
26,08	4,45
26,10	4,51
26,12	4,55
26,15	4,60
26,17	4,62
26,20	4,69
26,22	4,73
26,25	4,78
26,27	4,84
26,30	4,88
26,32	4,94
26,34	5,01
26,37	5,06
26,39	5,12
26,42	5,17
26,44	5,21
26,47	5,30
26,49	5,33
26,52	5,37
26,54	5,43
26,56	5,49
26,59	5,53
26,61	5,59
26,64	5,63
26,66	5,70
26,69	5,75
26,71	5,80
26,73	5,85
26,76	5,91
26,78	5,96
26,81	6,03
26,83	6,07
26,86	6,15
26,88	6,18
26,91	6,21
26,93	6,25
26,95	6,30
26,98	6,32
27,00	6,39
27,03	6,39
27,05	6,44
27,08	6,47
27,10	6,52
27,13	6,55
27,15	6,60
27,17	6,59
27,20	6,65
27,22	6,66
27,25	6,70
27,27	6,70
27,30	6,73
27,32	6,73
27,35	6,77
27,37	6,76
27,39	6,79
27,42	6,77
27,44	6,79
27,47	6,79
27,49	6,81
27,52	6,79
27,54	6,81
27,57	6,79
27,59	6,82
27,61	6,80
27,64	6,79
27,66	6,77
27,69	6,77
27,71	6,74
27,74	6,74
27,76	6,70
27,78	6,70
27,81	6,66
27,83	6,64
27,86	6,60
27,88	6,59
27,91	6,54
27,93	6,53
27,96	6,47
27,98	6,45
28,00	6,41
28,03	6,38
28,05	6,32
28,08	6,29
28,10	6,24
28,13	6,22
28,15	6,15
28,18	6,11
28,20	6,07
28,22	6,03
28,25	5,99
28,27	5,95
28,30	5,90
28,32	5,87
28,35	5,82
28,37	5,78
28,40	5,74
28,42	5,69
28,44	5,65
28,47	5,61
28,49	5,57
28,52	5,52
28,54	5,48
28,57	5,42
28,59	5,39
28,62	5,34
28,64	5,29
28,66	5,25
28,69	5,22
28,71	5,17
28,74	5,15
28,76	5,08
28,79	5,06
28,81	5,02
28,84	4,99
28,86	4,95
28,88	4,91
28,91	4,86
28,93	4,86
28,96	4,81
28,98	4,80
29,01	4,76
29,03	4,75
29,05	4,73
29,08	4,72
29,10	4,67
29,13	4,67
29,15	4,63
29,18	4,63
29,20	4,60
29,23	4,61
29,25	4,58
29,27	4,58
29,30	4,55
29,32	4,56
29,35	4,54
29,37	4,54
29,40	4,52
29,42	4,53
29,45	4,51
29,47	4,52
29,49	4,49
29,52	4,50
29,54	4,49
29,57	4,50
29,59	4,51
29,62	4,51
29,64	4,52
29,67	4,55
29,69	4,55
29,71	4,59
29,74	4,60
29,76	4,62
29,79	4,65
29,81	4,67
29,84	4,67
29,86	4,71
29,89	4,71
29,91	4,75
29,93	4,80
29,96	4,83
29,98	4,86
30,01	4,89
30,03	4,93
30,06	4,98
30,08	5,01
30,10	5,03
30,13	5,07
30,15	5,10
30,18	5,14
30,20	5,18
30,23	5,23
30,25	5,26
30,28	5,31
30,30	5,35
30,32	5,42
30,35	5,45
30,37	5,51
30,40	5,56
30,42	5,63
30,45	5,67
30,47	5,76
30,50	5,80
30,52	5,90
30,54	5,94
30,57	6,02
30,59	6,07
30,62	6,16
30,64	6,20
30,67	6,29
30,69	6,33
30,72	6,41
30,74	6,46
30,76	6,54
30,79	6,61
30,81	6,70
30,84	6,75
30,86	6,85
30,89	6,91
30,91	7,01
30,94	7,08
30,96	7,17
30,98	7,24
31,01	7,33
31,03	7,39
31,06	7,50
31,08	7,55
31,11	7,64
31,13	7,73
31,15	7,82
31,18	7,91
31,20	8,02
31,23	8,09
31,25	8,21
31,28	8,30
31,30	8,38
31,33	8,46
31,35	8,55
31,37	8,62
31,40	8,73
31,42	8,82
31,45	8,91
31,47	9,00
31,50	9,08
31,52	9,18
31,55	9,26
31,57	9,33
31,59	9,42
31,62	9,48
31,64	9,55
31,67	9,63
31,69	9,69
31,72	9,77
31,74	9,83
31,77	9,89
31,79	9,96
31,81	10,03
31,84	10,07
31,86	10,16
31,89	10,21
31,91	10,27
31,94	10,30
31,96	10,36
31,99	10,40
32,01	10,46
32,03	10,46
32,06	10,52
32,08	10,52
32,11	10,55
32,13	10,58
32,16	10,60
32,18	10,60
32,20	10,62
32,23	10,61
32,25	10,63
32,28	10,63
32,30	10,62
32,33	10,60
32,35	10,59
32,38	10,56
32,40	10,56
32,42	10,52
32,45	10,51
32,47	10,47
32,50	10,45
32,52	10,41
32,55	10,39
32,57	10,32
32,60	10,32
32,62	10,25
32,64	10,22
32,67	10,15
32,69	10,11
32,72	10,03
32,74	10,00
32,77	9,90
32,79	9,87
32,82	9,78
32,84	9,74
32,86	9,69
32,89	9,65
32,91	9,54
32,94	9,49
32,96	9,39
32,99	9,35
33,01	9,24
33,04	9,15
33,06	9,05
33,08	8,96
33,11	8,85
33,13	8,79
33,16	8,68
33,18	8,62
33,21	8,52
33,23	8,45
33,26	8,39
33,28	8,33
33,30	8,23
33,33	8,18
33,35	8,09
33,38	8,03
33,40	7,95
33,43	7,88
33,45	7,79
33,47	7,73
33,50	7,64
33,52	7,58
33,55	7,52
33,57	7,47
33,60	7,44
33,62	7,38
33,65	7,31
33,67	7,26
33,69	7,19
33,72	7,14
33,74	7,09
33,77	7,00
33,79	6,96
33,82	6,90
33,84	6,87
33,87	6,84
33,89	6,79
33,91	6,75
33,94	6,72
33,96	6,67
33,99	6,67
34,01	6,63
34,04	6,61
34,06	6,59
34,09	6,59
34,11	6,57
34,13	6,58
34,16	6,56
34,18	6,56
34,21	6,53
34,23	6,52
34,26	6,50
34,28	6,50
34,31	6,48
34,33	6,52
34,35	6,51
34,38	6,55
34,40	6,56
34,43	6,60
34,45	6,63
34,48	6,67
34,50	6,66
34,52	6,70
34,55	6,68
34,57	6,72
34,60	6,72
34,62	6,75
34,65	6,77
34,67	6,81
34,70	6,84
34,72	6,92
34,74	6,96
34,77	7,03
34,79	7,10
34,82	7,17
34,84	7,22
34,87	7,29
34,89	7,33
34,92	7,41
34,94	7,46
34,96	7,50
34,99	7,56
35,01	7,63
35,04	7,70
35,06	7,80
35,09	7,87
35,11	7,96
35,14	8,05
35,16	8,13
35,18	8,22
35,21	8,28
35,23	8,35
35,26	8,44
35,28	8,51
35,31	8,58
35,33	8,66
35,36	8,73
35,38	8,85
35,40	8,94
35,43	9,03
35,45	9,13
35,48	9,23
35,50	9,33
35,53	9,48
35,55	9,55
35,57	9,67
35,60	9,75
35,62	9,87
35,65	9,97
35,67	10,09
35,70	10,15
35,72	10,30
35,75	10,39
35,77	10,53
35,79	10,63
35,82	10,77
35,84	10,88
35,87	11,03
35,89	11,12
35,92	11,28
35,94	11,38
35,97	11,50
35,99	11,60
36,01	11,70
36,04	11,81
36,06	11,96
36,09	12,05
36,11	12,19
36,14	12,30
36,16	12,44
36,19	12,59
36,21	12,72
36,23	12,82
36,26	12,97
36,28	13,07
36,31	13,20
36,33	13,31
36,36	13,43
36,38	13,53
36,41	13,66
36,43	13,76
36,45	13,89
36,48	13,99
36,50	14,10
36,53	14,20
36,55	14,32
36,58	14,40
36,60	14,49
36,62	14,56
36,65	14,67
36,67	14,74
36,70	14,81
36,72	14,87
36,75	14,92
36,77	14,99
36,80	15,06
36,82	15,09
36,84	15,14
36,87	15,18
36,89	15,22
36,92	15,28
36,94	15,31
36,97	15,33
36,99	15,37
37,02	15,38
37,04	15,40
37,06	15,42
37,09	15,40
37,11	15,41
37,14	15,40
37,16	15,38
37,19	15,36
37,21	15,33
37,24	15,30
37,26	15,26
37,28	15,21
37,31	15,17
37,33	15,12
37,36	15,06
37,38	15,02
37,41	14,97
37,43	14,89
37,46	14,82
37,48	14,71
37,50	14,64
37,53	14,55
37,55	14,46
37,58	14,34
37,60	14,25
37,63	14,14
37,65	14,08
37,68	13,98
37,70	13,90
37,72	13,79
37,75	13,69
37,77	13,58
37,80	13,49
37,82	13,35
37,85	13,24
37,87	13,08
37,89	12,97
37,92	12,85
37,94	12,73
37,97	12,58
37,99	12,49
38,02	12,36
38,04	12,28
38,07	12,15
38,09	12,05
38,11	11,94
38,14	11,84
38,16	11,69
38,19	11,59
38,21	11,42
38,24	11,30
38,26	11,16
38,29	11,05
38,31	10,93
38,33	10,83
38,36	10,72
38,38	10,66
38,41	10,55
38,43	10,47
38,46	10,37
38,48	10,29
38,51	10,21
38,53	10,11
38,55	10,01
38,58	9,95
38,60	9,87
38,63	9,81
38,65	9,74
38,68	9,66
38,70	9,61
38,73	9,57
38,75	9,51
38,77	9,49
38,80	9,44
38,82	9,39
38,85	9,39
38,87	9,34
38,90	9,32
38,92	9,29
38,94	9,24
38,97	9,21
38,99	9,19
39,02	9,14
39,04	9,15
39,07	9,12
39,09	9,12
39,12	9,13
39,14	9,15
39,16	9,15
39,19	9,19
39,21	9,18
39,24	9,22
39,26	9,23
39,29	9,26
39,31	9,27
39,34	9,33
39,36	9,35
39,38	9,42
39,41	9,42
39,43	9,49
39,46	9,52
39,48	9,59
39,51	9,63
39,53	9,69
39,56	9,73
39,58	9,86
39,60	9,92
39,63	9,99
39,65	10,06
39,68	10,13
39,70	10,21
39,73	10,30
39,75	10,33
39,78	10,43
39,80	10,49
39,82	10,59
39,85	10,68
39,87	10,79
39,90	10,88
39,92	11,01
39,95	11,10
39,97	11,22
39,99	11,32
40,02	11,45
40,04	11,55
40,07	11,67
40,09	11,76
40,12	11,89
40,14	11,98
40,17	12,11
40,19	12,22
40,21	12,34
40,24	12,46
40,26	12,60
40,29	12,73
40,31	12,90
40,34	13,05
40,36	13,19
40,39	13,34
40,41	13,49
40,43	13,63
40,46	13,77
40,48	13,90
40,51	14,01
40,53	14,13
40,56	14,25
40,58	14,42
40,61	14,57
40,63	14,75
40,65	14,89
40,68	15,06
40,70	15,24
40,73	15,44
40,75	15,56
40,78	15,72
40,80	15,84
40,83	16,02
40,85	16,18
40,87	16,33
40,90	16,45
40,92	16,63
40,95	16,78
40,97	16,99
41,00	17,16
41,02	17,32
41,05	17,51
41,07	17,68
41,09	17,83
41,12	18,00
41,14	18,11
41,17	18,26
41,19	18,39
41,22	18,53
41,24	18,67
41,26	18,80
41,29	18,93
41,31	19,10
41,34	19,23
41,36	19,37
41,39	19,51
41,41	19,66
41,44	19,80
41,46	19,94
41,48	20,04
41,51	20,16
41,53	20,26
41,56	20,36
41,58	20,46
41,61	20,53
41,63	20,60
41,66	20,70
41,68	20,76
41,70	20,86
41,73	20,92
41,75	20,97
41,78	21,05
41,80	21,10
41,83	21,14
41,85	21,18
41,88	21,19
41,90	21,21
41,92	21,21
41,95	21,20
41,97	21,20
42,00	21,18
42,02	21,16
42,05	21,15
42,07	21,11
42,10	21,08
42,12	21,05
42,14	21,01
42,17	20,99
42,19	20,93
42,22	20,86
42,24	20,81
42,27	20,75
42,29	20,68
42,31	20,63
42,34	20,51
42,36	20,43
42,39	20,33
42,41	20,24
42,44	20,13
42,46	20,02
42,49	19,89
42,51	19,81
42,53	19,68
42,56	19,57
42,58	19,44
42,61	19,31
42,63	19,18
42,66	19,05
42,68	18,87
42,71	18,75
42,73	18,57
42,75	18,43
42,78	18,27
42,80	18,10
42,83	17,92
42,85	17,78
42,88	17,62
42,90	17,51
42,93	17,35
42,95	17,22
42,97	17,06
43,00	16,95
43,02	16,78
43,05	16,64
43,07	16,44
43,10	16,31
43,12	16,13
43,15	15,99
43,17	15,82
43,19	15,68
43,22	15,51
43,24	15,40
43,27	15,26
43,29	15,14
43,32	14,99
43,34	14,88
43,36	14,75
43,39	14,64
43,41	14,50
43,44	14,39
43,46	14,25
43,49	14,16
43,51	14,06
43,54	13,96
43,56	13,86
43,58	13,79
43,61	13,69
43,63	13,64
43,66	13,56
43,68	13,49
43,71	13,43
43,73	13,37
43,76	13,31
43,78	13,28
43,80	13,23
43,83	13,21
43,85	13,18
43,88	13,14
43,90	13,11
43,93	13,09
43,95	13,07
43,98	13,06
44,00	13,05
44,02	13,03
44,05	13,04
44,07	13,04
44,10	13,07
44,12	13,07
44,15	13,10
44,17	13,12
44,20	13,15
44,22	13,19
44,24	13,26
44,27	13,28
44,29	13,34
44,32	13,38
44,34	13,45
44,37	13,51
44,39	13,59
44,41	13,63
44,44	13,73
44,46	13,79
44,49	13,89
44,51	13,97
44,54	14,09
44,56	14,16
44,59	14,29
44,61	14,36
44,63	14,47
44,66	14,56
44,68	14,65
44,71	14,75
44,73	14,86
44,76	14,95
44,78	15,11
44,81	15,22
44,83	15,38
44,85	15,50
44,88	15,65
44,90	15,81
44,93	15,95
44,95	16,07
44,98	16,23
45,00	16,35
45,03	16,51
45,05	16,65
45,07	16,80
45,10	16,95
45,12	17,15
45,15	17,29
45,17	17,47
45,20	17,65
45,22	17,83
45,25	18,04
45,27	18,23
45,29	18,40
45,32	18,58
45,34	18,74
45,37	18,90
45,39	19,07
45,42	19,20
45,44	19,36
45,47	19,51
45,49	19,71
45,51	19,92
45,54	20,13
45,56	20,31
45,59	20,51
45,61	20,71
45,64	20,96
45,66	21,14
45,68	21,33
45,71	21,50
45,73	21,69
45,76	21,86
45,78	22,07
45,81	22,21
45,83	22,44
45,86	22,62
45,88	22,83
45,90	23,02
45,93	23,25
45,95	23,43
45,98	23,68
46,00	23,83
46,03	24,02
46,05	24,19
46,08	24,40
46,10	24,56
46,12	24,74
46,15	24,86
46,17	25,06
46,20	25,22
46,22	25,41
46,25	25,56
46,27	25,74
46,30	25,91
46,32	26,10
46,34	26,26
46,37	26,41
46,39	26,52
46,42	26,65
46,44	26,78
46,47	26,89
46,49	27,00
46,52	27,12
46,54	27,23
46,56	27,35
46,59	27,45
46,61	27,56
46,64	27,67
46,66	27,75
46,69	27,82
46,71	27,93
46,73	27,99
46,76	28,06
46,78	28,09
46,81	28,12
46,83	28,16
46,86	28,19
46,88	28,18
46,91	28,20
46,93	28,20
46,95	28,22
46,98	28,22
47,00	28,20
47,03	28,20
47,05	28,20
47,08	28,17
47,10	28,16
47,13	28,12
47,15	28,07
47,17	28,05
47,20	27,98
47,22	27,91
47,25	27,84
47,27	27,74
47,30	27,63
47,32	27,52
47,35	27,39
47,37	27,28
47,39	27,16
47,42	27,05
47,44	26,96
47,47	26,88
47,49	26,78
47,52	26,67
47,54	26,56
47,57	26,43
47,59	26,26
47,61	26,08
47,64	25,90
47,66	25,71
47,69	25,52
47,71	25,34
47,74	25,15
47,76	25,02
47,78	24,85
47,81	24,70
47,83	24,54
47,86	24,37
47,88	24,18
47,91	24,05
47,93	23,82
47,96	23,64
47,98	23,42
48,00	23,24
48,03	23,01
48,05	22,85
48,08	22,61
48,10	22,45
48,13	22,25
48,15	22,12
48,18	21,95
48,20	21,82
48,22	21,61
48,25	21,48
48,27	21,25
48,30	21,12
48,32	20,92
48,35	20,75
48,37	20,56
48,40	20,41
48,42	20,24
48,44	20,14
48,47	19,99
48,49	19,88
48,52	19,73
48,54	19,62
48,57	19,52
48,59	19,44
48,62	19,32
48,64	19,23
48,66	19,12
48,69	19,05
48,71	18,98
48,74	18,92
48,76	18,84
48,79	18,79
48,81	18,71
48,84	18,68
48,86	18,64
48,88	18,61
48,91	18,58
48,93	18,57
48,96	18,56
48,98	18,55
49,01	18,54
49,03	18,56
49,05	18,56
49,08	18,60
49,10	18,62
49,13	18,66
49,15	18,69
49,18	18,73
49,20	18,76
49,23	18,82
49,25	18,90
49,27	18,93
49,30	18,99
49,32	19,05
49,35	19,15
49,37	19,24
49,40	19,34
49,42	19,39
49,45	19,49
49,47	19,59
49,49	19,73
49,52	19,80
49,54	19,93
49,57	20,02
49,59	20,15
49,62	20,27
49,64	20,42
49,67	20,54
49,69	20,70
49,71	20,82
49,74	20,99
49,76	21,16
49,79	21,35
49,81	21,49
49,84	21,65
49,86	21,77
49,89	21,97
49,91	22,10
49,93	22,26
49,96	22,39
49,98	22,57
50,01	22,76
50,03	22,97
50,06	23,13
50,08	23,34
50,10	23,52
50,13	23,75
50,15	23,96
50,18	24,17
50,20	24,35
50,23	24,56
50,25	24,74
50,28	24,95
50,30	25,15
50,32	25,35
50,35	25,55
50,37	25,78
50,40	25,99
50,42	26,23
50,45	26,45
50,47	26,69
50,50	26,95
50,52	27,20
50,54	27,41
50,57	27,63
50,59	27,84
50,62	28,08
50,64	28,29
50,67	28,50
50,69	28,72
50,72	28,95
50,74	29,20
50,76	29,47
50,79	29,72
50,81	29,96
50,84	30,20
50,86	30,42
50,89	30,66
50,91	30,87
50,94	31,04
50,96	31,22
50,98	31,43
51,01	31,61
51,03	31,83
51,06	32,04
51,08	32,27
51,11	32,50
51,13	32,74
51,15	32,96
51,18	33,21
51,20	33,39
51,23	33,64
51,25	33,82
51,28	34,01
51,30	34,16
51,33	34,35
51,35	34,48
51,37	34,66
51,40	34,76
51,42	34,94
51,45	35,08
51,47	35,26
51,50	35,39
51,52	35,57
51,55	35,68
51,57	35,82
51,59	35,91
51,62	36,04
51,64	36,10
51,67	36,20
51,69	36,26
51,72	36,36
51,74	36,42
51,77	36,51
51,79	36,57
51,81	36,67
51,84	36,71
51,86	36,76
51,89	36,79
51,91	36,83
51,94	36,84
51,96	36,90
51,99	36,90
52,01	36,93
52,03	36,91
52,06	36,91
52,08	36,90
52,11	36,88
52,13	36,82
52,16	36,81
52,18	36,74
52,20	36,69
52,23	36,61
52,25	36,54
52,28	36,47
52,30	36,40
52,33	36,30
52,35	36,24
52,38	36,14
52,40	36,07
52,42	36,00
52,45	35,89
52,47	35,78
52,50	35,66
52,52	35,49
52,55	35,36
52,57	35,20
52,60	35,01
52,62	34,86
52,64	34,69
52,67	34,55
52,69	34,44
52,72	34,27
52,74	34,13
52,77	33,96
52,79	33,76
52,82	33,58
52,84	33,37
52,86	33,15
52,89	32,96
52,91	32,74
52,94	32,52
52,96	32,31
52,99	32,10
53,01	31,90
53,04	31,71
53,06	31,51
53,08	31,33
53,11	31,16
53,13	30,98
53,16	30,80
53,18	30,59
53,21	30,38
53,23	30,17
53,26	29,96
53,28	29,74
53,30	29,56
53,33	29,37
53,35	29,22
53,38	29,03
53,40	28,86
53,43	28,71
53,45	28,58
53,47	28,42
53,50	28,28
53,52	28,08
53,55	27,98
53,57	27,81
53,60	27,68
53,62	27,53
53,65	27,40
53,67	27,24
53,69	27,17
53,72	27,03
53,74	26,98
53,77	26,88
53,79	26,81
53,82	26,75
53,84	26,72
53,87	26,65
53,89	26,65
53,91	26,59
53,94	26,56
53,96	26,53
53,99	26,51
54,01	26,48
54,04	26,48
54,06	26,44
54,09	26,47
54,11	26,48
54,13	26,51
54,16	26,55
54,18	26,59
54,21	26,62
54,23	26,68
54,26	26,72
54,28	26,79
54,31	26,88
54,33	26,95
54,35	27,02
54,38	27,09
54,40	27,21
54,43	27,30
54,45	27,39
54,48	27,46
54,50	27,56
54,52	27,67
54,55	27,84
54,57	27,94
54,60	28,11
54,62	28,25
54,65	28,44
54,67	28,60
54,70	28,80
54,72	28,93
54,74	29,09
54,77	29,22
54,79	29,37
54,82	29,50
54,84	29,68
54,87	29,81
54,89	30,03
54,92	30,21
54,94	30,47
54,96	30,67
54,99	30,94
55,01	31,18
55,04	31,44
55,06	31,65
55,09	31,89
55,11	32,06
55,14	32,28
55,16	32,45
55,18	32,66
55,21	32,86
55,23	33,09
55,26	33,32
55,28	33,60
55,31	33,84
55,33	34,12
55,36	34,41
55,38	34,68
55,40	34,95
55,43	35,19
55,45	35,42
55,48	35,65
55,50	35,88
55,53	36,08
55,55	36,32
55,57	36,55
55,60	36,81
55,62	37,11
55,65	37,41
55,67	37,71
55,70	37,97
55,72	38,25
55,75	38,53
55,77	38,77
55,79	38,99
55,82	39,23
55,84	39,45
55,87	39,70
55,89	39,94
55,92	40,15
55,94	40,45
55,97	40,72
55,99	40,97
56,01	41,25
56,04	41,51
56,06	41,74
56,09	42,06
56,11	42,28
56,14	42,52
56,16	42,73
56,19	42,95
56,21	43,13
56,23	43,36
56,26	43,50
56,28	43,72
56,31	43,89
56,33	44,12
56,36	44,32
56,38	44,57
56,41	44,78
56,43	45,00
56,45	45,14
56,48	45,40
56,50	45,57
56,53	45,75
56,55	45,86
56,58	46,00
56,60	46,13
56,62	46,32
56,65	46,41
56,67	46,55
56,70	46,65
56,72	46,79
56,75	46,90
56,77	47,07
56,80	47,18
56,82	47,31
56,84	47,40
56,87	47,52
56,89	47,60
56,92	47,70
56,94	47,72
56,97	47,76
56,99	47,77
57,02	47,82
57,04	47,84
57,06	47,88
57,09	47,91
57,11	47,93
57,14	47,93
57,16	47,96
57,19	47,93
57,21	48,00
57,24	47,97
57,26	47,95
57,28	47,90
57,31	47,88
57,33	47,83
57,36	47,82
57,38	47,73
57,41	47,67
57,43	47,56
57,46	47,47
57,48	47,38
57,50	47,27
57,53	47,15
57,55	47,05
57,58	46,93
57,60	46,84
57,63	46,73
57,65	46,62
57,68	46,51
57,70	46,35
57,72	46,16
57,75	46,01
57,77	45,83
57,80	45,66
57,82	45,46
57,85	45,25
57,87	45,09
57,89	44,94
57,92	44,77
57,94	44,60
57,97	44,41
57,99	44,23
58,02	44,05
58,04	43,81
58,07	43,59
58,09	43,37
58,11	43,15
58,14	42,94
58,16	42,71
58,19	42,48
58,21	42,30
58,24	42,09
58,26	41,90
58,29	41,72
58,31	41,51
58,33	41,32
58,36	41,16
58,38	40,95
58,41	40,76
58,43	40,54
58,46	40,33
58,48	40,15
58,51	39,95
58,53	39,74
58,55	39,58
58,58	39,39
58,60	39,26
58,63	39,12
58,65	38,98
58,68	38,86
58,70	38,74
58,73	38,60
58,75	38,49
58,77	38,32
58,80	38,22
58,82	38,10
58,85	37,97
58,87	37,87
58,90	37,80
58,92	37,73
58,94	37,72
58,97	37,65
58,99	37,62
59,02	37,61
59,04	37,59
59,07	37,58
59,09	37,56
59,12	37,55
59,14	37,55
59,16	37,55
59,19	37,56
59,21	37,58
59,24	37,59
59,26	37,61
59,29	37,64
59,31	37,66
59,34	37,71
59,36	37,76
59,38	37,82
59,41	37,92
59,43	38,01
59,46	38,12
59,48	38,25
59,51	38,40
59,53	38,53
59,56	38,65
59,58	38,77
59,60	38,89
59,63	38,99
59,65	39,13
59,68	39,23
59,70	39,37
59,73	39,51
59,75	39,67
59,78	39,85
59,80	40,08
59,82	40,24
59,85	40,47
59,87	40,66
59,90	40,90
59,92	41,09
59,95	41,26
59,97	41,39
59,99	41,52
