U1/V	IA/nA
0,02	0,45
0,04	0,46
0,07	0,48
0,09	0,50
0,12	0,52
0,14	0,48
0,17	0,50
0,19	0,48
0,21	0,49
0,24	0,46
0,26	0,46
0,29	0,44
0,31	0,46
0,34	0,43
0,36	0,47
0,39	0,45
0,41	0,47
0,43	0,47
0,46	0,49
0,48	0,47
0,51	0,49
0,53	0,47
0,56	0,50
0,58	0,48
0,61	0,47
0,63	0,46
0,65	0,46
0,68	0,44
0,70	0,48
0,73	0,47
0,75	0,49
0,78	0,47
0,80	0,49
0,83	0,50
0,85	0,50
0,87	0,48
0,90	0,49
0,92	0,46
0,95	0,46
0,97	0,46
1,00	0,45
1,02	0,46
1,05	0,46
1,07	0,44
1,09	0,46
1,12	0,46
1,14	0,45
1,17	0,47
1,19	0,46
1,22	0,47
1,24	0,47
1,26	0,47
1,29	0,47
1,31	0,49
1,34	0,47
1,36	0,49
1,39	0,45
1,41	0,46
1,44	0,48
1,46	0,49
1,48	0,49
1,51	0,49
1,53	0,47
1,56	0,51
1,58	0,50
1,61	0,49
1,63	0,47
1,66	0,47
1,68	0,44
1,70	0,46
1,73	0,42
1,75	0,44
1,78	0,42
1,80	0,44
1,83	0,44
1,85	0,45
1,88	0,44
1,90	0,49
1,92	0,47
1,95	0,50
1,97	0,48
2,00	0,50
2,02	0,49
2,05	0,52
2,07	0,47
2,10	0,49
2,12	0,45
2,14	0,47
2,17	0,46
2,19	0,47
2,22	0,45
2,24	0,48
2,27	0,45
2,29	0,50
2,31	0,48
2,34	0,49
2,36	0,48
2,39	0,48
2,41	0,46
2,44	0,48
2,46	0,44
2,49	0,47
2,51	0,44
2,53	0,44
2,56	0,46
2,58	0,47
2,61	0,46
2,63	0,49
2,66	0,47
2,68	0,49
2,71	0,49
2,73	0,49
2,75	0,49
2,78	0,48
2,80	0,46
2,83	0,46
2,85	0,45
2,88	0,45
2,90	0,45
2,93	0,44
2,95	0,45
2,97	0,45
3,00	0,47
3,02	0,49
3,05	0,49
3,07	0,48
3,10	0,48
3,12	0,46
3,15	0,47
3,17	0,46
3,19	0,45
3,22	0,44
3,24	0,45
3,27	0,43
3,29	0,48
3,32	0,46
3,34	0,47
3,36	0,48
3,39	0,50
3,41	0,50
3,44	0,51
3,46	0,49
3,49	0,50
3,51	0,48
3,54	0,48
3,56	0,46
3,58	0,46
3,61	0,45
3,63	0,48
3,66	0,45
3,68	0,47
3,71	0,45
3,73	0,47
3,76	0,48
3,78	0,50
3,80	0,47
3,83	0,49
3,85	0,46
3,88	0,48
3,90	0,46
3,93	0,46
3,95	0,45
3,98	0,46
4,00	0,45
4,02	0,48
4,05	0,46
4,07	0,48
4,10	0,47
4,12	0,48
4,15	0,47
4,17	0,48
4,20	0,46
4,22	0,48
4,24	0,47
4,27	0,48
4,29	0,47
4,32	0,46
4,34	0,45
4,37	0,47
4,39	0,46
4,42	0,47
4,44	0,47
4,46	0,47
4,49	0,50
4,51	0,50
4,54	0,50
4,56	0,51
4,59	0,48
4,61	0,47
4,63	0,46
4,66	0,43
4,68	0,45
4,71	0,43
4,73	0,43
4,76	0,45
4,78	0,45
4,81	0,44
4,83	0,46
4,85	0,45
4,88	0,46
4,90	0,45
4,93	0,45
4,95	0,44
4,98	0,46
5,00	0,44
5,03	0,47
5,05	0,44
5,07	0,46
5,10	0,44
5,12	0,46
5,15	0,45
5,17	0,46
5,20	0,43
5,22	0,48
5,25	0,46
5,27	0,49
5,29	0,47
5,32	0,48
5,34	0,45
5,37	0,47
5,39	0,43
5,42	0,46
5,44	0,43
5,47	0,45
5,49	0,45
5,51	0,48
5,54	0,47
5,56	0,49
5,59	0,45
5,61	0,48
5,64	0,46
5,66	0,48
5,68	0,45
5,71	0,48
5,73	0,45
5,76	0,48
5,78	0,45
5,81	0,47
5,83	0,46
5,86	0,47
5,88	0,46
5,90	0,48
5,93	0,47
5,95	0,52
5,98	0,50
6,00	0,50
6,03	0,49
6,05	0,49
6,08	0,48
6,10	0,49
6,12	0,46
6,15	0,47
6,17	0,45
6,20	0,46
6,22	0,48
6,25	0,48
6,27	0,48
6,30	0,49
6,32	0,49
6,34	0,50
6,37	0,50
6,39	0,50
6,42	0,51
6,44	0,49
6,47	0,49
6,49	0,49
6,52	0,49
6,54	0,49
6,56	0,49
6,59	0,48
6,61	0,49
6,64	0,48
6,66	0,49
6,69	0,52
6,71	0,51
6,73	0,50
6,76	0,52
6,78	0,51
6,81	0,53
6,83	0,52
6,86	0,52
6,88	0,51
6,91	0,51
6,93	0,49
6,95	0,50
6,98	0,49
7,00	0,51
7,03	0,48
7,05	0,50
7,08	0,50
7,10	0,52
7,13	0,50
7,15	0,52
7,17	0,50
7,20	0,52
7,22	0,53
7,25	0,53
7,27	0,51
7,30	0,53
7,32	0,50
7,35	0,53
7,37	0,51
7,39	0,51
7,42	0,51
7,44	0,53
7,47	0,51
7,49	0,54
7,52	0,52
7,54	0,54
7,57	0,51
7,59	0,52
7,61	0,51
7,64	0,51
7,66	0,50
7,69	0,53
7,71	0,51
7,74	0,54
7,76	0,54
7,78	0,55
7,81	0,56
7,83	0,56
7,86	0,54
7,88	0,55
7,91	0,54
7,93	0,55
7,96	0,56
7,98	0,55
8,00	0,55
8,03	0,56
8,05	0,56
8,08	0,58
8,10	0,58
8,13	0,57
8,15	0,57
8,18	0,57
8,20	0,57
8,22	0,58
8,25	0,57
8,27	0,56
8,30	0,56
8,32	0,56
8,35	0,58
8,37	0,56
8,40	0,57
8,42	0,58
8,44	0,58
8,47	0,57
8,49	0,59
8,52	0,57
8,54	0,60
8,57	0,59
8,59	0,59
8,62	0,60
8,64	0,62
8,66	0,61
8,69	0,65
8,71	0,63
8,74	0,65
8,76	0,63
8,79	0,65
8,81	0,64
8,84	0,66
8,86	0,62
8,88	0,64
8,91	0,61
8,93	0,64
8,96	0,62
8,98	0,64
9,01	0,61
9,03	0,63
9,05	0,61
9,08	0,64
9,10	0,60
9,13	0,62
9,15	0,61
9,18	0,64
9,20	0,63
9,23	0,65
9,25	0,63
9,27	0,68
9,30	0,67
9,32	0,68
9,35	0,67
9,37	0,67
9,40	0,66
9,42	0,70
9,45	0,68
9,47	0,71
9,49	0,70
9,52	0,71
9,54	0,71
9,57	0,73
9,59	0,70
9,62	0,72
9,64	0,70
9,67	0,71
9,69	0,70
9,71	0,70
9,74	0,70
9,76	0,71
9,79	0,68
9,81	0,69
9,84	0,67
9,86	0,67
9,89	0,69
9,91	0,69
9,93	0,69
9,96	0,70
9,98	0,71
10,01	0,73
10,03	0,74
10,06	0,72
10,08	0,74
10,10	0,73
10,13	0,75
10,15	0,75
10,18	0,77
10,20	0,77
10,23	0,78
10,25	0,76
10,28	0,78
10,30	0,76
10,32	0,77
10,35	0,76
10,37	0,76
10,40	0,75
10,42	0,77
10,45	0,75
10,47	0,78
10,50	0,77
10,52	0,79
10,54	0,78
10,57	0,78
10,59	0,76
10,62	0,79
10,64	0,77
10,67	0,79
10,69	0,78
10,72	0,80
10,74	0,80
10,76	0,83
10,79	0,80
10,81	0,83
10,84	0,80
10,86	0,82
10,89	0,82
10,91	0,84
10,94	0,82
10,96	0,85
10,98	0,82
11,01	0,86
11,03	0,84
11,06	0,85
11,08	0,83
11,11	0,85
11,13	0,83
11,15	0,86
11,18	0,84
11,20	0,85
11,23	0,83
11,25	0,85
11,28	0,85
11,30	0,87
11,33	0,86
11,35	0,90
11,37	0,89
11,40	0,90
11,42	0,90
11,45	0,90
11,47	0,89
11,50	0,89
11,52	0,86
11,55	0,85
11,57	0,85
11,59	0,86
11,62	0,90
11,64	0,90
11,67	0,90
11,69	0,90
11,72	0,94
11,74	0,96
11,77	0,96
11,79	0,93
11,81	0,94
11,84	0,93
11,86	0,95
11,89	0,94
11,91	0,94
11,94	0,93
11,96	0,93
11,99	0,93
12,01	0,96
12,03	0,96
12,06	0,98
12,08	0,99
12,11	1,02
12,13	1,01
12,16	1,03
12,18	1,01
12,21	1,03
12,23	1,03
12,25	1,02
12,28	1,01
12,30	1,04
12,33	1,03
12,35	1,07
12,38	1,06
12,40	1,08
12,42	1,07
12,45	1,10
12,47	1,10
12,50	1,12
12,52	1,09
12,55	1,13
12,57	1,09
12,60	1,11
12,62	1,09
12,64	1,10
12,67	1,08
12,69	1,11
12,72	1,08
12,74	1,12
12,77	1,11
12,79	1,13
12,82	1,14
12,84	1,16
12,86	1,16
12,89	1,18
12,91	1,16
12,94	1,19
12,96	1,18
12,99	1,19
13,01	1,17
13,04	1,17
13,06	1,16
13,08	1,20
13,11	1,19
13,13	1,21
13,16	1,21
13,18	1,23
13,21	1,24
13,23	1,26
13,26	1,23
13,28	1,25
13,30	1,23
13,33	1,22
13,35	1,22
13,38	1,21
13,40	1,22
13,43	1,22
13,45	1,22
13,47	1,24
13,50	1,25
13,52	1,25
13,55	1,29
13,57	1,28
13,60	1,30
13,62	1,29
13,65	1,29
13,67	1,29
13,69	1,30
13,72	1,26
13,74	1,28
13,77	1,26
13,79	1,28
13,82	1,29
13,84	1,31
13,87	1,31
13,89	1,34
13,91	1,31
13,94	1,35
13,96	1,33
13,99	1,33
14,01	1,32
14,04	1,32
14,06	1,30
14,09	1,32
14,11	1,29
14,13	1,31
14,16	1,29
14,18	1,31
14,21	1,30
14,23	1,33
14,26	1,31
14,28	1,36
14,31	1,34
14,33	1,36
14,35	1,35
14,38	1,36
14,40	1,34
14,43	1,36
14,45	1,31
14,48	1,35
14,50	1,31
14,52	1,33
14,55	1,33
14,57	1,35
14,60	1,34
14,62	1,36
14,65	1,34
14,67	1,39
14,70	1,37
14,72	1,38
14,74	1,36
14,77	1,34
14,79	1,33
14,82	1,35
14,84	1,32
14,87	1,34
14,89	1,32
14,92	1,33
14,94	1,36
14,96	1,37
14,99	1,36
15,01	1,39
15,04	1,37
15,06	1,38
15,09	1,38
15,11	1,39
15,14	1,39
15,16	1,39
15,18	1,36
15,21	1,38
15,23	1,38
15,26	1,38
15,28	1,38
15,31	1,38
15,33	1,38
15,36	1,38
15,38	1,38
15,40	1,41
15,43	1,42
15,45	1,40
15,48	1,42
15,50	1,40
15,53	1,42
15,55	1,41
15,57	1,40
15,60	1,39
15,62	1,40
15,65	1,39
15,67	1,43
15,70	1,42
15,72	1,44
15,75	1,45
15,77	1,47
15,79	1,47
15,82	1,48
15,84	1,46
15,87	1,48
15,89	1,47
15,92	1,47
15,94	1,46
15,97	1,48
15,99	1,48
16,01	1,51
16,04	1,50
16,06	1,53
16,09	1,52
16,11	1,54
16,14	1,56
16,16	1,57
16,19	1,56
16,21	1,59
16,23	1,55
16,26	1,57
16,28	1,56
16,31	1,56
16,33	1,55
16,36	1,57
16,38	1,56
16,41	1,61
16,43	1,60
16,45	1,62
16,48	1,64
16,50	1,67
16,53	1,67
16,55	1,69
16,58	1,68
16,60	1,71
16,63	1,72
16,65	1,73
16,67	1,74
16,70	1,75
16,72	1,75
16,75	1,77
16,77	1,78
16,80	1,80
16,82	1,81
16,84	1,81
16,87	1,85
16,89	1,86
16,92	1,87
16,94	1,90
16,97	1,89
16,99	1,90
17,02	1,90
17,04	1,91
17,06	1,93
17,09	1,93
17,11	1,95
17,14	1,97
17,16	1,99
17,19	1,99
17,21	2,02
17,24	2,05
17,26	2,08
17,28	2,07
17,31	2,09
17,33	2,10
17,36	2,14
17,38	2,14
17,41	2,15
17,43	2,12
17,46	2,15
17,48	2,15
17,50	2,18
17,53	2,18
17,55	2,20
17,58	2,18
17,60	2,26
17,63	2,25
17,65	2,28
17,68	2,28
17,70	2,28
17,72	2,26
17,75	2,29
17,77	2,25
17,80	2,29
17,82	2,27
17,85	2,29
17,87	2,29
17,89	2,32
17,92	2,31
17,94	2,35
17,97	2,34
17,99	2,37
18,02	2,37
18,04	2,40
18,07	2,40
18,09	2,42
18,11	2,40
18,14	2,43
18,16	2,40
18,19	2,42
18,21	2,41
18,24	2,42
18,26	2,41
18,29	2,42
18,31	2,41
18,33	2,46
18,36	2,45
18,38	2,45
18,41	2,44
18,43	2,43
18,46	2,43
18,48	2,44
18,51	2,40
18,53	2,41
18,55	2,39
18,58	2,38
18,60	2,40
18,63	2,40
18,65	2,40
18,68	2,40
18,70	2,39
18,73	2,40
18,75	2,41
18,77	2,40
18,80	2,40
18,82	2,38
18,85	2,38
18,87	2,38
18,90	2,37
18,92	2,36
18,94	2,37
18,97	2,34
18,99	2,36
19,02	2,34
19,04	2,34
19,07	2,36
19,09	2,36
19,12	2,33
19,14	2,34
19,16	2,32
19,19	2,32
19,21	2,29
19,24	2,28
19,26	2,27
19,29	2,26
19,31	2,24
19,34	2,26
19,36	2,25
19,38	2,27
19,41	2,26
19,43	2,26
19,46	2,25
19,48	2,27
19,51	2,23
19,53	2,24
19,56	2,21
19,58	2,21
19,60	2,21
19,63	2,20
19,65	2,18
19,68	2,21
19,70	2,18
19,73	2,21
19,75	2,18
19,78	2,18
19,80	2,19
19,82	2,20
19,85	2,17
19,87	2,19
19,90	2,16
19,92	2,17
19,95	2,15
19,97	2,15
19,99	2,15
20,02	2,15
20,04	2,13
20,07	2,15
20,09	2,14
20,12	2,15
20,14	2,15
20,17	2,17
20,19	2,18
20,21	2,20
20,24	2,18
20,26	2,20
20,29	2,20
20,31	2,22
20,34	2,23
20,36	2,21
20,39	2,21
20,41	2,22
20,43	2,22
20,46	2,24
20,48	2,24
20,51	2,23
20,53	2,26
20,56	2,26
20,58	2,28
20,61	2,29
20,63	2,28
20,65	2,29
20,68	2,30
20,70	2,30
20,73	2,33
20,75	2,32
20,78	2,34
20,80	2,36
20,83	2,38
20,85	2,40
20,87	2,43
20,90	2,44
20,92	2,49
20,95	2,49
20,97	2,52
21,00	2,52
21,02	2,55
21,05	2,55
21,07	2,60
21,09	2,59
21,12	2,64
21,14	2,65
21,17	2,69
21,19	2,72
21,22	2,76
21,24	2,75
21,26	2,80
21,29	2,79
21,31	2,83
21,34	2,84
21,36	2,86
21,39	2,87
21,41	2,93
21,44	2,94
21,46	2,99
21,48	2,98
21,51	3,02
21,53	3,05
21,56	3,10
21,58	3,10
21,61	3,15
21,63	3,16
21,66	3,22
21,68	3,24
21,70	3,27
21,73	3,29
21,75	3,34
21,78	3,36
21,80	3,43
21,83	3,46
21,85	3,51
21,88	3,53
21,90	3,57
21,92	3,59
21,95	3,63
21,97	3,62
22,00	3,67
22,02	3,68
22,05	3,71
22,07	3,72
22,10	3,76
22,12	3,79
22,14	3,83
22,17	3,84
22,19	3,88
22,22	3,88
22,24	3,90
22,27	3,94
22,29	3,95
22,31	3,98
22,34	3,99
22,36	4,01
22,39	4,04
22,41	4,08
22,44	4,08
22,46	4,10
22,49	4,09
22,51	4,12
22,53	4,14
22,56	4,16
22,58	4,17
22,61	4,19
22,63	4,18
22,66	4,22
22,68	4,21
22,71	4,22
22,73	4,21
22,75	4,22
22,78	4,20
22,80	4,22
22,83	4,20
22,85	4,22
22,88	4,20
22,90	4,22
22,93	4,20
22,95	4,19
22,97	4,17
23,00	4,19
23,02	4,17
23,05	4,18
23,07	4,16
23,10	4,16
23,12	4,15
23,15	4,16
23,17	4,12
23,19	4,12
23,22	4,09
23,24	4,09
23,27	4,08
23,29	4,09
23,32	4,04
23,34	4,05
23,36	4,01
23,39	4,03
23,41	3,99
23,44	3,96
23,46	3,93
23,49	3,93
23,51	3,89
23,54	3,89
23,56	3,85
23,58	3,85
23,61	3,81
23,63	3,79
23,66	3,78
23,68	3,76
23,71	3,72
23,73	3,71
23,76	3,68
23,78	3,67
23,80	3,65
23,83	3,64
23,85	3,63
23,88	3,61
23,90	3,57
23,93	3,56
23,95	3,54
23,98	3,53
24,00	3,52
24,02	3,50
24,05	3,48
24,07	3,47
24,10	3,45
24,12	3,45
24,15	3,43
24,17	3,40
24,20	3,39
24,22	3,36
24,24	3,35
24,27	3,33
24,29	3,31
24,32	3,28
24,34	3,27
24,37	3,24
24,39	3,26
24,42	3,24
24,44	3,24
24,46	3,24
24,49	3,25
24,51	3,24
24,54	3,25
24,56	3,23
24,59	3,24
24,61	3,21
24,63	3,20
24,66	3,18
24,68	3,18
24,71	3,16
24,73	3,20
24,76	3,18
24,78	3,20
24,81	3,19
24,83	3,21
24,85	3,22
24,88	3,24
24,90	3,20
24,93	3,22
24,95	3,21
24,98	3,23
25,00	3,22
25,03	3,24
25,05	3,24
25,07	3,27
25,10	3,26
25,12	3,30
25,15	3,30
25,17	3,33
25,20	3,34
25,22	3,37
25,25	3,37
25,27	3,41
25,29	3,41
25,32	3,45
25,34	3,47
25,37	3,50
25,39	3,52
25,42	3,55
25,44	3,55
25,47	3,62
25,49	3,62
25,51	3,66
25,54	3,66
25,56	3,69
25,59	3,73
25,61	3,77
25,64	3,77
25,66	3,82
25,68	3,85
25,71	3,89
25,73	3,93
25,76	3,96
25,78	4,00
25,81	4,04
25,83	4,08
25,86	4,12
25,88	4,15
25,90	4,18
25,93	4,25
25,95	4,29
25,98	4,35
26,00	4,38
26,03	4,44
26,05	4,49
26,08	4,57
26,10	4,58
26,12	4,65
26,15	4,67
26,17	4,73
26,20	4,79
26,22	4,86
26,25	4,90
26,27	4,96
26,30	5,00
26,32	5,10
26,34	5,14
26,37	5,19
26,39	5,23
26,42	5,29
26,44	5,32
26,47	5,40
26,49	5,41
26,52	5,49
26,54	5,52
26,56	5,58
26,59	5,63
26,61	5,71
26,64	5,75
26,66	5,85
26,69	5,89
26,71	5,97
26,73	6,01
26,76	6,09
26,78	6,13
26,81	6,20
26,83	6,21
26,86	6,27
26,88	6,30
26,91	6,35
26,93	6,40
26,95	6,45
26,98	6,47
27,00	6,52
27,03	6,55
27,05	6,63
27,08	6,65
27,10	6,67
27,13	6,69
27,15	6,73
27,17	6,75
27,20	6,78
27,22	6,77
27,25	6,80
27,27	6,81
27,30	6,83
27,32	6,86
27,35	6,88
27,37	6,89
27,39	6,94
27,42	6,94
27,44	6,95
27,47	6,96
27,49	6,95
27,52	6,95
27,54	6,94
27,57	6,91
27,59	6,91
27,61	6,89
27,64	6,87
27,66	6,88
27,69	6,85
27,71	6,84
27,74	6,82
27,76	6,80
27,78	6,80
27,81	6,79
27,83	6,74
27,86	6,73
27,88	6,67
27,91	6,65
27,93	6,60
27,96	6,57
27,98	6,52
28,00	6,49
28,03	6,43
28,05	6,43
28,08	6,38
28,10	6,35
28,13	6,30
28,15	6,27
28,18	6,20
28,20	6,18
28,22	6,11
28,25	6,10
28,27	6,03
28,30	5,97
28,32	5,91
28,35	5,89
28,37	5,82
28,40	5,78
28,42	5,70
28,44	5,68
28,47	5,62
28,49	5,59
28,52	5,55
28,54	5,51
28,57	5,45
28,59	5,44
28,62	5,37
28,64	5,35
28,66	5,29
28,69	5,25
28,71	5,20
28,74	5,17
28,76	5,10
28,79	5,08
28,81	5,02
28,84	5,01
28,86	4,99
28,88	4,97
28,91	4,94
28,93	4,93
28,96	4,88
28,98	4,87
29,01	4,84
29,03	4,79
29,05	4,76
29,08	4,72
29,10	4,69
29,13	4,67
29,15	4,64
29,18	4,64
29,20	4,63
29,23	4,60
29,25	4,62
29,27	4,61
29,30	4,61
29,32	4,60
29,35	4,57
29,37	4,54
29,40	4,55
29,42	4,52
29,45	4,53
29,47	4,52
29,49	4,53
29,52	4,55
29,54	4,57
29,57	4,56
29,59	4,60
29,62	4,60
29,64	4,63
29,67	4,63
29,69	4,64
29,71	4,64
29,74	4,69
29,76	4,67
29,79	4,71
29,81	4,70
29,84	4,74
29,86	4,76
29,89	4,80
29,91	4,82
29,93	4,88
29,96	4,88
29,98	4,96
30,01	4,97
30,03	5,01
30,06	5,04
30,08	5,07
30,10	5,08
30,13	5,14
30,15	5,15
30,18	5,22
30,20	5,25
30,23	5,31
30,25	5,36
30,28	5,44
30,30	5,46
30,32	5,54
30,35	5,57
30,37	5,65
30,40	5,69
30,42	5,75
30,45	5,79
30,47	5,88
30,50	5,90
30,52	5,98
30,54	6,02
30,57	6,11
30,59	6,19
30,62	6,26
30,64	6,33
30,67	6,41
30,69	6,45
30,72	6,57
30,74	6,62
30,76	6,68
30,79	6,76
30,81	6,80
30,84	6,89
30,86	6,99
30,89	7,06
30,91	7,15
30,94	7,23
30,96	7,30
30,98	7,44
31,01	7,51
31,03	7,60
31,06	7,66
31,08	7,74
31,11	7,82
31,13	7,93
31,15	7,98
31,18	8,09
31,20	8,17
31,23	8,28
31,25	8,38
31,28	8,48
31,30	8,55
31,33	8,67
31,35	8,74
31,37	8,84
31,40	8,91
31,42	9,00
31,45	9,10
31,47	9,19
31,50	9,24
31,52	9,35
31,55	9,39
31,57	9,50
31,59	9,56
31,62	9,64
31,64	9,72
31,67	9,82
31,69	9,87
31,72	9,98
31,74	10,03
31,77	10,11
31,79	10,16
31,81	10,23
31,84	10,27
31,86	10,35
31,89	10,38
31,91	10,46
31,94	10,50
31,96	10,56
31,99	10,59
32,01	10,63
32,03	10,64
32,06	10,68
32,08	10,68
32,11	10,72
32,13	10,73
32,16	10,75
32,18	10,78
32,20	10,80
32,23	10,80
32,25	10,83
32,28	10,79
32,30	10,79
32,33	10,76
32,35	10,74
32,38	10,72
32,40	10,69
32,42	10,66
32,45	10,66
32,47	10,61
32,50	10,59
32,52	10,55
32,55	10,52
32,57	10,48
32,60	10,43
32,62	10,36
32,64	10,31
32,67	10,25
32,69	10,18
32,72	10,12
32,74	10,04
32,77	9,98
32,79	9,92
32,82	9,87
32,84	9,81
32,86	9,75
32,89	9,67
32,91	9,64
32,94	9,55
32,96	9,46
32,99	9,38
33,01	9,29
33,04	9,20
33,06	9,11
33,08	9,00
33,11	8,94
33,13	8,85
33,16	8,77
33,18	8,69
33,21	8,63
33,23	8,54
33,26	8,47
33,28	8,38
33,30	8,32
33,33	8,22
33,35	8,14
33,38	8,05
33,40	7,99
33,43	7,90
33,45	7,86
33,47	7,75
33,50	7,70
33,52	7,62
33,55	7,57
33,57	7,50
33,60	7,46
33,62	7,36
33,65	7,35
33,67	7,28
33,69	7,24
33,72	7,17
33,74	7,13
33,77	7,06
33,79	7,04
33,82	6,97
33,84	6,95
33,87	6,87
33,89	6,84
33,91	6,79
33,94	6,78
33,96	6,73
33,99	6,71
34,01	6,67
34,04	6,68
34,06	6,66
34,09	6,65
34,11	6,62
34,13	6,61
34,16	6,59
34,18	6,61
34,21	6,57
34,23	6,58
34,26	6,57
34,28	6,57
34,31	6,57
34,33	6,59
34,35	6,59
34,38	6,64
34,40	6,66
34,43	6,67
34,45	6,68
34,48	6,71
34,50	6,74
34,52	6,76
34,55	6,78
34,57	6,80
34,60	6,83
34,62	6,87
34,65	6,93
34,67	6,96
34,70	7,00
34,72	7,04
34,74	7,11
34,77	7,17
34,79	7,25
34,82	7,29
34,84	7,35
34,87	7,39
34,89	7,47
34,92	7,52
34,94	7,59
34,96	7,63
34,99	7,71
35,01	7,77
35,04	7,87
35,06	7,93
35,09	8,02
35,11	8,10
35,14	8,19
35,16	8,25
35,18	8,36
35,21	8,40
35,23	8,49
35,26	8,56
35,28	8,66
35,31	8,74
35,33	8,83
35,36	8,90
35,38	9,03
35,40	9,12
35,43	9,22
35,45	9,32
35,48	9,44
35,50	9,55
35,53	9,69
35,55	9,77
35,57	9,88
35,60	9,98
35,62	10,09
35,65	10,20
35,67	10,31
35,70	10,41
35,72	10,54
35,75	10,65
35,77	10,79
35,79	10,90
35,82	11,01
35,84	11,15
35,87	11,27
35,89	11,38
35,92	11,50
35,94	11,60
35,97	11,71
35,99	11,83
36,01	11,93
36,04	12,06
36,06	12,18
36,09	12,31
36,11	12,44
36,14	12,58
36,16	12,70
36,19	12,86
36,21	12,98
36,23	13,11
36,26	13,21
36,28	13,32
36,31	13,43
36,33	13,56
36,36	13,65
36,38	13,79
36,41	13,90
36,43	14,04
36,45	14,15
36,48	14,28
36,50	14,37
36,53	14,50
36,55	14,56
36,58	14,67
36,60	14,74
36,62	14,84
36,65	14,91
36,67	15,00
36,70	15,05
36,72	15,13
36,75	15,18
36,77	15,27
36,80	15,30
36,82	15,37
36,84	15,42
36,87	15,49
36,89	15,50
36,92	15,57
36,94	15,57
36,97	15,63
36,99	15,63
37,02	15,63
37,04	15,63
37,06	15,66
37,09	15,63
37,11	15,66
37,14	15,63
37,16	15,63
37,19	15,60
37,21	15,58
37,24	15,54
37,26	15,52
37,28	15,45
37,31	15,43
37,33	15,36
37,36	15,31
37,38	15,22
37,41	15,17
37,43	15,08
37,46	15,02
37,48	14,92
37,50	14,85
37,53	14,73
37,55	14,64
37,58	14,54
37,60	14,45
37,63	14,34
37,65	14,26
37,68	14,15
37,70	14,08
37,72	13,98
37,75	13,87
37,77	13,76
37,80	13,63
37,82	13,49
37,85	13,40
37,87	13,28
37,89	13,15
37,92	13,02
37,94	12,88
37,97	12,77
37,99	12,65
38,02	12,52
38,04	12,39
38,07	12,27
38,09	12,15
38,11	12,04
38,14	11,90
38,16	11,78
38,19	11,64
38,21	11,52
38,24	11,40
38,26	11,27
38,29	11,15
38,31	11,05
38,33	10,94
38,36	10,85
38,38	10,75
38,41	10,66
38,43	10,56
38,46	10,49
38,48	10,38
38,51	10,30
38,53	10,19
38,55	10,12
38,58	10,04
38,60	9,98
38,63	9,89
38,65	9,84
38,68	9,75
38,70	9,74
38,73	9,66
38,75	9,63
38,77	9,57
38,80	9,54
38,82	9,48
38,85	9,47
38,87	9,40
38,90	9,39
38,92	9,34
38,94	9,32
38,97	9,30
38,99	9,29
39,02	9,26
39,04	9,29
39,07	9,27
39,09	9,29
39,12	9,28
39,14	9,30
39,16	9,31
39,19	9,33
39,21	9,33
39,24	9,37
39,26	9,39
39,29	9,43
39,31	9,48
39,34	9,53
39,36	9,56
39,38	9,60
39,41	9,63
39,43	9,69
39,46	9,74
39,48	9,76
39,51	9,81
39,53	9,87
39,56	9,94
39,58	10,01
39,60	10,08
39,63	10,15
39,65	10,23
39,68	10,31
39,70	10,42
39,73	10,49
39,75	10,59
39,78	10,67
39,80	10,77
39,82	10,86
39,85	10,98
39,87	11,05
39,90	11,18
39,92	11,27
39,95	11,38
39,97	11,48
39,99	11,61
40,02	11,70
40,04	11,85
40,07	11,92
40,09	12,05
40,12	12,14
40,14	12,27
40,17	12,38
40,19	12,52
40,21	12,59
40,24	12,77
40,26	12,88
40,29	13,04
40,31	13,15
40,34	13,30
40,36	13,43
40,39	13,60
40,41	13,73
40,43	13,89
40,46	14,00
40,48	14,17
40,51	14,31
40,53	14,47
40,56	14,60
40,58	14,76
40,61	14,91
40,63	15,10
40,65	15,26
40,68	15,41
40,70	15,57
40,73	15,73
40,75	15,89
40,78	16,07
40,80	16,20
40,83	16,37
40,85	16,52
40,87	16,68
40,90	16,86
40,92	17,02
40,95	17,16
40,97	17,35
41,00	17,52
41,02	17,70
41,05	17,87
41,07	18,03
41,09	18,20
41,12	18,36
41,14	18,50
41,17	18,64
41,19	18,77
41,22	18,88
41,24	19,03
41,26	19,16
41,29	19,31
41,31	19,45
41,34	19,60
41,36	19,76
41,39	19,92
41,41	20,04
41,44	20,19
41,46	20,28
41,48	20,39
41,51	20,50
41,53	20,61
41,56	20,70
41,58	20,81
41,61	20,85
41,63	20,96
41,66	21,03
41,68	21,12
41,70	21,17
41,73	21,24
41,75	21,28
41,78	21,38
41,80	21,41
41,83	21,48
41,85	21,48
41,88	21,52
41,90	21,53
41,92	21,56
41,95	21,55
41,97	21,60
42,00	21,57
42,02	21,59
42,05	21,55
42,07	21,54
42,10	21,48
42,12	21,47
42,14	21,38
42,17	21,36
42,19	21,27
42,22	21,24
42,24	21,17
42,27	21,12
42,29	21,01
42,31	20,96
42,34	20,83
42,36	20,79
42,39	20,67
42,41	20,57
42,44	20,43
42,46	20,32
42,49	20,18
42,51	20,10
42,53	19,94
42,56	19,85
42,58	19,68
42,61	19,57
42,63	19,44
42,66	19,32
42,68	19,15
42,71	19,03
42,73	18,86
42,75	18,73
42,78	18,58
42,80	18,44
42,83	18,27
42,85	18,10
42,88	17,92
42,90	17,76
42,93	17,61
42,95	17,46
42,97	17,30
43,00	17,16
43,02	17,00
43,05	16,84
43,07	16,67
43,10	16,53
43,12	16,36
43,15	16,19
43,17	16,03
43,19	15,86
43,22	15,74
43,24	15,61
43,27	15,45
43,29	15,32
43,32	15,19
43,34	15,04
43,36	14,96
43,39	14,83
43,41	14,70
43,44	14,60
43,46	14,50
43,49	14,39
43,51	14,32
43,54	14,19
43,56	14,11
43,58	14,02
43,61	13,93
43,63	13,84
43,66	13,77
43,68	13,68
43,71	13,64
43,73	13,56
43,76	13,52
43,78	13,46
43,80	13,42
43,83	13,39
43,85	13,38
43,88	13,33
43,90	13,33
43,93	13,27
43,95	13,26
43,98	13,24
44,00	13,24
44,02	13,22
44,05	13,24
44,07	13,23
44,10	13,29
44,12	13,31
44,15	13,35
44,17	13,39
44,20	13,45
44,22	13,47
44,24	13,54
44,27	13,56
44,29	13,62
44,32	13,66
44,34	13,70
44,37	13,75
44,39	13,82
44,41	13,88
44,44	13,98
44,46	14,05
44,49	14,16
44,51	14,24
44,54	14,34
44,56	14,48
44,59	14,59
44,61	14,68
44,63	14,77
44,66	14,87
44,68	14,97
44,71	15,07
44,73	15,15
44,76	15,27
44,78	15,41
44,81	15,56
44,83	15,71
44,85	15,85
44,88	16,00
44,90	16,20
44,93	16,34
44,95	16,48
44,98	16,61
45,00	16,76
45,03	16,90
45,05	17,06
45,07	17,17
45,10	17,35
45,12	17,48
45,15	17,67
45,17	17,83
45,20	18,03
45,22	18,21
45,25	18,41
45,27	18,55
45,29	18,81
45,32	18,94
45,34	19,13
45,37	19,27
45,39	19,42
45,42	19,59
45,44	19,79
45,47	19,92
45,49	20,14
45,51	20,31
45,54	20,52
45,56	20,73
45,59	20,95
45,61	21,14
45,64	21,36
45,66	21,52
45,68	21,71
45,71	21,90
45,73	22,09
45,76	22,27
45,78	22,46
45,81	22,64
45,83	22,87
45,86	23,08
45,88	23,29
45,90	23,49
45,93	23,68
45,95	23,88
45,98	24,09
46,00	24,26
46,03	24,48
46,05	24,66
46,08	24,83
46,10	25,01
46,12	25,18
46,15	25,33
46,17	25,52
46,20	25,68
46,22	25,86
46,25	26,05
46,27	26,22
46,30	26,40
46,32	26,58
46,34	26,72
46,37	26,86
46,39	27,00
46,42	27,13
46,44	27,27
46,47	27,39
46,49	27,52
46,52	27,63
46,54	27,75
46,56	27,87
46,59	27,97
46,61	28,05
46,64	28,13
46,66	28,18
46,69	28,29
46,71	28,33
46,73	28,38
46,76	28,47
46,78	28,52
46,81	28,55
46,83	28,61
46,86	28,61
46,88	28,66
46,91	28,68
46,93	28,68
46,95	28,68
46,98	28,69
47,00	28,66
47,03	28,66
47,05	28,62
47,08	28,62
47,10	28,58
47,13	28,54
47,15	28,48
47,17	28,46
47,20	28,39
47,22	28,34
47,25	28,25
47,27	28,18
47,30	28,09
47,32	28,01
47,35	27,90
47,37	27,81
47,39	27,67
47,42	27,59
47,44	27,47
47,47	27,37
47,49	27,24
47,52	27,14
47,54	26,98
47,57	26,89
47,59	26,71
47,61	26,57
47,64	26,36
47,66	26,19
47,69	25,98
47,71	25,80
47,74	25,58
47,76	25,44
47,78	25,25
47,81	25,11
47,83	24,93
47,86	24,81
47,88	24,65
47,91	24,49
47,93	24,25
47,96	24,07
47,98	23,86
48,00	23,69
48,03	23,47
48,05	23,24
48,08	23,04
48,10	22,88
48,13	22,69
48,15	22,51
48,18	22,32
48,20	22,14
48,22	21,99
48,25	21,82
48,27	21,64
48,30	21,48
48,32	21,29
48,35	21,11
48,37	20,94
48,40	20,78
48,42	20,64
48,44	20,48
48,47	20,36
48,49	20,24
48,52	20,13
48,54	20,02
48,57	19,92
48,59	19,83
48,62	19,75
48,64	19,65
48,66	19,55
48,69	19,45
48,71	19,37
48,74	19,27
48,76	19,22
48,79	19,13
48,81	19,08
48,84	19,02
48,86	18,99
48,88	18,97
48,91	18,95
48,93	18,91
48,96	18,92
48,98	18,89
49,01	18,91
49,03	18,91
49,05	18,92
49,08	18,95
49,10	18,98
49,13	19,00
49,15	19,05
49,18	19,05
49,20	19,12
49,23	19,16
49,25	19,20
49,27	19,25
49,30	19,32
49,32	19,38
49,35	19,51
49,37	19,58
49,40	19,69
49,42	19,81
49,45	19,95
49,47	20,06
49,49	20,18
49,52	20,26
49,54	20,37
49,57	20,47
49,59	20,57
49,62	20,67
49,64	20,79
49,67	20,93
49,69	21,10
49,71	21,26
49,74	21,43
49,76	21,58
49,79	21,75
49,81	21,95
49,84	22,09
49,86	22,23
49,89	22,39
49,91	22,52
49,93	22,70
49,96	22,86
49,98	23,02
50,01	23,21
50,03	23,40
50,06	23,60
50,08	23,85
50,10	24,05
50,13	24,27
50,15	24,49
50,18	24,70
50,20	24,89
50,23	25,09
50,25	25,27
50,28	25,48
50,30	25,67
50,32	25,88
50,35	26,10
50,37	26,31
50,40	26,54
50,42	26,77
50,45	27,03
50,47	27,25
50,50	27,51
50,52	27,72
50,54	27,98
50,57	28,19
50,59	28,43
50,62	28,62
50,64	28,85
50,67	29,04
50,69	29,29
50,72	29,50
50,74	29,79
50,76	30,00
50,79	30,28
50,81	30,53
50,84	30,78
50,86	30,99
50,89	31,24
50,91	31,40
50,94	31,63
50,96	31,80
50,98	32,03
51,01	32,22
51,03	32,46
51,06	32,67
51,08	32,93
51,11	33,13
51,13	33,39
51,15	33,59
51,18	33,83
51,20	34,02
51,23	34,25
51,25	34,40
51,28	34,64
51,30	34,78
51,33	34,94
51,35	35,08
51,37	35,24
51,40	35,38
51,42	35,57
51,45	35,68
51,47	35,85
51,50	35,98
51,52	36,15
51,55	36,31
51,57	36,44
51,59	36,54
51,62	36,68
51,64	36,76
51,67	36,90
51,69	36,98
51,72	37,06
51,74	37,14
51,77	37,23
51,79	37,27
51,81	37,37
51,84	37,39
51,86	37,44
51,89	37,47
51,91	37,50
51,94	37,54
51,96	37,58
51,99	37,57
52,01	37,61
52,03	37,59
52,06	37,59
52,08	37,59
52,11	37,55
52,13	37,52
52,16	37,50
52,18	37,44
52,20	37,38
52,23	37,31
52,25	37,23
52,28	37,19
52,30	37,12
52,33	37,04
52,35	36,97
52,38	36,87
52,40	36,79
52,42	36,70
52,45	36,56
52,47	36,44
52,50	36,31
52,52	36,17
52,55	36,05
52,57	35,87
52,60	35,70
52,62	35,57
52,64	35,40
52,67	35,26
52,69	35,09
52,72	34,91
52,74	34,80
52,77	34,63
52,79	34,43
52,82	34,26
52,84	34,04
52,86	33,87
52,89	33,66
52,91	33,43
52,94	33,21
52,96	32,99
52,99	32,77
53,01	32,60
53,04	32,38
53,06	32,21
53,08	32,00
53,11	31,83
53,13	31,65
53,16	31,47
53,18	31,23
53,21	31,02
53,23	30,77
53,26	30,58
53,28	30,35
53,30	30,16
53,33	29,95
53,35	29,79
53,38	29,61
53,40	29,49
53,43	29,30
53,45	29,15
53,47	29,00
53,50	28,83
53,52	28,67
53,55	28,54
53,57	28,37
53,60	28,24
53,62	28,10
53,65	27,99
53,67	27,88
53,69	27,77
53,72	27,65
53,74	27,57
53,77	27,48
53,79	27,41
53,82	27,34
53,84	27,30
53,87	27,24
53,89	27,20
53,91	27,13
53,94	27,10
53,96	27,07
53,99	27,05
54,01	27,05
54,04	27,00
54,06	27,01
54,09	27,03
54,11	27,06
54,13	27,09
54,16	27,12
54,18	27,12
54,21	27,20
54,23	27,21
54,26	27,28
54,28	27,34
54,31	27,42
54,33	27,49
54,35	27,60
54,38	27,67
54,40	27,81
54,43	27,87
54,45	27,98
54,48	28,06
54,50	28,20
54,52	28,30
54,55	28,45
54,57	28,56
54,60	28,75
54,62	28,87
54,65	29,04
54,67	29,19
54,70	29,36
54,72	29,49
54,74	29,67
54,77	29,81
54,79	29,99
54,82	30,14
54,84	30,31
54,87	30,49
54,89	30,72
54,92	30,90
54,94	31,13
54,96	31,36
54,99	31,59
55,01	31,82
55,04	32,07
55,06	32,29
55,09	32,50
55,11	32,68
55,14	32,90
55,16	33,09
55,18	33,32
55,21	33,54
55,23	33,75
55,26	33,99
55,28	34,27
55,31	34,52
55,33	34,81
55,36	35,08
55,38	35,32
55,40	35,62
55,43	35,88
55,45	36,10
55,48	36,36
55,50	36,59
55,53	36,82
55,55	37,06
55,57	37,28
55,60	37,56
55,62	37,83
55,65	38,12
55,67	38,39
55,70	38,68
55,72	38,96
55,75	39,25
55,77	39,48
55,79	39,74
55,82	39,94
55,84	40,18
55,87	40,37
55,89	40,62
55,92	40,83
55,94	41,15
55,97	41,40
55,99	41,72
56,01	41,99
56,04	42,29
56,06	42,53
56,09	42,85
56,11	43,08
56,14	43,31
56,16	43,48
56,19	43,74
56,21	43,96
56,23	44,21
56,26	44,37
56,28	44,59
56,31	44,80
56,33	45,08
56,36	45,27
56,38	45,47
56,41	45,66
56,43	45,88
56,45	46,03
56,48	46,23
56,50	46,36
56,53	46,52
56,55	46,64
56,58	46,80
56,60	46,94
56,62	47,12
56,65	47,26
56,67	47,43
56,70	47,56
56,72	47,72
56,75	47,85
56,77	48,00
56,80	48,11
56,82	48,22
56,84	48,31
56,87	48,40
56,89	48,47
56,92	48,54
56,94	48,60
56,97	48,66
56,99	48,69
57,02	48,76
57,04	48,81
57,06	48,90
57,09	48,98
57,11	49,02
57,14	49,04
57,16	49,11
57,19	49,11
57,21	49,14
57,24	49,11
57,26	49,06
57,28	48,99
57,31	48,93
57,33	48,86
57,36	48,80
57,38	48,71
57,41	48,64
57,43	48,56
57,46	48,51
57,48	48,39
57,50	48,30
57,53	48,21
57,55	48,10
57,58	47,99
57,60	47,91
57,63	47,78
57,65	47,68
57,68	47,56
57,70	47,40
57,72	47,25
57,75	47,08
57,77	46,89
57,80	46,72
57,82	46,57
57,85	46,35
57,87	46,15
57,89	45,97
57,92	45,80
57,94	45,64
57,97	45,44
57,99	45,24
58,02	45,09
58,04	44,87
58,07	44,66
58,09	44,44
58,11	44,21
58,14	43,99
58,16	43,77
58,19	43,51
58,21	43,36
58,24	43,14
58,26	42,94
58,29	42,72
58,31	42,54
58,33	42,33
58,36	42,16
58,38	41,91
58,41	41,74
58,43	41,50
58,46	41,32
58,48	41,10
58,51	40,93
58,53	40,73
58,55	40,57
58,58	40,37
58,60	40,26
58,63	40,09
58,65	39,97
58,68	39,78
58,70	39,65
58,73	39,52
58,75	39,41
58,77	39,25
58,80	39,16
58,82	39,02
58,85	38,93
58,87	38,86
58,90	38,78
58,92	38,70
58,94	38,64
58,97	38,57
58,99	38,53
59,02	38,49
59,04	38,43
59,07	38,42
59,09	38,39
59,12	38,37
59,14	38,38
59,16	38,40
59,19	38,43
59,21	38,47
59,24	38,49
59,26	38,53
59,29	38,54
59,31	38,59
59,34	38,64
59,36	38,70
59,38	38,74
59,41	38,83
59,43	38,90
59,46	39,02
59,48	39,10
59,51	39,20
59,53	39,30
59,56	39,45
59,58	39,55
59,60	39,72
59,63	39,83
59,65	39,99
59,68	40,12
59,70	40,29
59,73	40,40
59,75	40,58
59,78	40,71
59,80	40,93
59,82	41,08
59,85	41,31
59,87	41,52
59,90	41,74
59,92	41,92
59,95	42,10
59,97	42,21
59,99	42,34
