U1/V	IA/nA
0,02	0,40
0,04	0,41
0,07	0,46
0,09	0,47
0,12	0,50
0,14	0,47
0,17	0,50
0,19	0,48
0,21	0,50
0,24	0,46
0,26	0,48
0,29	0,46
0,31	0,49
0,34	0,49
0,36	0,50
0,39	0,48
0,41	0,49
0,43	0,48
0,46	0,50
0,48	0,48
0,51	0,47
0,53	0,47
0,56	0,47
0,58	0,46
0,61	0,47
0,63	0,45
0,65	0,46
0,68	0,44
0,70	0,43
0,73	0,45
0,75	0,45
0,78	0,45
0,80	0,47
0,83	0,47
0,85	0,48
0,87	0,50
0,90	0,50
0,92	0,50
0,95	0,49
0,97	0,45
1,00	0,44
1,02	0,44
1,05	0,43
1,07	0,46
1,09	0,45
1,12	0,46
1,14	0,47
1,17	0,49
1,19	0,50
1,22	0,51
1,24	0,47
1,26	0,50
1,29	0,46
1,31	0,48
1,34	0,47
1,36	0,48
1,39	0,46
1,41	0,48
1,44	0,46
1,46	0,50
1,48	0,47
1,51	0,48
1,53	0,47
1,56	0,49
1,58	0,47
1,61	0,49
1,63	0,47
1,66	0,49
1,68	0,47
1,70	0,47
1,73	0,45
1,75	0,47
1,78	0,44
1,80	0,49
1,83	0,47
1,85	0,49
1,88	0,49
1,90	0,50
1,92	0,49
1,95	0,52
1,97	0,47
2,00	0,49
2,02	0,46
2,05	0,47
2,07	0,45
2,10	0,46
2,12	0,45
2,14	0,46
2,17	0,44
2,19	0,47
2,22	0,46
2,24	0,46
2,27	0,48
2,29	0,49
2,31	0,49
2,34	0,50
2,36	0,48
2,39	0,49
2,41	0,49
2,44	0,48
2,46	0,47
2,49	0,46
2,51	0,48
2,53	0,51
2,56	0,52
2,58	0,52
2,61	0,53
2,63	0,52
2,66	0,55
2,68	0,52
2,71	0,50
2,73	0,49
2,75	0,47
2,78	0,46
2,80	0,47
2,83	0,43
2,85	0,45
2,88	0,43
2,90	0,45
2,93	0,45
2,95	0,46
2,97	0,45
3,00	0,49
3,02	0,47
3,05	0,50
3,07	0,48
3,10	0,49
3,12	0,48
3,15	0,49
3,17	0,46
3,19	0,49
3,22	0,45
3,24	0,47
3,27	0,47
3,29	0,49
3,32	0,48
3,34	0,50
3,36	0,47
3,39	0,53
3,41	0,51
3,44	0,51
3,46	0,49
3,49	0,49
3,51	0,47
3,54	0,49
3,56	0,44
3,58	0,47
3,61	0,43
3,63	0,44
3,66	0,44
3,68	0,46
3,71	0,44
3,73	0,48
3,76	0,46
3,78	0,48
3,80	0,47
3,83	0,48
3,85	0,46
3,88	0,48
3,90	0,45
3,93	0,46
3,95	0,44
3,98	0,45
4,00	0,46
4,02	0,47
4,05	0,45
4,07	0,46
4,10	0,46
4,12	0,50
4,15	0,50
4,17	0,48
4,20	0,47
4,22	0,46
4,24	0,46
4,27	0,46
4,29	0,44
4,32	0,44
4,34	0,44
4,37	0,44
4,39	0,47
4,42	0,46
4,44	0,46
4,46	0,48
4,49	0,49
4,51	0,48
4,54	0,49
4,56	0,47
4,59	0,50
4,61	0,49
4,63	0,47
4,66	0,47
4,68	0,48
4,71	0,46
4,73	0,47
4,76	0,45
4,78	0,46
4,81	0,45
4,83	0,45
4,85	0,47
4,88	0,49
4,90	0,47
4,93	0,50
4,95	0,45
4,98	0,47
5,00	0,46
5,03	0,46
5,05	0,44
5,07	0,45
5,10	0,43
5,12	0,48
5,15	0,46
5,17	0,48
5,20	0,47
5,22	0,50
5,25	0,49
5,27	0,52
5,29	0,49
5,32	0,52
5,34	0,50
5,37	0,49
5,39	0,47
5,42	0,48
5,44	0,46
5,47	0,47
5,49	0,45
5,51	0,48
5,54	0,47
5,56	0,49
5,59	0,50
5,61	0,51
5,64	0,50
5,66	0,52
5,68	0,48
5,71	0,48
5,73	0,46
5,76	0,45
5,78	0,46
5,81	0,46
5,83	0,45
5,86	0,48
5,88	0,47
5,90	0,48
5,93	0,51
5,95	0,51
5,98	0,51
6,00	0,51
6,03	0,49
6,05	0,49
6,08	0,49
6,10	0,46
6,12	0,48
6,15	0,46
6,17	0,47
6,20	0,48
6,22	0,50
6,25	0,50
6,27	0,51
6,30	0,48
6,32	0,53
6,34	0,51
6,37	0,52
6,39	0,51
6,42	0,49
6,44	0,48
6,47	0,50
6,49	0,47
6,52	0,49
6,54	0,45
6,56	0,47
6,59	0,48
6,61	0,49
6,64	0,46
6,66	0,49
6,69	0,48
6,71	0,51
6,73	0,49
6,76	0,50
6,78	0,49
6,81	0,52
6,83	0,49
6,86	0,52
6,88	0,48
6,91	0,50
6,93	0,49
6,95	0,51
6,98	0,49
7,00	0,51
7,03	0,48
7,05	0,55
7,08	0,53
7,10	0,55
7,13	0,54
7,15	0,53
7,17	0,51
7,20	0,54
7,22	0,49
7,25	0,51
7,27	0,48
7,30	0,49
7,32	0,50
7,35	0,52
7,37	0,50
7,39	0,52
7,42	0,51
7,44	0,53
7,47	0,53
7,49	0,54
7,52	0,54
7,54	0,55
7,57	0,53
7,59	0,56
7,61	0,54
7,64	0,55
7,66	0,55
7,69	0,55
7,71	0,56
7,74	0,56
7,76	0,55
7,78	0,59
7,81	0,59
7,83	0,57
7,86	0,58
7,88	0,55
7,91	0,56
7,93	0,56
7,96	0,54
7,98	0,54
8,00	0,54
8,03	0,52
8,05	0,57
8,08	0,56
8,10	0,58
8,13	0,57
8,15	0,58
8,18	0,59
8,20	0,61
8,22	0,58
8,25	0,60
8,27	0,58
8,30	0,60
8,32	0,59
8,35	0,59
8,37	0,58
8,40	0,60
8,42	0,57
8,44	0,60
8,47	0,58
8,49	0,59
8,52	0,62
8,54	0,64
8,57	0,62
8,59	0,65
8,62	0,63
8,64	0,66
8,66	0,64
8,69	0,64
8,71	0,62
8,74	0,63
8,76	0,61
8,79	0,64
8,81	0,61
8,84	0,63
8,86	0,63
8,88	0,65
8,91	0,65
8,93	0,68
8,96	0,65
8,98	0,68
9,01	0,67
9,03	0,68
9,05	0,68
9,08	0,67
9,10	0,64
9,13	0,67
9,15	0,65
9,18	0,67
9,20	0,67
9,23	0,67
9,25	0,70
9,27	0,71
9,30	0,70
9,32	0,73
9,35	0,72
9,37	0,70
9,40	0,70
9,42	0,69
9,45	0,69
9,47	0,68
9,49	0,66
9,52	0,67
9,54	0,68
9,57	0,67
9,59	0,68
9,62	0,68
9,64	0,70
9,67	0,69
9,69	0,73
9,71	0,72
9,74	0,74
9,76	0,73
9,79	0,76
9,81	0,72
9,84	0,74
9,86	0,70
9,89	0,72
9,91	0,72
9,93	0,74
9,96	0,71
9,98	0,76
10,01	0,74
10,03	0,75
10,06	0,74
10,08	0,75
10,10	0,74
10,13	0,75
10,15	0,73
10,18	0,76
10,20	0,73
10,23	0,75
10,25	0,74
10,28	0,76
10,30	0,75
10,32	0,77
10,35	0,76
10,37	0,80
10,40	0,78
10,42	0,80
10,45	0,79
10,47	0,81
10,50	0,78
10,52	0,81
10,54	0,77
10,57	0,79
10,59	0,78
10,62	0,80
10,64	0,79
10,67	0,81
10,69	0,80
10,72	0,83
10,74	0,82
10,76	0,82
10,79	0,81
10,81	0,82
10,84	0,81
10,86	0,82
10,89	0,81
10,91	0,82
10,94	0,80
10,96	0,80
10,98	0,81
11,01	0,82
11,03	0,82
11,06	0,83
11,08	0,82
11,11	0,85
11,13	0,86
11,15	0,85
11,18	0,86
11,20	0,86
11,23	0,86
11,25	0,88
11,28	0,89
11,30	0,90
11,33	0,91
11,35	0,90
11,37	0,92
11,40	0,93
11,42	0,92
11,45	0,94
11,47	0,94
11,50	0,91
11,52	0,93
11,55	0,90
11,57	0,92
11,59	0,91
11,62	0,90
11,64	0,91
11,67	0,91
11,69	0,90
11,72	0,93
11,74	0,92
11,77	0,95
11,79	0,93
11,81	0,95
11,84	0,96
11,86	0,99
11,89	0,96
11,91	0,99
11,94	0,96
11,96	0,98
11,99	0,98
12,01	1,00
12,03	0,98
12,06	1,00
12,08	0,98
12,11	1,02
12,13	1,01
12,16	1,02
12,18	1,00
12,21	1,02
12,23	1,01
12,25	1,03
12,28	1,01
12,30	1,04
12,33	1,02
12,35	1,04
12,38	1,04
12,40	1,05
12,42	1,04
12,45	1,07
12,47	1,05
12,50	1,07
12,52	1,07
12,55	1,08
12,57	1,08
12,60	1,09
12,62	1,06
12,64	1,09
12,67	1,08
12,69	1,11
12,72	1,14
12,74	1,15
12,77	1,14
12,79	1,17
12,82	1,17
12,84	1,20
12,86	1,19
12,89	1,17
12,91	1,17
12,94	1,17
12,96	1,18
12,99	1,18
13,01	1,17
13,04	1,17
13,06	1,17
13,08	1,17
13,11	1,20
13,13	1,18
13,16	1,18
13,18	1,19
13,21	1,20
13,23	1,20
13,26	1,22
13,28	1,20
13,30	1,24
13,33	1,24
13,35	1,25
13,38	1,25
13,40	1,26
13,43	1,25
13,45	1,29
13,47	1,27
13,50	1,28
13,52	1,28
13,55	1,29
13,57	1,30
13,60	1,33
13,62	1,29
13,65	1,31
13,67	1,29
13,69	1,30
13,72	1,29
13,74	1,29
13,77	1,27
13,79	1,28
13,82	1,26
13,84	1,30
13,87	1,28
13,89	1,31
13,91	1,31
13,94	1,34
13,96	1,33
13,99	1,36
14,01	1,33
14,04	1,35
14,06	1,33
14,09	1,33
14,11	1,32
14,13	1,33
14,16	1,31
14,18	1,36
14,21	1,35
14,23	1,37
14,26	1,37
14,28	1,38
14,31	1,38
14,33	1,39
14,35	1,37
14,38	1,38
14,40	1,35
14,43	1,35
14,45	1,35
14,48	1,34
14,50	1,34
14,52	1,35
14,55	1,34
14,57	1,36
14,60	1,35
14,62	1,35
14,65	1,38
14,67	1,38
14,70	1,37
14,72	1,37
14,74	1,37
14,77	1,38
14,79	1,40
14,82	1,37
14,84	1,39
14,87	1,38
14,89	1,39
14,92	1,41
14,94	1,43
14,96	1,42
14,99	1,43
15,01	1,41
15,04	1,44
15,06	1,43
15,09	1,42
15,11	1,41
15,14	1,41
15,16	1,39
15,18	1,41
15,21	1,38
15,23	1,39
15,26	1,37
15,28	1,38
15,31	1,38
15,33	1,39
15,36	1,39
15,38	1,43
15,40	1,41
15,43	1,44
15,45	1,43
15,48	1,45
15,50	1,43
15,53	1,45
15,55	1,42
15,57	1,44
15,60	1,42
15,62	1,43
15,65	1,44
15,67	1,46
15,70	1,44
15,72	1,47
15,75	1,45
15,77	1,50
15,79	1,49
15,82	1,49
15,84	1,48
15,87	1,48
15,89	1,47
15,92	1,50
15,94	1,47
15,97	1,50
15,99	1,48
16,01	1,50
16,04	1,52
16,06	1,54
16,09	1,53
16,11	1,56
16,14	1,54
16,16	1,55
16,19	1,56
16,21	1,57
16,23	1,57
16,26	1,58
16,28	1,58
16,31	1,61
16,33	1,62
16,36	1,63
16,38	1,66
16,41	1,66
16,43	1,67
16,45	1,67
16,48	1,68
16,50	1,72
16,53	1,74
16,55	1,71
16,58	1,73
16,60	1,72
16,63	1,76
16,65	1,76
16,67	1,76
16,70	1,76
16,72	1,77
16,75	1,77
16,77	1,81
16,80	1,81
16,82	1,83
16,84	1,85
16,87	1,87
16,89	1,89
16,92	1,93
16,94	1,92
16,97	1,96
16,99	1,96
17,02	1,97
17,04	1,97
17,06	1,99
17,09	1,98
17,11	2,03
17,14	2,02
17,16	2,06
17,19	2,06
17,21	2,08
17,24	2,11
17,26	2,13
17,28	2,12
17,31	2,15
17,33	2,13
17,36	2,16
17,38	2,16
17,41	2,17
17,43	2,17
17,46	2,19
17,48	2,19
17,50	2,24
17,53	2,23
17,55	2,25
17,58	2,28
17,60	2,30
17,63	2,30
17,65	2,32
17,68	2,31
17,70	2,34
17,72	2,35
17,75	2,34
17,77	2,35
17,80	2,36
17,82	2,35
17,85	2,37
17,87	2,37
17,89	2,38
17,92	2,39
17,94	2,39
17,97	2,42
17,99	2,41
18,02	2,38
18,04	2,39
18,07	2,38
18,09	2,37
18,11	2,38
18,14	2,36
18,16	2,40
18,19	2,42
18,21	2,42
18,24	2,44
18,26	2,44
18,29	2,44
18,31	2,47
18,33	2,45
18,36	2,47
18,38	2,46
18,41	2,47
18,43	2,46
18,46	2,47
18,48	2,44
18,51	2,46
18,53	2,42
18,55	2,44
18,58	2,42
18,60	2,43
18,63	2,42
18,65	2,45
18,68	2,43
18,70	2,48
18,73	2,45
18,75	2,47
18,77	2,46
18,80	2,45
18,82	2,41
18,85	2,41
18,87	2,37
18,90	2,39
18,92	2,35
18,94	2,36
18,97	2,35
18,99	2,37
19,02	2,35
19,04	2,38
19,07	2,34
19,09	2,37
19,12	2,35
19,14	2,36
19,16	2,34
19,19	2,35
19,21	2,30
19,24	2,32
19,26	2,29
19,29	2,30
19,31	2,28
19,34	2,29
19,36	2,27
19,38	2,29
19,41	2,27
19,43	2,31
19,46	2,29
19,48	2,29
19,51	2,28
19,53	2,26
19,56	2,24
19,58	2,25
19,60	2,22
19,63	2,22
19,65	2,20
19,68	2,19
19,70	2,22
19,73	2,22
19,75	2,21
19,78	2,21
19,80	2,20
19,82	2,21
19,85	2,22
19,87	2,21
19,90	2,22
19,92	2,20
19,95	2,20
19,97	2,20
19,99	2,19
20,02	2,19
20,04	2,19
20,07	2,18
20,09	2,21
20,12	2,19
20,14	2,20
20,17	2,24
20,19	2,25
20,21	2,23
20,24	2,25
20,26	2,21
20,29	2,23
20,31	2,22
20,34	2,22
20,36	2,22
20,39	2,23
20,41	2,21
20,43	2,27
20,46	2,27
20,48	2,30
20,51	2,29
20,53	2,31
20,56	2,31
20,58	2,35
20,61	2,33
20,63	2,36
20,65	2,34
20,68	2,37
20,70	2,37
20,73	2,38
20,75	2,37
20,78	2,41
20,80	2,40
20,83	2,44
20,85	2,44
20,87	2,47
20,90	2,51
20,92	2,53
20,95	2,53
20,97	2,58
21,00	2,56
21,02	2,59
21,05	2,59
21,07	2,61
21,09	2,63
21,12	2,65
21,14	2,66
21,17	2,72
21,19	2,73
21,22	2,77
21,24	2,78
21,26	2,81
21,29	2,85
21,31	2,87
21,34	2,88
21,36	2,91
21,39	2,94
21,41	2,98
21,44	3,02
21,46	3,03
21,48	3,06
21,51	3,09
21,53	3,12
21,56	3,16
21,58	3,20
21,61	3,21
21,63	3,28
21,66	3,30
21,68	3,33
21,70	3,36
21,73	3,38
21,75	3,40
21,78	3,44
21,80	3,44
21,83	3,49
21,85	3,50
21,88	3,55
21,90	3,58
21,92	3,62
21,95	3,64
21,97	3,69
22,00	3,70
22,02	3,75
22,05	3,78
22,07	3,81
22,10	3,83
22,12	3,88
22,14	3,89
22,17	3,94
22,19	3,93
22,22	3,96
22,24	3,98
22,27	4,02
22,29	4,03
22,31	4,06
22,34	4,06
22,36	4,14
22,39	4,13
22,41	4,17
22,44	4,17
22,46	4,19
22,49	4,19
22,51	4,23
22,53	4,21
22,56	4,24
22,58	4,22
22,61	4,24
22,63	4,25
22,66	4,27
22,68	4,26
22,71	4,27
22,73	4,25
22,75	4,29
22,78	4,28
22,80	4,29
22,83	4,29
22,85	4,30
22,88	4,29
22,90	4,31
22,93	4,27
22,95	4,27
22,97	4,27
23,00	4,25
23,02	4,24
23,05	4,24
23,07	4,22
23,10	4,26
23,12	4,24
23,15	4,21
23,17	4,20
23,19	4,19
23,22	4,18
23,24	4,16
23,27	4,14
23,29	4,12
23,32	4,08
23,34	4,06
23,36	4,06
23,39	4,04
23,41	4,03
23,44	4,00
23,46	3,98
23,49	3,98
23,51	3,97
23,54	3,93
23,56	3,93
23,58	3,89
23,61	3,88
23,63	3,86
23,66	3,83
23,68	3,80
23,71	3,80
23,73	3,75
23,76	3,76
23,78	3,73
23,80	3,71
23,83	3,69
23,85	3,68
23,88	3,64
23,90	3,63
23,93	3,58
23,95	3,58
23,98	3,53
24,00	3,53
24,02	3,50
24,05	3,48
24,07	3,45
24,10	3,47
24,12	3,44
24,15	3,44
24,17	3,41
24,20	3,41
24,22	3,39
24,24	3,38
24,27	3,33
24,29	3,34
24,32	3,31
24,34	3,31
24,37	3,30
24,39	3,31
24,42	3,29
24,44	3,30
24,46	3,28
24,49	3,30
24,51	3,28
24,54	3,27
24,56	3,25
24,59	3,26
24,61	3,23
24,63	3,24
24,66	3,22
24,68	3,23
24,71	3,21
24,73	3,21
24,76	3,21
24,78	3,21
24,81	3,21
24,83	3,22
24,85	3,21
24,88	3,22
24,90	3,24
24,93	3,24
24,95	3,26
24,98	3,26
25,00	3,27
25,03	3,28
25,05	3,30
25,07	3,30
25,10	3,33
25,12	3,33
25,15	3,35
25,17	3,36
25,20	3,39
25,22	3,41
25,25	3,44
25,27	3,43
25,29	3,48
25,32	3,48
25,34	3,51
25,37	3,52
25,39	3,56
25,42	3,56
25,44	3,60
25,47	3,61
25,49	3,66
25,51	3,67
25,54	3,71
25,56	3,72
25,59	3,78
25,61	3,79
25,64	3,86
25,66	3,86
25,68	3,93
25,71	3,96
25,73	4,01
25,76	4,04
25,78	4,10
25,81	4,11
25,83	4,20
25,86	4,22
25,88	4,28
25,90	4,30
25,93	4,35
25,95	4,39
25,98	4,45
26,00	4,47
26,03	4,54
26,05	4,57
26,08	4,63
26,10	4,68
26,12	4,74
26,15	4,79
26,17	4,85
26,20	4,88
26,22	4,94
26,25	4,96
26,27	5,02
26,30	5,08
26,32	5,15
26,34	5,20
26,37	5,27
26,39	5,32
26,42	5,41
26,44	5,47
26,47	5,52
26,49	5,57
26,52	5,61
26,54	5,66
26,56	5,73
26,59	5,78
26,61	5,84
26,64	5,91
26,66	5,95
26,69	6,04
26,71	6,09
26,73	6,15
26,76	6,20
26,78	6,24
26,81	6,28
26,83	6,34
26,86	6,35
26,88	6,41
26,91	6,43
26,93	6,48
26,95	6,52
26,98	6,56
27,00	6,59
27,03	6,67
27,05	6,69
27,08	6,75
27,10	6,77
27,13	6,82
27,15	6,85
27,17	6,89
27,20	6,88
27,22	6,93
27,25	6,92
27,27	6,96
27,30	6,98
27,32	7,02
27,35	7,02
27,37	7,05
27,39	7,03
27,42	7,07
27,44	7,05
27,47	7,06
27,49	7,04
27,52	7,04
27,54	7,01
27,57	7,03
27,59	6,99
27,61	7,00
27,64	6,96
27,66	6,96
27,69	6,94
27,71	6,94
27,74	6,89
27,76	6,90
27,78	6,85
27,81	6,85
27,83	6,80
27,86	6,79
27,88	6,75
27,91	6,74
27,93	6,67
27,96	6,65
27,98	6,59
28,00	6,57
28,03	6,53
28,05	6,48
28,08	6,42
28,10	6,39
28,13	6,33
28,15	6,31
28,18	6,26
28,20	6,19
28,22	6,16
28,25	6,11
28,27	6,08
28,30	6,04
28,32	5,99
28,35	5,94
28,37	5,89
28,40	5,83
28,42	5,79
28,44	5,74
28,47	5,69
28,49	5,65
28,52	5,61
28,54	5,56
28,57	5,54
28,59	5,49
28,62	5,45
28,64	5,41
28,66	5,36
28,69	5,31
28,71	5,28
28,74	5,22
28,76	5,22
28,79	5,16
28,81	5,13
28,84	5,08
28,86	5,06
28,88	5,02
28,91	5,02
28,93	4,94
28,96	4,93
28,98	4,88
29,01	4,86
29,03	4,83
29,05	4,81
29,08	4,76
29,10	4,76
29,13	4,72
29,15	4,74
29,18	4,70
29,20	4,69
29,23	4,67
29,25	4,68
29,27	4,66
29,30	4,67
29,32	4,64
29,35	4,65
29,37	4,63
29,40	4,63
29,42	4,62
29,45	4,62
29,47	4,60
29,49	4,64
29,52	4,63
29,54	4,65
29,57	4,64
29,59	4,66
29,62	4,69
29,64	4,70
29,67	4,69
29,69	4,72
29,71	4,71
29,74	4,73
29,76	4,74
29,79	4,75
29,81	4,78
29,84	4,81
29,86	4,83
29,89	4,87
29,91	4,90
29,93	4,94
29,96	5,00
29,98	5,03
30,01	5,08
30,03	5,11
30,06	5,15
30,08	5,18
30,10	5,24
30,13	5,24
30,15	5,30
30,18	5,31
30,20	5,37
30,23	5,43
30,25	5,49
30,28	5,54
30,30	5,60
30,32	5,62
30,35	5,72
30,37	5,75
30,40	5,81
30,42	5,85
30,45	5,90
30,47	5,94
30,50	6,03
30,52	6,07
30,54	6,16
30,57	6,20
30,59	6,29
30,62	6,37
30,64	6,46
30,67	6,51
30,69	6,62
30,72	6,66
30,74	6,76
30,76	6,81
30,79	6,90
30,81	6,95
30,84	7,05
30,86	7,09
30,89	7,21
30,91	7,27
30,94	7,38
30,96	7,48
30,98	7,58
31,01	7,65
31,03	7,74
31,06	7,80
31,08	7,93
31,11	7,99
31,13	8,07
31,15	8,14
31,18	8,24
31,20	8,33
31,23	8,44
31,25	8,51
31,28	8,61
31,30	8,70
31,33	8,80
31,35	8,89
31,37	8,98
31,40	9,06
31,42	9,16
31,45	9,23
31,47	9,32
31,50	9,41
31,52	9,50
31,55	9,60
31,57	9,69
31,59	9,76
31,62	9,85
31,64	9,93
31,67	10,01
31,69	10,10
31,72	10,14
31,74	10,21
31,77	10,27
31,79	10,34
31,81	10,41
31,84	10,47
31,86	10,51
31,89	10,59
31,91	10,61
31,94	10,68
31,96	10,70
31,99	10,75
32,01	10,78
32,03	10,81
32,06	10,82
32,08	10,88
32,11	10,88
32,13	10,91
32,16	10,93
32,18	10,95
32,20	10,94
32,23	10,98
32,25	10,97
32,28	10,98
32,30	10,96
32,33	10,93
32,35	10,91
32,38	10,91
32,40	10,85
32,42	10,84
32,45	10,79
32,47	10,79
32,50	10,74
32,52	10,72
32,55	10,69
32,57	10,67
32,60	10,59
32,62	10,57
32,64	10,48
32,67	10,42
32,69	10,33
32,72	10,26
32,74	10,20
32,77	10,15
32,79	10,06
32,82	10,02
32,84	9,94
32,86	9,88
32,89	9,82
32,91	9,74
32,94	9,66
32,96	9,58
32,99	9,47
33,01	9,40
33,04	9,31
33,06	9,21
33,08	9,11
33,11	9,01
33,13	8,92
33,16	8,85
33,18	8,78
33,21	8,71
33,23	8,63
33,26	8,55
33,28	8,50
33,30	8,41
33,33	8,32
33,35	8,24
33,38	8,13
33,40	8,04
33,43	7,97
33,45	7,87
33,47	7,82
33,50	7,75
33,52	7,68
33,55	7,64
33,57	7,59
33,60	7,51
33,62	7,49
33,65	7,41
33,67	7,36
33,69	7,30
33,72	7,24
33,74	7,17
33,77	7,13
33,79	7,05
33,82	7,03
33,84	6,96
33,87	6,94
33,89	6,89
33,91	6,89
33,94	6,84
33,96	6,84
33,99	6,77
34,01	6,81
34,04	6,75
34,06	6,74
34,09	6,70
34,11	6,69
34,13	6,65
34,16	6,67
34,18	6,62
34,21	6,65
34,23	6,62
34,26	6,64
34,28	6,65
34,31	6,68
34,33	6,67
34,35	6,70
34,38	6,69
34,40	6,74
34,43	6,74
34,45	6,78
34,48	6,79
34,50	6,81
34,52	6,82
34,55	6,88
34,57	6,87
34,60	6,92
34,62	6,99
34,65	7,03
34,67	7,08
34,70	7,15
34,72	7,19
34,74	7,31
34,77	7,36
34,79	7,40
34,82	7,45
34,84	7,49
34,87	7,55
34,89	7,62
34,92	7,65
34,94	7,70
34,96	7,75
34,99	7,81
35,01	7,92
35,04	7,99
35,06	8,07
35,09	8,15
35,11	8,25
35,14	8,33
35,16	8,44
35,18	8,50
35,21	8,59
35,23	8,65
35,26	8,74
35,28	8,82
35,31	8,91
35,33	8,98
35,36	9,10
35,38	9,18
35,40	9,31
35,43	9,41
35,45	9,53
35,48	9,67
35,50	9,79
35,53	9,87
35,55	10,00
35,57	10,07
35,60	10,17
35,62	10,26
35,65	10,35
35,67	10,45
35,70	10,57
35,72	10,68
35,75	10,84
35,77	10,95
35,79	11,09
35,82	11,22
35,84	11,36
35,87	11,49
35,89	11,61
35,92	11,70
35,94	11,83
35,97	11,94
35,99	12,06
36,01	12,17
36,04	12,27
36,06	12,40
36,09	12,55
36,11	12,68
36,14	12,83
36,16	12,95
36,19	13,09
36,21	13,27
36,23	13,38
36,26	13,48
36,28	13,61
36,31	13,70
36,33	13,81
36,36	13,91
36,38	14,00
36,41	14,12
36,43	14,23
36,45	14,35
36,48	14,46
36,50	14,57
36,53	14,68
36,55	14,80
36,58	14,90
36,60	15,00
36,62	15,06
36,65	15,14
36,67	15,22
36,70	15,30
36,72	15,36
36,75	15,44
36,77	15,47
36,80	15,56
36,82	15,60
36,84	15,67
36,87	15,70
36,89	15,74
36,92	15,74
36,94	15,81
36,97	15,81
36,99	15,84
37,02	15,84
37,04	15,86
37,06	15,84
37,09	15,86
37,11	15,83
37,14	15,84
37,16	15,80
37,19	15,79
37,21	15,75
37,24	15,74
37,26	15,67
37,28	15,65
37,31	15,60
37,33	15,58
37,36	15,50
37,38	15,45
37,41	15,37
37,43	15,34
37,46	15,23
37,48	15,18
37,50	15,05
37,53	14,97
37,55	14,85
37,58	14,77
37,60	14,64
37,63	14,57
37,65	14,43
37,68	14,38
37,70	14,27
37,72	14,18
37,75	14,05
37,77	13,94
37,80	13,80
37,82	13,69
37,85	13,54
37,87	13,42
37,89	13,24
37,92	13,12
37,94	12,99
37,97	12,87
37,99	12,74
38,02	12,63
38,04	12,51
38,07	12,42
38,09	12,31
38,11	12,18
38,14	12,06
38,16	11,93
38,19	11,79
38,21	11,67
38,24	11,53
38,26	11,41
38,29	11,29
38,31	11,17
38,33	11,08
38,36	10,98
38,38	10,88
38,41	10,80
38,43	10,70
38,46	10,60
38,48	10,51
38,51	10,40
38,53	10,32
38,55	10,23
38,58	10,15
38,60	10,08
38,63	10,00
38,65	9,91
38,68	9,89
38,70	9,82
38,73	9,77
38,75	9,71
38,77	9,67
38,80	9,64
38,82	9,62
38,85	9,56
38,87	9,54
38,90	9,50
38,92	9,50
38,94	9,47
38,97	9,46
38,99	9,43
39,02	9,44
39,04	9,41
39,07	9,43
39,09	9,41
39,12	9,42
39,14	9,43
39,16	9,44
39,19	9,43
39,21	9,47
39,24	9,47
39,26	9,51
39,29	9,53
39,31	9,58
39,34	9,62
39,36	9,66
39,38	9,68
39,41	9,75
39,43	9,79
39,46	9,85
39,48	9,90
39,51	9,95
39,53	10,02
39,56	10,11
39,58	10,16
39,60	10,25
39,63	10,31
39,65	10,40
39,68	10,50
39,70	10,59
39,73	10,66
39,75	10,75
39,78	10,83
39,80	10,94
39,82	11,04
39,85	11,11
39,87	11,19
39,90	11,29
39,92	11,42
39,95	11,53
39,97	11,64
39,99	11,74
40,02	11,87
40,04	11,98
40,07	12,14
40,09	12,22
40,12	12,34
40,14	12,45
40,17	12,59
40,19	12,70
40,21	12,85
40,24	12,96
40,26	13,13
40,29	13,25
40,31	13,40
40,34	13,53
40,36	13,70
40,39	13,83
40,41	14,02
40,43	14,13
40,46	14,30
40,48	14,43
40,51	14,59
40,53	14,72
40,56	14,89
40,58	15,00
40,61	15,20
40,63	15,34
40,65	15,52
40,68	15,66
40,70	15,84
40,73	15,99
40,75	16,17
40,78	16,30
40,80	16,46
40,83	16,58
40,85	16,75
40,87	16,91
40,90	17,07
40,92	17,21
40,95	17,41
40,97	17,58
41,00	17,78
41,02	17,96
41,05	18,14
41,07	18,31
41,09	18,49
41,12	18,63
41,14	18,79
41,17	18,93
41,19	19,08
41,22	19,21
41,24	19,35
41,26	19,49
41,29	19,65
41,31	19,77
41,34	19,94
41,36	20,05
41,39	20,19
41,41	20,32
41,44	20,44
41,46	20,57
41,48	20,68
41,51	20,78
41,53	20,89
41,56	20,98
41,58	21,06
41,61	21,17
41,63	21,27
41,66	21,36
41,68	21,43
41,70	21,51
41,73	21,59
41,75	21,69
41,78	21,71
41,80	21,76
41,83	21,77
41,85	21,82
41,88	21,85
41,90	21,88
41,92	21,88
41,95	21,89
41,97	21,88
42,00	21,90
42,02	21,88
42,05	21,85
42,07	21,82
42,10	21,78
42,12	21,71
42,14	21,67
42,17	21,60
42,19	21,57
42,22	21,50
42,24	21,45
42,27	21,37
42,29	21,30
42,31	21,20
42,34	21,15
42,36	21,03
42,39	20,94
42,41	20,82
42,44	20,71
42,46	20,60
42,49	20,50
42,51	20,34
42,53	20,26
42,56	20,10
42,58	19,99
42,61	19,85
42,63	19,73
42,66	19,57
42,68	19,43
42,71	19,24
42,73	19,13
42,75	18,94
42,78	18,79
42,80	18,61
42,83	18,44
42,85	18,26
42,88	18,13
42,90	17,93
42,93	17,79
42,95	17,63
42,97	17,49
43,00	17,36
43,02	17,22
43,05	17,04
43,07	16,91
43,10	16,72
43,12	16,58
43,15	16,41
43,17	16,25
43,19	16,09
43,22	15,95
43,24	15,79
43,27	15,66
43,29	15,52
43,32	15,41
43,34	15,31
43,36	15,19
43,39	15,06
43,41	14,94
43,44	14,81
43,46	14,71
43,49	14,58
43,51	14,44
43,54	14,34
43,56	14,24
43,58	14,16
43,61	14,09
43,63	14,01
43,66	13,94
43,68	13,88
43,71	13,82
43,73	13,79
43,76	13,72
43,78	13,67
43,80	13,63
43,83	13,60
43,85	13,55
43,88	13,55
43,90	13,50
43,93	13,51
43,95	13,47
43,98	13,47
44,00	13,45
44,02	13,45
44,05	13,43
44,07	13,47
44,10	13,46
44,12	13,51
44,15	13,53
44,17	13,59
44,20	13,64
44,22	13,70
44,24	13,72
44,27	13,80
44,29	13,81
44,32	13,87
44,34	13,92
44,37	13,97
44,39	14,02
44,41	14,11
44,44	14,17
44,46	14,28
44,49	14,36
44,51	14,46
44,54	14,57
44,56	14,68
44,59	14,79
44,61	14,90
44,63	15,00
44,66	15,11
44,68	15,22
44,71	15,31
44,73	15,44
44,76	15,54
44,78	15,68
44,81	15,83
44,83	15,98
44,85	16,13
44,88	16,30
44,90	16,45
44,93	16,64
44,95	16,77
44,98	16,91
45,00	17,06
45,03	17,19
45,05	17,30
45,07	17,45
45,10	17,56
45,12	17,75
45,15	17,91
45,17	18,10
45,20	18,28
45,22	18,49
45,25	18,65
45,27	18,89
45,29	19,06
45,32	19,24
45,34	19,38
45,37	19,58
45,39	19,73
45,42	19,93
45,44	20,05
45,47	20,25
45,49	20,43
45,51	20,66
45,54	20,87
45,56	21,09
45,59	21,30
45,61	21,52
45,64	21,72
45,66	21,96
45,68	22,12
45,71	22,29
45,73	22,47
45,76	22,66
45,78	22,84
45,81	23,02
45,83	23,18
45,86	23,40
45,88	23,58
45,90	23,79
45,93	24,00
45,95	24,22
45,98	24,42
46,00	24,63
46,03	24,80
46,05	25,01
46,08	25,18
46,10	25,36
46,12	25,54
46,15	25,72
46,17	25,89
46,20	26,08
46,22	26,25
46,25	26,43
46,27	26,61
46,30	26,80
46,32	26,96
46,34	27,13
46,37	27,27
46,39	27,44
46,42	27,58
46,44	27,69
46,47	27,80
46,49	27,87
46,52	27,98
46,54	28,09
46,56	28,18
46,59	28,26
46,61	28,34
46,64	28,41
46,66	28,53
46,69	28,58
46,71	28,67
46,73	28,74
46,76	28,81
46,78	28,86
46,81	28,93
46,83	28,97
46,86	29,03
46,88	29,04
46,91	29,06
46,93	29,08
46,95	29,10
46,98	29,07
47,00	29,08
47,03	29,06
47,05	29,05
47,08	29,01
47,10	28,98
47,13	28,97
47,15	28,94
47,17	28,86
47,20	28,81
47,22	28,71
47,25	28,65
47,27	28,54
47,30	28,44
47,32	28,33
47,35	28,24
47,37	28,10
47,39	28,06
47,42	27,95
47,44	27,87
47,47	27,75
47,49	27,66
47,52	27,51
47,54	27,40
47,57	27,20
47,59	27,06
47,61	26,88
47,64	26,71
47,66	26,51
47,69	26,35
47,71	26,15
47,74	25,97
47,76	25,78
47,78	25,62
47,81	25,43
47,83	25,27
47,86	25,11
47,88	24,94
47,91	24,76
47,93	24,58
47,96	24,34
47,98	24,13
48,00	23,91
48,03	23,70
48,05	23,50
48,08	23,30
48,10	23,12
48,13	22,97
48,15	22,79
48,18	22,61
48,20	22,44
48,22	22,26
48,25	22,10
48,27	21,92
48,30	21,73
48,32	21,57
48,35	21,41
48,37	21,23
48,40	21,08
48,42	20,90
48,44	20,76
48,47	20,63
48,49	20,51
48,52	20,40
48,54	20,30
48,57	20,18
48,59	20,14
48,62	20,01
48,64	19,92
48,66	19,82
48,69	19,71
48,71	19,61
48,74	19,55
48,76	19,44
48,79	19,40
48,81	19,31
48,84	19,27
48,86	19,24
48,88	19,23
48,91	19,19
48,93	19,18
48,96	19,15
48,98	19,19
49,01	19,16
49,03	19,17
49,05	19,19
49,08	19,23
49,10	19,24
49,13	19,30
49,15	19,30
49,18	19,37
49,20	19,41
49,23	19,46
49,25	19,51
49,27	19,58
49,30	19,62
49,32	19,74
49,35	19,81
49,37	19,93
49,40	20,02
49,42	20,14
49,45	20,25
49,47	20,37
49,49	20,43
49,52	20,56
49,54	20,63
49,57	20,74
49,59	20,85
49,62	20,97
49,64	21,10
49,67	21,26
49,69	21,39
49,71	21,55
49,74	21,70
49,76	21,86
49,79	22,05
49,81	22,23
49,84	22,39
49,86	22,56
49,89	22,71
49,91	22,90
49,93	23,06
49,96	23,22
49,98	23,40
50,01	23,59
50,03	23,79
50,06	24,03
50,08	24,24
50,10	24,47
50,13	24,69
50,15	24,90
50,18	25,15
50,20	25,33
50,23	25,50
50,25	25,71
50,28	25,89
50,30	26,07
50,32	26,26
50,35	26,43
50,37	26,70
50,40	26,93
50,42	27,17
50,45	27,42
50,47	27,67
50,50	27,89
50,52	28,18
50,54	28,37
50,57	28,59
50,59	28,79
50,62	29,01
50,64	29,22
50,67	29,49
50,69	29,65
50,72	29,95
50,74	30,17
50,76	30,45
50,79	30,70
50,81	30,98
50,84	31,19
50,86	31,45
50,89	31,65
50,91	31,91
50,94	32,11
50,96	32,31
50,98	32,47
51,01	32,67
51,03	32,88
51,06	33,13
51,08	33,32
51,11	33,56
51,13	33,78
51,15	34,02
51,18	34,27
51,20	34,49
51,23	34,68
51,25	34,89
51,28	35,05
51,30	35,23
51,33	35,40
51,35	35,55
51,37	35,68
51,40	35,81
51,42	35,95
51,45	36,14
51,47	36,30
51,50	36,45
51,52	36,59
51,55	36,74
51,57	36,90
51,59	37,02
51,62	37,11
51,64	37,23
51,67	37,33
51,69	37,41
51,72	37,48
51,74	37,54
51,77	37,59
51,79	37,66
51,81	37,68
51,84	37,71
51,86	37,73
51,89	37,75
51,91	37,78
51,94	37,82
51,96	37,85
51,99	37,89
52,01	37,93
52,03	37,94
52,06	37,99
52,08	37,99
52,11	37,96
52,13	37,92
52,16	37,86
52,18	37,80
52,20	37,78
52,23	37,71
52,25	37,66
52,28	37,59
52,30	37,54
52,33	37,49
52,35	37,42
52,38	37,36
52,40	37,28
52,42	37,17
52,45	37,08
52,47	36,92
52,50	36,80
52,52	36,64
52,55	36,48
52,57	36,31
52,60	36,16
52,62	35,96
52,64	35,87
52,67	35,70
52,69	35,58
52,72	35,41
52,74	35,24
52,77	35,06
52,79	34,93
52,82	34,69
52,84	34,50
52,86	34,27
52,89	34,08
52,91	33,86
52,94	33,63
52,96	33,38
52,99	33,23
53,01	33,02
53,04	32,85
53,06	32,64
53,08	32,45
53,11	32,26
53,13	32,08
53,16	31,83
53,18	31,63
53,21	31,35
53,23	31,15
53,26	30,92
53,28	30,72
53,30	30,51
53,33	30,33
53,35	30,13
53,38	30,00
53,40	29,82
53,43	29,68
53,45	29,57
53,47	29,43
53,50	29,24
53,52	29,08
53,55	28,90
53,57	28,75
53,60	28,61
53,62	28,45
53,65	28,34
53,67	28,24
53,69	28,13
53,72	28,04
53,74	27,96
53,77	27,88
53,79	27,80
53,82	27,68
53,84	27,67
53,87	27,60
53,89	27,56
53,91	27,52
53,94	27,45
53,96	27,42
53,99	27,42
54,01	27,37
54,04	27,37
54,06	27,32
54,09	27,34
54,11	27,38
54,13	27,41
54,16	27,42
54,18	27,48
54,21	27,52
54,23	27,61
54,26	27,67
54,28	27,74
54,31	27,80
54,33	27,89
54,35	27,96
54,38	28,05
54,40	28,09
54,43	28,18
54,45	28,27
54,48	28,39
54,50	28,50
54,52	28,62
54,55	28,76
54,57	28,96
54,60	29,11
54,62	29,26
54,65	29,42
54,67	29,54
54,70	29,71
54,72	29,86
54,74	30,00
54,77	30,17
54,79	30,31
54,82	30,49
54,84	30,72
54,87	30,88
54,89	31,09
54,92	31,31
54,94	31,52
54,96	31,76
54,99	32,00
55,01	32,21
55,04	32,44
55,06	32,67
55,09	32,85
55,11	33,06
55,14	33,26
55,16	33,45
55,18	33,67
55,21	33,87
55,23	34,11
55,26	34,37
55,28	34,65
55,31	34,97
55,33	35,25
55,36	35,49
55,38	35,79
55,40	36,02
55,43	36,27
55,45	36,48
55,48	36,70
55,50	36,91
55,53	37,19
55,55	37,40
55,57	37,71
55,60	37,96
55,62	38,26
55,65	38,50
55,67	38,83
55,70	39,10
55,72	39,45
55,75	39,67
55,77	39,95
55,79	40,17
55,82	40,45
55,84	40,68
55,87	40,91
55,89	41,10
55,92	41,38
55,94	41,61
55,97	41,89
55,99	42,16
56,01	42,41
56,04	42,70
56,06	42,99
56,09	43,23
56,11	43,51
56,14	43,73
56,16	43,96
56,19	44,17
56,21	44,36
56,23	44,58
56,26	44,79
56,28	44,97
56,31	45,23
56,33	45,46
56,36	45,69
56,38	45,92
56,41	46,11
56,43	46,34
56,45	46,55
56,48	46,68
56,50	46,82
56,53	47,00
56,55	47,17
56,58	47,32
56,60	47,45
56,62	47,60
56,65	47,77
56,67	47,93
56,70	48,07
56,72	48,20
56,75	48,31
56,77	48,44
56,80	48,51
56,82	48,60
56,84	48,70
56,87	48,79
56,89	48,85
56,92	48,94
56,94	49,03
56,97	49,12
56,99	49,18
57,02	49,25
57,04	49,27
57,06	49,34
57,09	49,36
57,11	49,40
57,14	49,41
57,16	49,45
57,19	49,44
57,21	49,44
57,24	49,43
57,26	49,43
57,28	49,38
57,31	49,38
57,33	49,33
57,36	49,32
57,38	49,26
57,41	49,20
57,43	49,13
57,46	49,05
57,48	48,94
57,50	48,85
57,53	48,74
57,55	48,67
57,58	48,56
57,60	48,48
57,63	48,35
57,65	48,22
57,68	48,06
57,70	47,94
57,72	47,73
57,75	47,56
57,77	47,34
57,80	47,18
57,82	46,99
57,85	46,82
57,87	46,61
57,89	46,48
57,92	46,27
57,94	46,10
57,97	45,91
57,99	45,74
58,02	45,53
58,04	45,34
58,07	45,07
58,09	44,89
58,11	44,65
58,14	44,43
58,16	44,19
58,19	43,98
58,21	43,75
58,24	43,57
58,26	43,34
58,29	43,13
58,31	42,92
58,33	42,71
58,36	42,51
58,38	42,31
58,41	42,09
58,43	41,91
58,46	41,68
58,48	41,47
58,51	41,29
58,53	41,12
58,55	40,94
58,58	40,77
58,60	40,59
58,63	40,47
58,65	40,34
58,68	40,21
58,70	40,07
58,73	39,90
58,75	39,76
58,77	39,64
58,80	39,53
58,82	39,37
58,85	39,27
58,87	39,16
58,90	39,13
58,92	39,06
58,94	39,00
58,97	38,93
58,99	38,90
59,02	38,83
59,04	38,81
59,07	38,74
59,09	38,74
59,12	38,70
59,14	38,72
59,16	38,72
59,19	38,74
59,21	38,76
59,24	38,81
59,26	38,82
59,29	38,89
59,31	38,91
59,34	38,98
59,36	39,05
59,38	39,11
59,41	39,15
59,43	39,25
59,46	39,32
59,48	39,44
59,51	39,55
59,53	39,67
59,56	39,80
59,58	39,98
59,60	40,09
59,63	40,25
59,65	40,36
59,68	40,48
59,70	40,64
59,73	40,79
59,75	40,93
59,78	41,12
59,80	41,29
59,82	41,49
59,85	41,68
59,87	41,86
59,90	42,07
59,92	42,29
59,95	42,46
59,97	42,62
59,99	42,75
