U1/V	IA/nA
0,02	0,49
0,04	0,49
0,07	0,46
0,09	0,46
0,12	0,44
0,14	0,45
0,17	0,47
0,19	0,49
0,21	0,47
0,24	0,49
0,26	0,45
0,29	0,46
0,31	0,45
0,34	0,44
0,36	0,43
0,39	0,45
0,41	0,43
0,43	0,47
0,46	0,45
0,48	0,47
0,51	0,48
0,53	0,49
0,56	0,47
0,58	0,48
0,61	0,46
0,63	0,48
0,65	0,46
0,68	0,45
0,70	0,45
0,73	0,44
0,75	0,43
0,78	0,44
0,80	0,44
0,83	0,45
0,85	0,46
0,87	0,44
0,90	0,49
0,92	0,49
0,95	0,49
0,97	0,50
1,00	0,48
1,02	0,47
1,05	0,48
1,07	0,45
1,09	0,46
1,12	0,44
1,14	0,44
1,17	0,46
1,19	0,47
1,22	0,46
1,24	0,48
1,26	0,47
1,29	0,50
1,31	0,49
1,34	0,49
1,36	0,48
1,39	0,49
1,41	0,47
1,44	0,49
1,46	0,45
1,48	0,46
1,51	0,45
1,53	0,46
1,56	0,45
1,58	0,48
1,61	0,44
1,63	0,50
1,66	0,48
1,68	0,50
1,70	0,48
1,73	0,47
1,75	0,45
1,78	0,48
1,80	0,43
1,83	0,46
1,85	0,43
1,88	0,45
1,90	0,46
1,92	0,48
1,95	0,46
1,97	0,48
2,00	0,45
2,02	0,48
2,05	0,47
2,07	0,48
2,10	0,47
2,12	0,48
2,14	0,47
2,17	0,50
2,19	0,47
2,22	0,48
2,24	0,47
2,27	0,47
2,29	0,47
2,31	0,47
2,34	0,44
2,36	0,49
2,39	0,48
2,41	0,47
2,44	0,47
2,46	0,44
2,49	0,45
2,51	0,46
2,53	0,43
2,56	0,43
2,58	0,42
2,61	0,42
2,63	0,44
2,66	0,43
2,68	0,43
2,71	0,43
2,73	0,43
2,75	0,45
2,78	0,47
2,80	0,45
2,83	0,47
2,85	0,46
2,88	0,46
2,90	0,47
2,93	0,46
2,95	0,45
2,97	0,47
3,00	0,45
3,02	0,47
3,05	0,46
3,07	0,46
3,10	0,48
3,12	0,49
3,15	0,47
3,17	0,49
3,19	0,45
3,22	0,47
3,24	0,46
3,27	0,46
3,29	0,44
3,32	0,45
3,34	0,44
3,36	0,49
3,39	0,46
3,41	0,48
3,44	0,46
3,46	0,47
3,49	0,46
3,51	0,48
3,54	0,45
3,56	0,47
3,58	0,45
3,61	0,47
3,63	0,47
3,66	0,47
3,68	0,44
3,71	0,46
3,73	0,45
3,76	0,46
3,78	0,46
3,80	0,45
3,83	0,48
3,85	0,49
3,88	0,48
3,90	0,50
3,93	0,48
3,95	0,48
3,98	0,47
4,00	0,45
4,02	0,46
4,05	0,45
4,07	0,45
4,10	0,46
4,12	0,45
4,15	0,45
4,17	0,46
4,20	0,45
4,22	0,47
4,24	0,47
4,27	0,46
4,29	0,46
4,32	0,47
4,34	0,46
4,37	0,47
4,39	0,44
4,42	0,45
4,44	0,45
4,46	0,46
4,49	0,46
4,51	0,48
4,54	0,46
4,56	0,50
4,59	0,48
4,61	0,50
4,63	0,49
4,66	0,49
4,68	0,46
4,71	0,48
4,73	0,45
4,76	0,47
4,78	0,44
4,81	0,46
4,83	0,46
4,85	0,47
4,88	0,46
4,90	0,49
4,93	0,46
4,95	0,49
4,98	0,47
5,00	0,48
5,03	0,47
5,05	0,48
5,07	0,46
5,10	0,48
5,12	0,46
5,15	0,48
5,17	0,46
5,20	0,48
5,22	0,47
5,25	0,48
5,27	0,46
5,29	0,49
5,32	0,46
5,34	0,47
5,37	0,46
5,39	0,47
5,42	0,45
5,44	0,46
5,47	0,45
5,49	0,47
5,51	0,44
5,54	0,44
5,56	0,45
5,59	0,46
5,61	0,46
5,64	0,46
5,66	0,45
5,68	0,48
5,71	0,49
5,73	0,49
5,76	0,49
5,78	0,50
5,81	0,49
5,83	0,50
5,86	0,49
5,88	0,47
5,90	0,47
5,93	0,45
5,95	0,46
5,98	0,46
6,00	0,46
6,03	0,47
6,05	0,48
6,08	0,47
6,10	0,49
6,12	0,47
6,15	0,49
6,17	0,47
6,20	0,48
6,22	0,46
6,25	0,46
6,27	0,45
6,30	0,48
6,32	0,47
6,34	0,48
6,37	0,47
6,39	0,49
6,42	0,49
6,44	0,51
6,47	0,48
6,49	0,49
6,52	0,47
6,54	0,49
6,56	0,49
6,59	0,50
6,61	0,48
6,64	0,51
6,66	0,49
6,69	0,52
6,71	0,51
6,73	0,51
6,76	0,51
6,78	0,52
6,81	0,49
6,83	0,51
6,86	0,49
6,88	0,50
6,91	0,48
6,93	0,50
6,95	0,50
6,98	0,50
7,00	0,48
7,03	0,50
7,05	0,48
7,08	0,49
7,10	0,49
7,13	0,49
7,15	0,50
7,17	0,51
7,20	0,49
7,22	0,50
7,25	0,50
7,27	0,51
7,30	0,53
7,32	0,53
7,35	0,52
7,37	0,53
7,39	0,54
7,42	0,55
7,44	0,55
7,47	0,53
7,49	0,53
7,52	0,53
7,54	0,53
7,57	0,53
7,59	0,52
7,61	0,52
7,64	0,52
7,66	0,51
7,69	0,53
7,71	0,51
7,74	0,52
7,76	0,52
7,78	0,53
7,81	0,54
7,83	0,55
7,86	0,54
7,88	0,58
7,91	0,56
7,93	0,56
7,96	0,56
7,98	0,56
8,00	0,55
8,03	0,59
8,05	0,56
8,08	0,59
8,10	0,57
8,13	0,59
8,15	0,59
8,18	0,61
8,20	0,57
8,22	0,60
8,25	0,57
8,27	0,59
8,30	0,57
8,32	0,58
8,35	0,56
8,37	0,58
8,40	0,55
8,42	0,58
8,44	0,55
8,47	0,56
8,49	0,57
8,52	0,59
8,54	0,58
8,57	0,59
8,59	0,57
8,62	0,60
8,64	0,60
8,66	0,60
8,69	0,59
8,71	0,59
8,74	0,59
8,76	0,63
8,79	0,62
8,81	0,63
8,84	0,62
8,86	0,62
8,88	0,63
8,91	0,64
8,93	0,62
8,96	0,64
8,98	0,63
9,01	0,63
9,03	0,63
9,05	0,62
9,08	0,63
9,10	0,62
9,13	0,62
9,15	0,61
9,18	0,61
9,20	0,61
9,23	0,64
9,25	0,63
9,27	0,64
9,30	0,64
9,32	0,65
9,35	0,65
9,37	0,67
9,40	0,64
9,42	0,66
9,45	0,64
9,47	0,65
9,49	0,67
9,52	0,69
9,54	0,67
9,57	0,69
9,59	0,67
9,62	0,71
9,64	0,70
9,67	0,70
9,69	0,69
9,71	0,71
9,74	0,69
9,76	0,71
9,79	0,67
9,81	0,70
9,84	0,68
9,86	0,69
9,89	0,69
9,91	0,72
9,93	0,70
9,96	0,75
9,98	0,73
10,01	0,75
10,03	0,74
10,06	0,76
10,08	0,74
10,10	0,76
10,13	0,72
10,15	0,75
10,18	0,74
10,20	0,75
10,23	0,75
10,25	0,77
10,28	0,75
10,30	0,76
10,32	0,74
10,35	0,77
10,37	0,77
10,40	0,75
10,42	0,74
10,45	0,74
10,47	0,74
10,50	0,76
10,52	0,74
10,54	0,74
10,57	0,74
10,59	0,74
10,62	0,76
10,64	0,77
10,67	0,76
10,69	0,78
10,72	0,79
10,74	0,79
10,76	0,81
10,79	0,81
10,81	0,81
10,84	0,81
10,86	0,80
10,89	0,79
10,91	0,80
10,94	0,79
10,96	0,83
10,98	0,81
11,01	0,83
11,03	0,82
11,06	0,84
11,08	0,84
11,11	0,86
11,13	0,81
11,15	0,83
11,18	0,81
11,20	0,82
11,23	0,81
11,25	0,82
11,28	0,80
11,30	0,81
11,33	0,79
11,35	0,83
11,37	0,82
11,40	0,84
11,42	0,85
11,45	0,88
11,47	0,88
11,50	0,91
11,52	0,89
11,55	0,91
11,57	0,89
11,59	0,89
11,62	0,88
11,64	0,88
11,67	0,87
11,69	0,91
11,72	0,90
11,74	0,91
11,77	0,90
11,79	0,92
11,81	0,94
11,84	0,95
11,86	0,92
11,89	0,93
11,91	0,92
11,94	0,93
11,96	0,92
11,99	0,91
12,01	0,92
12,03	0,93
12,06	0,93
12,08	0,96
12,11	0,94
12,13	0,95
12,16	0,98
12,18	0,98
12,21	0,99
12,23	0,99
12,25	0,99
12,28	1,00
12,30	1,02
12,33	0,99
12,35	1,00
12,38	0,98
12,40	1,00
12,42	1,01
12,45	1,02
12,47	1,02
12,50	1,04
12,52	1,02
12,55	1,07
12,57	1,06
12,60	1,07
12,62	1,07
12,64	1,07
12,67	1,06
12,69	1,08
12,72	1,04
12,74	1,06
12,77	1,04
12,79	1,06
12,82	1,07
12,84	1,08
12,86	1,07
12,89	1,13
12,91	1,12
12,94	1,14
12,96	1,13
12,99	1,14
13,01	1,13
13,04	1,15
13,06	1,11
13,08	1,13
13,11	1,12
13,13	1,15
13,16	1,14
13,18	1,17
13,21	1,16
13,23	1,18
13,26	1,16
13,28	1,22
13,30	1,20
13,33	1,20
13,35	1,19
13,38	1,19
13,40	1,17
13,43	1,19
13,45	1,16
13,47	1,18
13,50	1,17
13,52	1,18
13,55	1,20
13,57	1,21
13,60	1,21
13,62	1,24
13,65	1,22
13,67	1,24
13,69	1,25
13,72	1,25
13,74	1,26
13,77	1,26
13,79	1,25
13,82	1,26
13,84	1,25
13,87	1,26
13,89	1,27
13,91	1,25
13,94	1,25
13,96	1,24
13,99	1,24
14,01	1,27
14,04	1,27
14,06	1,25
14,09	1,27
14,11	1,24
14,13	1,26
14,16	1,25
14,18	1,24
14,21	1,23
14,23	1,24
14,26	1,23
14,28	1,27
14,31	1,26
14,33	1,28
14,35	1,28
14,38	1,29
14,40	1,29
14,43	1,31
14,45	1,29
14,48	1,30
14,50	1,28
14,52	1,29
14,55	1,28
14,57	1,29
14,60	1,27
14,62	1,29
14,65	1,28
14,67	1,31
14,70	1,29
14,72	1,31
14,74	1,32
14,77	1,33
14,79	1,31
14,82	1,34
14,84	1,29
14,87	1,31
14,89	1,29
14,92	1,29
14,94	1,29
14,96	1,29
14,99	1,27
15,01	1,31
15,04	1,29
15,06	1,30
15,09	1,31
15,11	1,31
15,14	1,31
15,16	1,32
15,18	1,30
15,21	1,32
15,23	1,33
15,26	1,33
15,28	1,35
15,31	1,33
15,33	1,33
15,36	1,34
15,38	1,34
15,40	1,34
15,43	1,34
15,45	1,32
15,48	1,36
15,50	1,36
15,53	1,37
15,55	1,37
15,57	1,36
15,60	1,35
15,62	1,37
15,65	1,34
15,67	1,36
15,70	1,35
15,72	1,36
15,75	1,37
15,77	1,38
15,79	1,37
15,82	1,40
15,84	1,38
15,87	1,42
15,89	1,41
15,92	1,42
15,94	1,41
15,97	1,43
15,99	1,42
16,01	1,45
16,04	1,41
16,06	1,44
16,09	1,43
16,11	1,46
16,14	1,45
16,16	1,48
16,19	1,45
16,21	1,52
16,23	1,50
16,26	1,53
16,28	1,53
16,31	1,52
16,33	1,51
16,36	1,54
16,38	1,51
16,41	1,54
16,43	1,51
16,45	1,53
16,48	1,55
16,50	1,57
16,53	1,57
16,55	1,60
16,58	1,59
16,60	1,62
16,63	1,63
16,65	1,65
16,67	1,65
16,70	1,66
16,72	1,66
16,75	1,69
16,77	1,68
16,80	1,70
16,82	1,71
16,84	1,73
16,87	1,74
16,89	1,76
16,92	1,75
16,94	1,80
16,97	1,81
16,99	1,81
17,02	1,83
17,04	1,83
17,06	1,84
17,09	1,86
17,11	1,85
17,14	1,85
17,16	1,86
17,19	1,85
17,21	1,89
17,24	1,90
17,26	1,91
17,28	1,91
17,31	1,93
17,33	1,96
17,36	1,99
17,38	1,99
17,41	2,01
17,43	2,00
17,46	2,03
17,48	2,04
17,50	2,04
17,53	2,04
17,55	2,07
17,58	2,07
17,60	2,11
17,63	2,11
17,65	2,13
17,68	2,16
17,70	2,18
17,72	2,17
17,75	2,19
17,77	2,17
17,80	2,19
17,82	2,18
17,85	2,19
17,87	2,17
17,89	2,19
17,92	2,19
17,94	2,22
17,97	2,21
17,99	2,23
18,02	2,22
18,04	2,25
18,07	2,26
18,09	2,27
18,11	2,25
18,14	2,28
18,16	2,26
18,19	2,28
18,21	2,29
18,24	2,29
18,26	2,27
18,29	2,29
18,31	2,28
18,33	2,30
18,36	2,29
18,38	2,29
18,41	2,29
18,43	2,30
18,46	2,30
18,48	2,32
18,51	2,30
18,53	2,31
18,55	2,30
18,58	2,29
18,60	2,30
18,63	2,29
18,65	2,28
18,68	2,29
18,70	2,28
18,73	2,28
18,75	2,29
18,77	2,28
18,80	2,30
18,82	2,29
18,85	2,29
18,87	2,28
18,90	2,30
18,92	2,29
18,94	2,31
18,97	2,28
18,99	2,28
19,02	2,27
19,04	2,27
19,07	2,26
19,09	2,26
19,12	2,23
19,14	2,26
19,16	2,22
19,19	2,23
19,21	2,22
19,24	2,22
19,26	2,19
19,29	2,20
19,31	2,16
19,34	2,19
19,36	2,15
19,38	2,16
19,41	2,15
19,43	2,16
19,46	2,14
19,48	2,16
19,51	2,14
19,53	2,17
19,56	2,15
19,58	2,15
19,60	2,14
19,63	2,16
19,65	2,13
19,68	2,16
19,70	2,12
19,73	2,13
19,75	2,12
19,78	2,13
19,80	2,12
19,82	2,13
19,85	2,10
19,87	2,13
19,90	2,11
19,92	2,12
19,95	2,10
19,97	2,11
19,99	2,10
20,02	2,10
20,04	2,09
20,07	2,11
20,09	2,08
20,12	2,08
20,14	2,08
20,17	2,09
20,19	2,09
20,21	2,09
20,24	2,08
20,26	2,10
20,29	2,11
20,31	2,11
20,34	2,12
20,36	2,12
20,39	2,12
20,41	2,15
20,43	2,16
20,46	2,16
20,48	2,19
20,51	2,17
20,53	2,19
20,56	2,19
20,58	2,20
20,61	2,20
20,63	2,21
20,65	2,20
20,68	2,23
20,70	2,22
20,73	2,26
20,75	2,25
20,78	2,27
20,80	2,27
20,83	2,27
20,85	2,27
20,87	2,32
20,90	2,31
20,92	2,34
20,95	2,34
20,97	2,37
21,00	2,39
21,02	2,42
21,05	2,40
21,07	2,44
21,09	2,44
21,12	2,48
21,14	2,51
21,17	2,55
21,19	2,56
21,22	2,60
21,24	2,60
21,26	2,65
21,29	2,65
21,31	2,67
21,34	2,67
21,36	2,69
21,39	2,70
21,41	2,75
21,44	2,75
21,46	2,80
21,48	2,80
21,51	2,85
21,53	2,88
21,56	2,91
21,58	2,91
21,61	2,96
21,63	2,97
21,66	3,01
21,68	3,03
21,70	3,07
21,73	3,11
21,75	3,15
21,78	3,16
21,80	3,20
21,83	3,22
21,85	3,25
21,88	3,31
21,90	3,33
21,92	3,36
21,95	3,38
21,97	3,41
22,00	3,44
22,02	3,47
22,05	3,46
22,07	3,49
22,10	3,50
22,12	3,55
22,14	3,58
22,17	3,60
22,19	3,61
22,22	3,64
22,24	3,66
22,27	3,71
22,29	3,70
22,31	3,73
22,34	3,74
22,36	3,77
22,39	3,79
22,41	3,83
22,44	3,82
22,46	3,87
22,49	3,88
22,51	3,90
22,53	3,90
22,56	3,92
22,58	3,92
22,61	3,97
22,63	3,95
22,66	3,98
22,68	3,97
22,71	3,98
22,73	3,99
22,75	4,01
22,78	3,98
22,80	4,00
22,83	3,97
22,85	3,99
22,88	3,98
22,90	3,98
22,93	3,97
22,95	3,98
22,97	3,97
23,00	3,99
23,02	3,97
23,05	3,98
23,07	3,98
23,10	3,98
23,12	3,96
23,15	3,97
23,17	3,94
23,19	3,95
23,22	3,93
23,24	3,92
23,27	3,91
23,29	3,89
23,32	3,86
23,34	3,88
23,36	3,87
23,39	3,86
23,41	3,83
23,44	3,80
23,46	3,80
23,49	3,79
23,51	3,74
23,54	3,72
23,56	3,69
23,58	3,68
23,61	3,66
23,63	3,63
23,66	3,62
23,68	3,61
23,71	3,59
23,73	3,58
23,76	3,62
23,78	3,60
23,80	3,61
23,83	3,58
23,85	3,57
23,88	3,55
23,90	3,54
23,93	3,46
23,95	3,46
23,98	3,40
24,00	3,40
24,02	3,36
24,05	3,35
24,07	3,33
24,10	3,33
24,12	3,31
24,15	3,32
24,17	3,28
24,20	3,31
24,22	3,27
24,24	3,26
24,27	3,22
24,29	3,21
24,32	3,17
24,34	3,18
24,37	3,13
24,39	3,15
24,42	3,12
24,44	3,13
24,46	3,12
24,49	3,13
24,51	3,11
24,54	3,14
24,56	3,11
24,59	3,13
24,61	3,11
24,63	3,12
24,66	3,10
24,68	3,10
24,71	3,07
24,73	3,09
24,76	3,06
24,78	3,07
24,81	3,07
24,83	3,09
24,85	3,09
24,88	3,10
24,90	3,10
24,93	3,14
24,95	3,13
24,98	3,13
25,00	3,12
25,03	3,12
25,05	3,13
25,07	3,14
25,10	3,13
25,12	3,14
25,15	3,14
25,17	3,16
25,20	3,19
25,22	3,21
25,25	3,22
25,27	3,24
25,29	3,26
25,32	3,28
25,34	3,31
25,37	3,32
25,39	3,34
25,42	3,35
25,44	3,37
25,47	3,39
25,49	3,42
25,51	3,43
25,54	3,47
25,56	3,48
25,59	3,53
25,61	3,54
25,64	3,58
25,66	3,63
25,68	3,68
25,71	3,69
25,73	3,75
25,76	3,75
25,78	3,81
25,81	3,83
25,83	3,85
25,86	3,87
25,88	3,90
25,90	3,91
25,93	3,99
25,95	4,01
25,98	4,06
26,00	4,11
26,03	4,17
26,05	4,21
26,08	4,27
26,10	4,30
26,12	4,36
26,15	4,39
26,17	4,43
26,20	4,47
26,22	4,52
26,25	4,55
26,27	4,63
26,30	4,67
26,32	4,74
26,34	4,78
26,37	4,84
26,39	4,92
26,42	4,99
26,44	5,01
26,47	5,08
26,49	5,08
26,52	5,13
26,54	5,16
26,56	5,20
26,59	5,24
26,61	5,29
26,64	5,33
26,66	5,43
26,69	5,47
26,71	5,53
26,73	5,61
26,76	5,67
26,78	5,73
26,81	5,78
26,83	5,83
26,86	5,87
26,88	5,92
26,91	5,93
26,93	5,98
26,95	6,00
26,98	6,04
27,00	6,08
27,03	6,14
27,05	6,17
27,08	6,21
27,10	6,23
27,13	6,30
27,15	6,33
27,17	6,37
27,20	6,38
27,22	6,40
27,25	6,41
27,27	6,43
27,30	6,41
27,32	6,44
27,35	6,43
27,37	6,46
27,39	6,47
27,42	6,50
27,44	6,49
27,47	6,55
27,49	6,54
27,52	6,57
27,54	6,55
27,57	6,56
27,59	6,55
27,61	6,57
27,64	6,51
27,66	6,52
27,69	6,47
27,71	6,50
27,74	6,47
27,76	6,47
27,78	6,43
27,81	6,43
27,83	6,39
27,86	6,43
27,88	6,38
27,91	6,37
27,93	6,32
27,96	6,28
27,98	6,24
28,00	6,22
28,03	6,15
28,05	6,13
28,08	6,07
28,10	6,04
28,13	6,03
28,15	6,00
28,18	5,95
28,20	5,93
28,22	5,87
28,25	5,85
28,27	5,80
28,30	5,76
28,32	5,71
28,35	5,67
28,37	5,59
28,40	5,56
28,42	5,51
28,44	5,48
28,47	5,43
28,49	5,39
28,52	5,35
28,54	5,31
28,57	5,27
28,59	5,26
28,62	5,22
28,64	5,19
28,66	5,16
28,69	5,10
28,71	5,08
28,74	5,02
28,76	4,97
28,79	4,92
28,81	4,87
28,84	4,82
28,86	4,82
28,88	4,77
28,91	4,75
28,93	4,73
28,96	4,71
28,98	4,67
29,01	4,67
29,03	4,62
29,05	4,62
29,08	4,57
29,10	4,54
29,13	4,51
29,15	4,50
29,18	4,47
29,20	4,48
29,23	4,44
29,25	4,45
29,27	4,42
29,30	4,42
29,32	4,42
29,35	4,42
29,37	4,39
29,40	4,41
29,42	4,37
29,45	4,38
29,47	4,36
29,49	4,36
29,52	4,34
29,54	4,35
29,57	4,33
29,59	4,38
29,62	4,36
29,64	4,39
29,67	4,40
29,69	4,43
29,71	4,44
29,74	4,47
29,76	4,46
29,79	4,50
29,81	4,50
29,84	4,51
29,86	4,54
29,89	4,56
29,91	4,57
29,93	4,61
29,96	4,63
29,98	4,68
30,01	4,73
30,03	4,73
30,06	4,80
30,08	4,83
30,10	4,88
30,13	4,91
30,15	4,94
30,18	4,95
30,20	5,00
30,23	5,01
30,25	5,07
30,28	5,10
30,30	5,15
30,32	5,19
30,35	5,24
30,37	5,27
30,40	5,34
30,42	5,38
30,45	5,45
30,47	5,51
30,50	5,58
30,52	5,63
30,54	5,72
30,57	5,76
30,59	5,84
30,62	5,87
30,64	5,95
30,67	6,00
30,69	6,08
30,72	6,12
30,74	6,20
30,76	6,24
30,79	6,36
30,81	6,40
30,84	6,49
30,86	6,55
30,89	6,64
30,91	6,71
30,94	6,81
30,96	6,85
30,98	6,96
31,01	7,01
31,03	7,09
31,06	7,18
31,08	7,26
31,11	7,33
31,13	7,42
31,15	7,46
31,18	7,58
31,20	7,65
31,23	7,74
31,25	7,82
31,28	7,92
31,30	7,99
31,33	8,12
31,35	8,17
31,37	8,27
31,40	8,35
31,42	8,44
31,45	8,51
31,47	8,60
31,50	8,65
31,52	8,78
31,55	8,86
31,57	8,93
31,59	9,01
31,62	9,10
31,64	9,17
31,67	9,26
31,69	9,31
31,72	9,38
31,74	9,42
31,77	9,47
31,79	9,54
31,81	9,59
31,84	9,63
31,86	9,68
31,89	9,73
31,91	9,80
31,94	9,87
31,96	9,91
31,99	9,96
32,01	9,98
32,03	10,02
32,06	10,06
32,08	10,08
32,11	10,08
32,13	10,11
32,16	10,10
32,18	10,14
32,20	10,14
32,23	10,16
32,25	10,19
32,28	10,20
32,30	10,17
32,33	10,19
32,35	10,15
32,38	10,15
32,40	10,12
32,42	10,10
32,45	10,07
32,47	10,05
32,50	9,99
32,52	10,00
32,55	9,96
32,57	9,94
32,60	9,87
32,62	9,83
32,64	9,79
32,67	9,77
32,69	9,67
32,72	9,63
32,74	9,56
32,77	9,53
32,79	9,48
32,82	9,42
32,84	9,34
32,86	9,30
32,89	9,22
32,91	9,18
32,94	9,08
32,96	9,00
32,99	8,92
33,01	8,86
33,04	8,75
33,06	8,69
33,08	8,59
33,11	8,52
33,13	8,44
33,16	8,37
33,18	8,30
33,21	8,23
33,23	8,14
33,26	8,08
33,28	7,99
33,30	7,92
33,33	7,85
33,35	7,78
33,38	7,74
33,40	7,68
33,43	7,60
33,45	7,54
33,47	7,48
33,50	7,42
33,52	7,38
33,55	7,29
33,57	7,23
33,60	7,17
33,62	7,11
33,65	7,06
33,67	6,99
33,69	6,91
33,72	6,89
33,74	6,82
33,77	6,78
33,79	6,74
33,82	6,70
33,84	6,65
33,87	6,62
33,89	6,57
33,91	6,55
33,94	6,49
33,96	6,46
33,99	6,43
34,01	6,41
34,04	6,37
34,06	6,37
34,09	6,33
34,11	6,35
34,13	6,32
34,16	6,31
34,18	6,28
34,21	6,30
34,23	6,28
34,26	6,31
34,28	6,29
34,31	6,32
34,33	6,30
34,35	6,34
34,38	6,34
34,40	6,35
34,43	6,33
34,45	6,38
34,48	6,37
34,50	6,40
34,52	6,41
34,55	6,45
34,57	6,46
34,60	6,50
34,62	6,51
34,65	6,56
34,67	6,56
34,70	6,61
34,72	6,65
34,74	6,72
34,77	6,75
34,79	6,81
34,82	6,86
34,84	6,94
34,87	6,98
34,89	7,04
34,92	7,08
34,94	7,14
34,96	7,19
34,99	7,27
35,01	7,34
35,04	7,43
35,06	7,51
35,09	7,58
35,11	7,65
35,14	7,74
35,16	7,81
35,18	7,87
35,21	7,94
35,23	7,99
35,26	8,08
35,28	8,14
35,31	8,22
35,33	8,30
35,36	8,40
35,38	8,48
35,40	8,58
35,43	8,66
35,45	8,79
35,48	8,88
35,50	8,99
35,53	9,07
35,55	9,18
35,57	9,27
35,60	9,39
35,62	9,44
35,65	9,55
35,67	9,63
35,70	9,74
35,72	9,87
35,75	10,00
35,77	10,09
35,79	10,24
35,82	10,34
35,84	10,49
35,87	10,59
35,89	10,69
35,92	10,78
35,94	10,89
35,97	10,98
35,99	11,10
36,01	11,18
36,04	11,31
36,06	11,42
36,09	11,56
36,11	11,69
36,14	11,82
36,16	11,94
36,19	12,09
36,21	12,20
36,23	12,33
36,26	12,43
36,28	12,54
36,31	12,65
36,33	12,75
36,36	12,83
36,38	12,94
36,41	13,04
36,43	13,16
36,45	13,29
36,48	13,40
36,50	13,51
36,53	13,63
36,55	13,72
36,58	13,85
36,60	13,93
36,62	13,98
36,65	14,07
36,67	14,13
36,70	14,17
36,72	14,25
36,75	14,29
36,77	14,33
36,80	14,40
36,82	14,43
36,84	14,50
36,87	14,55
36,89	14,58
36,92	14,63
36,94	14,67
36,97	14,69
36,99	14,73
37,02	14,73
37,04	14,75
37,06	14,75
37,09	14,75
37,11	14,75
37,14	14,75
37,16	14,72
37,19	14,74
37,21	14,70
37,24	14,69
37,26	14,65
37,28	14,63
37,31	14,60
37,33	14,57
37,36	14,48
37,38	14,44
37,41	14,35
37,43	14,31
37,46	14,23
37,48	14,16
37,50	14,07
37,53	14,00
37,55	13,89
37,58	13,84
37,60	13,72
37,63	13,65
37,65	13,56
37,68	13,48
37,70	13,37
37,72	13,30
37,75	13,16
37,77	13,08
37,80	12,94
37,82	12,83
37,85	12,70
37,87	12,60
37,89	12,45
37,92	12,38
37,94	12,24
37,97	12,13
37,99	12,01
38,02	11,91
38,04	11,81
38,07	11,72
38,09	11,57
38,11	11,48
38,14	11,34
38,16	11,23
38,19	11,09
38,21	10,96
38,24	10,83
38,26	10,72
38,29	10,59
38,31	10,49
38,33	10,38
38,36	10,29
38,38	10,24
38,41	10,15
38,43	10,08
38,46	10,02
38,48	9,93
38,51	9,85
38,53	9,77
38,55	9,66
38,58	9,58
38,60	9,49
38,63	9,41
38,65	9,37
38,68	9,33
38,70	9,27
38,73	9,22
38,75	9,16
38,77	9,15
38,80	9,10
38,82	9,05
38,85	9,00
38,87	8,96
38,90	8,92
38,92	8,91
38,94	8,85
38,97	8,84
38,99	8,81
39,02	8,81
39,04	8,79
39,07	8,80
39,09	8,78
39,12	8,83
39,14	8,83
39,16	8,85
39,19	8,85
39,21	8,88
39,24	8,89
39,26	8,95
39,29	8,93
39,31	8,98
39,34	8,99
39,36	9,05
39,38	9,09
39,41	9,14
39,43	9,17
39,46	9,23
39,48	9,26
39,51	9,36
39,53	9,39
39,56	9,44
39,58	9,49
39,60	9,55
39,63	9,61
39,65	9,70
39,68	9,74
39,70	9,83
39,73	9,88
39,75	9,97
39,78	10,05
39,80	10,14
39,82	10,22
39,85	10,34
39,87	10,41
39,90	10,53
39,92	10,64
39,95	10,75
39,97	10,86
39,99	10,96
40,02	11,05
40,04	11,17
40,07	11,27
40,09	11,37
40,12	11,50
40,14	11,59
40,17	11,70
40,19	11,81
40,21	11,92
40,24	12,07
40,26	12,21
40,29	12,30
40,31	12,46
40,34	12,57
40,36	12,71
40,39	12,85
40,41	12,98
40,43	13,07
40,46	13,22
40,48	13,32
40,51	13,50
40,53	13,61
40,56	13,75
40,58	13,89
40,61	14,07
40,63	14,21
40,65	14,39
40,68	14,51
40,70	14,71
40,73	14,84
40,75	15,01
40,78	15,15
40,80	15,31
40,83	15,42
40,85	15,59
40,87	15,71
40,90	15,87
40,92	16,00
40,95	16,16
40,97	16,33
41,00	16,53
41,02	16,68
41,05	16,85
41,07	16,98
41,09	17,15
41,12	17,26
41,14	17,40
41,17	17,53
41,19	17,66
41,22	17,77
41,24	17,93
41,26	18,05
41,29	18,22
41,31	18,37
41,34	18,51
41,36	18,64
41,39	18,81
41,41	18,93
41,44	19,07
41,46	19,20
41,48	19,30
41,51	19,40
41,53	19,49
41,56	19,56
41,58	19,65
41,61	19,72
41,63	19,79
41,66	19,87
41,68	19,94
41,70	20,05
41,73	20,11
41,75	20,16
41,78	20,21
41,80	20,22
41,83	20,24
41,85	20,28
41,88	20,27
41,90	20,30
41,92	20,31
41,95	20,32
41,97	20,35
42,00	20,35
42,02	20,34
42,05	20,36
42,07	20,33
42,10	20,30
42,12	20,26
42,14	20,22
42,17	20,17
42,19	20,15
42,22	20,06
42,24	20,03
42,27	19,96
42,29	19,90
42,31	19,83
42,34	19,75
42,36	19,64
42,39	19,55
42,41	19,40
42,44	19,34
42,46	19,20
42,49	19,10
42,51	18,98
42,53	18,88
42,56	18,74
42,58	18,66
42,61	18,49
42,63	18,41
42,66	18,25
42,68	18,13
42,71	17,96
42,73	17,84
42,75	17,67
42,78	17,57
42,80	17,37
42,83	17,24
42,85	17,06
42,88	16,95
42,90	16,80
42,93	16,68
42,95	16,48
42,97	16,38
43,00	16,21
43,02	16,09
43,05	15,92
43,07	15,76
43,10	15,60
43,12	15,46
43,15	15,29
43,17	15,19
43,19	15,02
43,22	14,90
43,24	14,76
43,27	14,62
43,29	14,50
43,32	14,38
43,34	14,23
43,36	14,14
43,39	14,00
43,41	13,90
43,44	13,82
43,46	13,72
43,49	13,61
43,51	13,47
43,54	13,36
43,56	13,29
43,58	13,21
43,61	13,14
43,63	13,07
43,66	13,00
43,68	12,99
43,71	12,93
43,73	12,86
43,76	12,82
43,78	12,76
43,80	12,70
43,83	12,68
43,85	12,64
43,88	12,61
43,90	12,61
43,93	12,59
43,95	12,56
43,98	12,58
44,00	12,53
44,02	12,55
44,05	12,54
44,07	12,54
44,10	12,54
44,12	12,56
44,15	12,57
44,17	12,64
44,20	12,66
44,22	12,72
44,24	12,75
44,27	12,81
44,29	12,85
44,32	12,92
44,34	12,94
44,37	13,01
44,39	13,06
44,41	13,13
44,44	13,22
44,46	13,29
44,49	13,36
44,51	13,47
44,54	13,55
44,56	13,67
44,59	13,77
44,61	13,85
44,63	13,98
44,66	14,08
44,68	14,16
44,71	14,27
44,73	14,34
44,76	14,46
44,78	14,58
44,81	14,69
44,83	14,83
44,85	14,98
44,88	15,13
44,90	15,29
44,93	15,44
44,95	15,56
44,98	15,71
45,00	15,85
45,03	15,99
45,05	16,12
45,07	16,25
45,10	16,39
45,12	16,56
45,15	16,72
45,17	16,90
45,20	17,05
45,22	17,22
45,25	17,37
45,27	17,57
45,29	17,75
45,32	17,92
45,34	18,05
45,37	18,25
45,39	18,40
45,42	18,58
45,44	18,72
45,47	18,90
45,49	19,05
45,51	19,25
45,54	19,42
45,56	19,64
45,59	19,82
45,61	20,03
45,64	20,22
45,66	20,42
45,68	20,58
45,71	20,77
45,73	20,91
45,76	21,11
45,78	21,28
45,81	21,46
45,83	21,63
45,86	21,84
45,88	22,01
45,90	22,23
45,93	22,39
45,95	22,60
45,98	22,79
46,00	22,98
46,03	23,15
46,05	23,33
46,08	23,48
46,10	23,69
46,12	23,83
46,15	23,99
46,17	24,16
46,20	24,34
46,22	24,52
46,25	24,69
46,27	24,83
46,30	25,01
46,32	25,12
46,34	25,26
46,37	25,40
46,39	25,53
46,42	25,65
46,44	25,79
46,47	25,89
46,49	26,04
46,52	26,15
46,54	26,26
46,56	26,36
46,59	26,46
46,61	26,53
46,64	26,63
46,66	26,68
46,69	26,78
46,71	26,83
46,73	26,88
46,76	26,93
46,78	26,97
46,81	27,00
46,83	27,06
46,86	27,06
46,88	27,07
46,91	27,10
46,93	27,10
46,95	27,12
46,98	27,12
47,00	27,10
47,03	27,07
47,05	27,03
47,08	27,00
47,10	26,98
47,13	26,94
47,15	26,88
47,17	26,82
47,20	26,78
47,22	26,73
47,25	26,67
47,27	26,58
47,30	26,51
47,32	26,42
47,35	26,33
47,37	26,23
47,39	26,15
47,42	26,02
47,44	25,92
47,47	25,79
47,49	25,68
47,52	25,54
47,54	25,41
47,57	25,27
47,59	25,15
47,61	24,96
47,64	24,81
47,66	24,63
47,69	24,49
47,71	24,30
47,74	24,13
47,76	23,94
47,78	23,79
47,81	23,62
47,83	23,49
47,86	23,30
47,88	23,16
47,91	22,97
47,93	22,80
47,96	22,60
47,98	22,43
48,00	22,20
48,03	22,03
48,05	21,81
48,08	21,63
48,10	21,47
48,13	21,32
48,15	21,14
48,18	21,00
48,20	20,82
48,22	20,71
48,25	20,54
48,27	20,36
48,30	20,18
48,32	20,02
48,35	19,85
48,37	19,70
48,40	19,51
48,42	19,37
48,44	19,23
48,47	19,12
48,49	19,02
48,52	18,90
48,54	18,78
48,57	18,71
48,59	18,62
48,62	18,53
48,64	18,44
48,66	18,35
48,69	18,29
48,71	18,21
48,74	18,12
48,76	18,05
48,79	18,00
48,81	17,94
48,84	17,90
48,86	17,86
48,88	17,84
48,91	17,82
48,93	17,82
48,96	17,81
48,98	17,79
49,01	17,79
49,03	17,81
49,05	17,83
49,08	17,87
49,10	17,90
49,13	17,94
49,15	18,01
49,18	18,06
49,20	18,08
49,23	18,14
49,25	18,15
49,27	18,22
49,30	18,28
49,32	18,35
49,35	18,41
49,37	18,50
49,40	18,57
49,42	18,71
49,45	18,79
49,47	18,91
49,49	18,98
49,52	19,10
49,54	19,20
49,57	19,34
49,59	19,43
49,62	19,58
49,64	19,68
49,67	19,84
49,69	19,98
49,71	20,12
49,74	20,25
49,76	20,43
49,79	20,56
49,81	20,75
49,84	20,87
49,86	21,01
49,89	21,20
49,91	21,37
49,93	21,52
49,96	21,71
49,98	21,82
50,01	22,02
50,03	22,21
50,06	22,39
50,08	22,57
50,10	22,77
50,13	22,96
50,15	23,20
50,18	23,39
50,20	23,58
50,23	23,76
50,25	23,95
50,28	24,14
50,30	24,35
50,32	24,53
50,35	24,73
50,37	24,93
50,40	25,16
50,42	25,41
50,45	25,63
50,47	25,86
50,50	26,10
50,52	26,33
50,54	26,56
50,57	26,77
50,59	26,95
50,62	27,19
50,64	27,38
50,67	27,59
50,69	27,79
50,72	28,02
50,74	28,25
50,76	28,49
50,79	28,69
50,81	28,96
50,84	29,17
50,86	29,43
50,89	29,61
50,91	29,81
50,94	30,00
50,96	30,24
50,98	30,41
51,01	30,64
51,03	30,81
51,06	31,06
51,08	31,27
51,11	31,51
51,13	31,68
51,15	31,91
51,18	32,07
51,20	32,28
51,23	32,45
51,25	32,63
51,28	32,75
51,30	32,92
51,33	33,03
51,35	33,24
51,37	33,37
51,40	33,54
51,42	33,69
51,45	33,86
51,47	34,01
51,50	34,16
51,52	34,25
51,55	34,39
51,57	34,46
51,59	34,57
51,62	34,67
51,64	34,77
51,67	34,86
51,69	34,97
51,72	35,04
51,74	35,15
51,77	35,21
51,79	35,29
51,81	35,33
51,84	35,38
51,86	35,39
51,89	35,46
51,91	35,45
51,94	35,49
51,96	35,49
51,99	35,50
52,01	35,49
52,03	35,50
52,06	35,46
52,08	35,49
52,11	35,45
52,13	35,42
52,16	35,38
52,18	35,35
52,20	35,28
52,23	35,21
52,25	35,12
52,28	35,07
52,30	34,97
52,33	34,89
52,35	34,79
52,38	34,71
52,40	34,61
52,42	34,51
52,45	34,39
52,47	34,27
52,50	34,15
52,52	34,02
52,55	33,88
52,57	33,73
52,60	33,56
52,62	33,41
52,64	33,26
52,67	33,10
52,69	32,95
52,72	32,78
52,74	32,66
52,77	32,49
52,79	32,31
52,82	32,11
52,84	31,92
52,86	31,71
52,89	31,51
52,91	31,27
52,94	31,08
52,96	30,87
52,99	30,70
53,01	30,51
53,04	30,31
53,06	30,11
53,08	29,96
53,11	29,77
53,13	29,60
53,16	29,37
53,18	29,19
53,21	28,98
53,23	28,80
53,26	28,58
53,28	28,41
53,30	28,18
53,33	28,04
53,35	27,86
53,38	27,72
53,40	27,54
53,43	27,41
53,45	27,24
53,47	27,13
53,50	26,95
53,52	26,81
53,55	26,64
53,57	26,52
53,60	26,35
53,62	26,25
53,65	26,13
53,67	26,04
53,69	25,93
53,72	25,86
53,74	25,79
53,77	25,73
53,79	25,65
53,82	25,61
53,84	25,53
53,87	25,47
53,89	25,43
53,91	25,39
53,94	25,35
53,96	25,32
53,99	25,28
54,01	25,28
54,04	25,28
54,06	25,28
54,09	25,32
54,11	25,33
54,13	25,37
54,16	25,43
54,18	25,48
54,21	25,54
54,23	25,61
54,26	25,64
54,28	25,72
54,31	25,78
54,33	25,87
54,35	25,97
54,38	26,08
54,40	26,16
54,43	26,27
54,45	26,37
54,48	26,49
54,50	26,55
54,52	26,67
54,55	26,78
54,57	26,93
54,60	27,05
54,62	27,23
54,65	27,37
54,67	27,57
54,70	27,72
54,72	27,88
54,74	28,00
54,77	28,19
54,79	28,30
54,82	28,50
54,84	28,65
54,87	28,84
54,89	29,05
54,92	29,26
54,94	29,44
54,96	29,68
54,99	29,86
55,01	30,10
55,04	30,30
55,06	30,52
55,09	30,72
55,11	30,93
55,14	31,12
55,16	31,34
55,18	31,53
55,21	31,76
55,23	31,95
55,26	32,19
55,28	32,47
55,31	32,74
55,33	32,96
55,36	33,24
55,38	33,49
55,40	33,76
55,43	33,98
55,45	34,19
55,48	34,43
55,50	34,67
55,53	34,89
55,55	35,16
55,57	35,38
55,60	35,66
55,62	35,94
55,65	36,19
55,67	36,48
55,70	36,73
55,72	36,95
55,75	37,23
55,77	37,43
55,79	37,65
55,82	37,88
55,84	38,11
55,87	38,34
55,89	38,57
55,92	38,80
55,94	39,07
55,97	39,31
55,99	39,55
56,01	39,81
56,04	40,05
56,06	40,33
56,09	40,54
56,11	40,80
56,14	41,01
56,16	41,25
56,19	41,40
56,21	41,63
56,23	41,78
56,26	41,98
56,28	42,14
56,31	42,38
56,33	42,56
56,36	42,81
56,38	42,98
56,41	43,22
56,43	43,40
56,45	43,58
56,48	43,69
56,50	43,86
56,53	43,96
56,55	44,12
56,58	44,24
56,60	44,39
56,62	44,51
56,65	44,70
56,67	44,82
56,70	44,97
56,72	45,07
56,75	45,20
56,77	45,28
56,80	45,38
56,82	45,44
56,84	45,53
56,87	45,60
56,89	45,67
56,92	45,71
56,94	45,81
56,97	45,88
56,99	45,97
57,02	46,02
57,04	46,07
57,06	46,11
57,09	46,15
57,11	46,15
57,14	46,17
57,16	46,17
57,19	46,16
57,21	46,15
57,24	46,14
57,26	46,10
57,28	46,10
57,31	46,04
57,33	46,00
57,36	45,91
57,38	45,82
57,41	45,73
57,43	45,67
57,46	45,56
57,48	45,49
57,50	45,36
57,53	45,28
57,55	45,18
57,58	45,08
57,60	44,97
57,63	44,78
57,65	44,58
57,68	44,45
57,70	44,28
57,72	44,14
57,75	44,00
57,77	43,80
57,80	43,68
57,82	43,54
57,85	43,36
57,87	43,23
57,89	43,04
57,92	42,82
57,94	42,65
57,97	42,45
57,99	42,26
58,02	42,08
58,04	41,82
58,07	41,60
58,09	41,39
58,11	41,17
58,14	40,98
58,16	40,76
58,19	40,54
58,21	40,37
58,24	40,19
58,26	39,97
58,29	39,80
58,31	39,58
58,33	39,41
58,36	39,21
58,38	39,00
58,41	38,81
58,43	38,65
58,46	38,42
58,48	38,27
58,51	38,07
58,53	37,92
58,55	37,72
58,58	37,59
58,60	37,45
58,63	37,34
58,65	37,19
58,68	37,08
58,70	36,92
58,73	36,83
58,75	36,67
58,77	36,55
58,80	36,42
58,82	36,33
58,85	36,21
58,87	36,16
58,90	36,06
58,92	36,02
58,94	35,99
58,97	35,97
58,99	35,95
59,02	35,92
59,04	35,89
59,07	35,89
59,09	35,89
59,12	35,89
59,14	35,89
59,16	35,88
59,19	35,90
59,21	35,95
59,24	35,99
59,26	36,00
59,29	36,03
59,31	36,05
59,34	36,14
59,36	36,20
59,38	36,30
59,41	36,39
59,43	36,49
59,46	36,59
59,48	36,73
59,51	36,81
59,53	36,98
59,56	37,06
59,58	37,19
59,60	37,30
59,63	37,43
59,65	37,52
59,68	37,72
59,70	37,83
59,73	38,01
59,75	38,15
59,78	38,37
59,80	38,57
59,82	38,79
59,85	38,92
59,87	39,14
59,90	39,32
59,92	39,56
59,95	39,73
59,97	39,90
59,99	40,04
